ID Pseudo hssp file.
SEQ 
SEQ gi|3914272|sp|O07883|PCP_THELI PYRROLIDONE-CARBOXYLATE PEPTIDASE...   425  e-118
SEQ gi|14521647|ref|NP_127123.1| PYRROLIDONE-CARBOXYLATE PEPTIDASE (...   258  4e-68
SEQ gi|6093661|sp|O58321|PCP_PYRHO PYRROLIDONE-CARBOXYLATE PEPTIDASE...   225  3e-58
SEQ gi|6093660|sp|O73944|PCP_PYRFU PYRROLIDONE-CARBOXYLATE PEPTIDASE...   223  2e-57
SEQ gi|13787025|pdb|1IOI|A Chain A, X-Ray Crystalline Structures Of ...   214  9e-55
SEQ gi|129705|sp|P28618|PCP_BACSU PYRROLIDONE-CARBOXYLATE PEPTIDASE ...   159  2e-38
SEQ gi|1172048|sp|P42673|PCP_PSEFL PYRROLIDONE-CARBOXYLATE PEPTIDASE...   156  2e-37
SEQ gi|266741|sp|Q01328|PCP_STRPY PYRROLIDONE-CARBOXYLATE PEPTIDASE ...   143  2e-33
SEQ gi|1172045|sp|P46107|PCP_BACAM PYRROLIDONE-CARBOXYLATE PEPTIDASE...   141  9e-33
SEQ gi|14548169|sp|Q9RL48|PCP_STRCO PYRROLIDONE-CARBOXYLATE PEPTIDAS...   138  8e-32
SEQ gi|6093662|sp|Q53596|PCP_STAAU PYRROLIDONE-CARBOXYLATE PEPTIDASE...   135  4e-31
SEQ gi|13702648|dbj|BAB43788.1| (AP003138) pyrrolidone-carboxylate p...   134  1e-30
SEQ gi|6093658|sp|O87765|PCP_LACLC PYRROLIDONE-CARBOXYLATE PEPTIDASE...   131  1e-29
SEQ gi|3647297|emb|CAA11699.1| (AJ223962) pyrrolidone carboxyl pepti...   131  1e-29
SEQ gi|14548168|sp|Q9K6U4|PCP_BACHD PYRROLIDONE-CARBOXYLATE PEPTIDAS...   130  1e-29
SEQ gi|14548170|sp|Q9RX25|PCP_DEIRA PYRROLIDONE-CARBOXYLATE PEPTIDAS...   121  7e-27
SEQ gi|6093659|sp|O07930|PCP_MYCTU PYRROLIDONE-CARBOXYLATE PEPTIDASE...   118  7e-26
SEQ gi|14548178|sp|P58201|PCP1_SULSO PYRROLIDONE-CARBOXYLATE PEPTIDA...   106  3e-22
SEQ gi|14548179|sp|P58202|PCP2_SULSO PYRROLIDONE-CARBOXYLATE PEPTIDA...    99  3e-20
SEQ gi|7107007|gb|AAF36226.1|AF168363_1 (AF168363) pyrrolidone carbo...    72  8e-12
SEQ gi|9954743|gb|AAG09094.1|AC009323_5 (AC009323) Unknown protein [...    66  5e-10
SEQ gi|13430708|gb|AAK25976.1|AF360266_1 (AF360266) unknown protein ...    62  7e-09
SEQ gi|12039349|gb|AAG46136.1|AC082644_18 (AC082644) putative pyrrol...    61  2e-08
SEQ gi|8923198|ref|NP_060182.1| hypothetical protein FLJ20208 [Homo ...    54  2e-06
SEQ gi|12963583|ref|NP_075706.1| RIKEN cDNA 2810003H13 gene [Mus mus...    53  3e-06
SEQ gi|9664603|gb|AAF97206.1|AF268611_32 (AF268611) bifunctional pyr...    51  1e-05
SEQ gi|13161881|emb|CAC33026.1| (AJ301641) hypothetical protein [Tak...    50  2e-05
SEQ gi|8778575|gb|AAF79583.1|AC007945_3 (AC007945) F28C11.8 [Arabido...    47  2e-04
SEQ 
## SEQUENCE PROFILE AND ENTROPY
 SeqNo PDBNo   V   L   I   M   F   W   Y   G   A   P   S   T   C   H   R   K   Q   E   N   D  NOCC NDEL NINS ENTROPY RELENT WEIGHT
    1    1     0   0   0 100   0   0   0   0   0   0   0   0   0   0   0   0   0   0   0   0     0    0    0   0.000      0  0.00
    2    2     0   0   0   0   0   0   0   0   0  17   8   8   0   0  17  50   0   0   0   0     0    0    0   1.358     45  0.00
    3    3     0   0   5   0   0   0   0   0  11   0   0  11   0   0  11  63   0   0   0   0     0    0    0   1.156     38  0.00
    4    4    64   4  28   0   0   0   0   0   4   0   0   0   0   0   0   0   0   0   0   0     0    0    0   0.900     30  0.00
    5    5    12  84   0   0   0   0   0   0   0   0   0   0   0   4   0   0   0   0   0   0     0    0    0   0.530     17  0.00
    6    6    52  30  19   0   0   0   0   0   0   0   0   0   0   0   0   0   0   0   0   0     0    0    0   1.013     33  0.00
    7    7     0   0   0   0   7   0   0   0   0   0   0  89   0   0   0   4   0   0   0   0     0    0    0   0.420     14  0.00
    8    8     0   0   0   0   0   0   0 100   0   0   0   0   0   0   0   0   0   0   0   0     0    0    0   0.000      0  0.00
    9    9     0   0   0   0 100   0   0   0   0   0   0   0   0   0   0   0   0   0   0   0     0    0    0   0.000      0  0.00
   10   10     0   0   0   4   0   0   0  15  11   0   0   0   0   0   0  11   4  37   0  19     0    0    0   1.695     56  0.00
   11   11     0   0   0   0   0   0   0   0   0  85   0   0   0   0   0  11   4   0   0   0     0    0    0   0.503     16  0.00
   12   12     0   0   0   0  96   0   4   0   0   0   0   0   0   0   0   0   0   0   0   0     0    0    0   0.158      5  0.00
   13   13     0  15   0   0   0   0   0  59   0   0   0   0   0  11   0   0   0   0   0  15     0    0    0   1.120     37  0.00
   14   14     4   0   0   0   0   0   0  44   0   0   0   4   0   0   0   4   4  19   7  15     0    0    0   1.637     54  0.00
   15   15    11   0   0   0   0   0  11   0   0   0   0   4   0  19   0   0   7  22   0  26     0    0    0   1.800     60  0.00
   16   16     4   0   0   0   0   0   0   0  11  11  15  19   0   0   4  22   0   0   4  11     0    0    0   2.028     67  0.00
   17   17    30   0  30   0   0   0   0   0   0   0   0   0   0   0   0  15   0  22   0   4     0    0    0   1.460     48  0.00
   18   18     0   0   0   0   0   0   0   0   0   0   0   0   0   0   0   0   0   0 100   0     0    0    0   0.000      0  0.00
   19   19     0   0   4   0   0   0   0   0  11  85   0   0   0   0   0   0   0   0   0   0     0    0    0   0.503     16  0.00
   20   20     0   0   0   0   0   0   0   0  15   0  48  37   0   0   0   0   0   0   0   0     0    0    0   1.003     33  0.00
   21   21     0   4   8   8   0  31   0   0   4   0   0   0   0   0   0   0  12  35   0   0     0    0    0   1.624     54  0.00
   22   22     0  11   7   0   0   4   0   0   4   0   0   0   0   0   7  15  15  33   0   4     0    0    0   1.928     64  0.00
   23   23     4   4  41   4   0   0   0   0  44   0   0   4   0   0   0   0   0   0   0   0     0    0    0   1.215     40  0.00
   24   24    56   0   4   0   0   0   0   0  41   0   0   0   0   0   0   0   0   0   0   0     0    0    0   0.814     27  0.00
   25   25     4   0   0   0   0   0   4   0   0   0   4   7   0   0   7  41  11  19   4   0     0    0    0   1.796     59  0.00
   26   26     0   4   0   0   7   0  15   0  11   0   4   0   0   0  15   4  15  19   0   7     0    0    0   2.157     71  0.00
   27   27     7  74   0   7   7   0   0   0   0   0   0   0   0   0   0   0   4   0   0   0     0    0    0   0.923     30  0.00
   28   28     0   0   0   0   0   0   0   0   7  15   4   0   0   4   0   0   0  26  19  26     0    0    0   1.732     57  0.00
   29   29     0   5   0   0   0   0   0  45   5   0   0   0   0   0  18  23   0   5   0   0     0    0    0   1.427     47  0.00
   30   30     4  11   7   0   4   0   0   0   7   0   7   0   0   0  19  15   0   4  11  11     0    0    0   2.272     75  0.00
   31   31     0   0  11   0   0   0   0  15   4   7   0  15   4   0   0  15  11  19   0   0     0    0    0   2.086     69  0.00
   32   32     4  27  54   0   4   0   0   0   0   4   0   4   0   0   0   0   0   4   0   0     0    0    0   1.313     43  0.00
   33   33     0   8   0   0   0   0   0  58  15   8   4   0   0   4   0   0   0   4   0   0     0    0    0   1.376     45  0.00
   34   34     0   0   0   0   0   0   0  31   0   4   4   8   0   0   0  15   0  12   8  19     0    0    0   1.862     62  0.00
   35   35     4   4   4   0   0   4   4   7  41   4  11   0   0   7   0   0   0   7   0   4     0    0    0   2.043     68  0.00
   36   36    11   7   4   7   0   0   0   4   4   0   7  11   0   0   0   7  15  22   0   0     0    0    0   2.243     74  0.00
   37   37    48   7  33   0   0   0   0   0   0   0   0   4   4   0   0   0   0   0   4   0     0    0    0   1.277     42  0.00
   38   38    19  11   7   0   7   0   7   0   0   0   0   7   0  11   4  11   0   4   0  11     0    0    0   2.304     76  0.00
   39   39     7   4   0   0   0   0   0  44  11   0  11   0   4   0   0  19   0   0   0   0     0    0    0   1.598     53  0.00
   40   40    11  15   4   0   0   0   7   0   7   0  11   0   0   4  26   4   0  11   0   0     0    0    0   2.117     70  0.00
   41   41    30   4  22   0   0   0   0   0   0   0   0   0   4   0   4   7   7  22   0   0     0    0    0   1.781     59  0.00
   42   42    11  68  18   0   0   0   0   0   0   0   0   4   0   0   0   0   0   0   0   0     0    0    0   0.929     31  0.00
   43   43     4   0   0   0   0   0   0   0   0  82   0   4   0   0   0   0   0   7   0   4     0    0    0   0.707     23  0.00
   44   44    50   4   4   0   0   0   0   0   0   0   0  32   7   0   0   0   0   0   4   0     0    0    0   1.257     41  0.00
   45   45    21   0   0   0   0   0   0   0  11   4  25   7   0   0   0   7   0  21   0   4     0    0    0   1.861     62  0.00
   46   46    14   0   4   0  54   0  14   7   0   4   0   4   0   0   0   0   0   0   0   0     0    0    0   1.436     47  0.00
   47   47     0   0   0   0   4   0   4  14   7   0   0   0   0   4   7  25  14  14   7   0     0    0    0   2.103     70  0.00
   48   48     7   0   0   0   0   0   4  11   4   0  11  11   0   0  14  29   0  11   0   0     0    0    0   2.020     67  0.00
   49   49    14   0   7   0   0   0   0   0  43   0  29   0   0   0   0   0   4   4   0   0     0    0    0   1.426     47  0.00
   50   50     0  14   7   0   0   0   0  11  11   0   0  18   0   0   7  11   7   7   0   7     0    0    0   2.246     74  0.00
   51   51     7   4   7   0   0   4   0   0  14   0   4   4   0   0   7   4   0  14   4  29     0    0    0   2.193     73  0.00
   52   52    25  14   7   0   0   0   4   0  11   0   4   7   4   0   0   7   4  11   0   4     0    0    0   2.264     75  0.00
   53   53    15  56  22   0   0   0   0   0   4   0   0   0   0   0   0   4   0   0   0   0     0    0    0   1.188     39  0.00
   54   54    11   7   0   0   0   0   7   0   0  11   0   7   0   0  11  18   7  11   7   4     0    0    0   2.326     77  0.00
   55   55     0   0   0   0   0   0   4   0  11   0   4   7   4   4  14  18  14   7   0  14     0    0    0   2.234     74  0.00
   56   56     7  21   4   0   4   0   7   4  21   0   0  14   0   7   0   7   0   4   0   0     0    0    0   2.168     72  0.00
   57   57     0  50  36   0   4  11   0   0   0   0   0   0   0   0   0   0   0   0   0   0     0    0    0   1.073     35  0.00
   58   58     0   0   0   0   4   0   0   0  18   0   4   0   0   0  11   7  11  32   4  11     0    0    0   1.936     64  0.00
   59   59     0   0   0   0   0   0   0   0   4   0  21   7   0   0   0  21   4  36   0   7     0    0    0   1.643     54  0.00
   60   60     7   7  21   4   4   0   4   0   0   0   4   7   0  14   4   0   7   7   7   4     0    0    0   2.453     81  0.00
   61   61     4   0   0   0   0   0   0  11   0   0   7   0   0  11   7  32  14   7   4   4     0    0    0   2.044     68  0.00
   62   62     4   0   0   0   0   4   7   4   0  75   0   0   0   0   0   4   4   0   0   0     0    0    0   0.999     33  0.00
   63   63     4   0   7   0   0   0   0   7   7   0   4   7   0   0   0   0  11   7   0  46     0    0    0   1.776     59  0.00
   64   64    14  25  32   4   0   0   7   0  14   0   0   0   0   0   0   0   0   0   0   4     0    0    0   1.694     56  0.00
   65   65    57   4  11   0   0   7   0   0   7   0   0  14   0   0   0   0   0   0   0   0     0    0    0   1.333     44  0.00
   66   66    14  43  39   0   4   0   0   0   0   0   0   0   0   0   0   0   0   0   0   0     0    0    0   1.127     37  0.00
   67   67     0   4   0   7   0   0   0   7  11   0   7   0  15  33   0   0   0   0  15   0     0    0    0   1.877     62  0.00
   68   68    25  32  25   0  11   0   0   0   0   0   0   7   0   0   0   0   0   0   0   0     0    0    0   1.486     49  0.00
   69   69     0   0   0   0   0   0   0 100   0   0   0   0   0   0   0   0   0   0   0   0     0    0    0   0.000      0  0.00
   70   70    25  39   0   0   0   0   0   4   0   0   0   0   0   0   0   0  29   4   0   0     0    0    0   1.310     43  0.00
   71   71     0   0   0   0   0   0   4   4  64   0  11   0   4   0   0   0   4   0  11   0     0    0    0   1.239     41  0.00
   72   72     0   0   0   0   0   0   0  43   7  36  11   0   4   0   0   0   0   0   0   0     0    0    0   1.278     42  0.00
   73   73     0   0   0  11   0   0   0  79   0   0   0   7   0   0   0   0   0   4   0   0     0    0    0   0.736     24  0.00
   74   74     0   0   0   0   0   0   7   0  21   0   0   4   4   0  64   0   0   0   0   0     0    0    0   1.041     34  0.00
   75   75     0   0   0   7   7   0   0   4   7   7  21  39   0   0   0   0   0   0   7   0     0    0    0   1.759     58  0.00
   76   76     0   0   0   4   0   0   0   7  14   0   0  11   0   7   4  21  11  11   7   4     0    0    0   2.249     75  0.00
   77   77    18  11  54   0  14   0   0   0   4   0   0   0   0   0   0   0   0   0   0   0     0    0    0   1.278     42  0.00
   78   78     0   0   0   0   0   0   0   0  14   0  18  64   0   0   4   0   0   0   0   0     0    0    0   0.989     33  0.00
   79   79    25  18  21   0   0   0   0   0   0  36   0   0   0   0   0   0   0   0   0   0     0    0    0   1.352     45  0.00
   80   80     0   0   0   0   0   0   0   0   0   0   0   0   0   0   0   0   0 100   0   0     0    0    0   0.000      0  0.00
   81   81     0   4   0   0   0   0   0   0   0   0   0   0   0   0  71  18   4   0   4   0     0    0    0   0.905     30  0.00
   82   82    46   4  21   0   0   0   0   0   0   0   0   0  11   0   4   0  14   0   0   0     0    0    0   1.442     48  0.00
   83   83     0   0   0   0   0   0   0  18  82   0   0   0   0   0   0   0   0   0   0   0     0    0    0   0.469     15  0.00
   84   84    36   0  46   0   0   0   0   0   0   0   0   0   0   7   4   0   7   0   0   0     0    0    0   1.220     40  0.00
   85   85     0   0   0   0   0   0   0   4   0   0   0   0   0   0   0   0   0   0  93   4     0    0    0   0.307     10  0.00
   86   86    13  17  25   4   0   0   8   0  13   0   0   0   0   0   0   0   4  17   0   0     0    0    0   1.936     64  0.00
   87   87     0   4  25   4   0   0   0   0  18   0   0   0   0   4   4  11   0   0  11  21     0    0    0   1.939     64  0.00
   88   88     0   0   0   0   0   0   7  11   0   0   0   7   0   7   0   0   0   4   4  61     0    0    0   1.346     44  0.00
   89   89     0   0   0   4  18   0  11   7  46   0  11   0   4   0   0   0   0   0   0   0     0    0    0   1.569     52  0.00
   90   90     0   0   0   0   0   0   0   7   0   0   0   0   0   0  79   7   4   0   4   0     0    0    0   0.805     26  0.00
   91   91     0   4  61   0   0   0   0  11   0   4   0   0  14   0   0   0   0   7   0   0     0    0    0   1.247     41  0.00
   92   92     0  11   0   0   0   0   0   7   4  64   4   0   0   0   0   0   7   4   0   0     0    0    0   1.257     41  0.00
   93   93     0   0   0   0   0   0   0   0   0   0   0   0   0   0   0   0   0   0   0 100     0    0    0   0.000      0  0.00
   94   94     0   0   0   0   0   0   0   0   0   0   0   0   4   0   4   0   0  14  79   0     0    0    0   0.705     23  0.00
   95   95     0  18   0   0   0   0   0   0  25   0   7   0   7   0   0   0   0  18   0  25     0    0    0   1.685     56  0.00
   96   96     0   0   0   0   0   0   0  82   0   0   4   0   0   0   7   0   0   0   0   7     0    0    0   0.658     21  0.00
   97   97     0   0   4   0  18  14  14   4   0   0   0   0   0   4   7  14   4  11   7   0     0    0    0   2.234     74  0.00
   98   98     4   0   0   0   0   0   0   0   4   0   0   4  11   0   0  25  54   0   0   0     0    0    0   1.277     42  0.00
   99   99     0   4  11   0   0   0  11   0   0  75   0   0   0   0   0   0   0   0   0   0     0    0    0   0.813     27  0.00
  100  100    14   7  32   0   0   0   0   7   0   0   0   0   0   0   7   7  14   7   0   4     0    0    0   1.982     66  0.00
  101  101     0   0   0   0   0   0   0  14   0   0   7   0   0   0  11   4   0   0  14  50     0    0    0   1.449     48  0.00
  102  102     0  11   0   0   0   0   0   0   4   0   0   7   0   7   0   0  21  50   0   0     0    0    0   1.412     47  0.00
  103  103     0   0   0   0   0   0   0   0  11  46   0   7  11   0   0  18   0   4   0   4     0    0    0   1.569     52  0.00
  104  104     7   0  79   0   0   0   0   0   0   0   0   4  11   0   0   0   0   0   0   0     0    0    0   0.736     24  0.00
  105  105    36   0   4   0   0   0   0   0   0   4  14   0   0  14   7   0   0  11   0  11     0    0    0   1.829     61  0.00
  106  106     4   7   0   0   0   0   0  11   7  29   7   0   0   0   0   0   7  29   0   0     0    0    0   1.828     61  0.00
  107  107     0   7   0   0   0   0   0  21   4   0   0   0   0   0   0   0   0   0   7  61     0    0    0   1.129     37  0.00
  108  108     0   0   0   0   0   0   0  75  18   0   0   0   0   0   0   0   0   0   0   7     0    0    0   0.712     23  0.00
  109  109     0   0   0   0   0   0   0   7   7  61   4   0   0   0   0   4   7   7   0   4     0    0    0   1.414     47  0.00
  110  110     4  11  14   0   0   0   0   0  32   7   0   7   0   0   0   0   0   7   7  11     0    0    0   1.994     66  0.00
  111  111     0   0   0   0   0   0   0   7  71   0  14   0   4   0   4   0   0   0   0   0     0    0    0   0.945     31  0.00
  112  112     0   0  18   0   4   0  64   0   0   0   0   4   0   0   0   7   0   0   4   0     0    0    0   1.137     37  0.00
  113  113     4   7   0   7  54   7   4   0   0   0   0   0   0   4   0   0   0   7   0   7     0    0    0   1.634     54  0.00
  114  114     0   0   0   0   0   0   0   0  21   0  36  43   0   0   0   0   0   0   0   0     0    0    0   1.061     35  0.00
  115  115     3   0   7   3   0   0   0   3   0   0   7  45   0   0   3   0  10   0  17   0     0    0    0   1.731     57  0.00
  116  116     7  59  24   0   0   0   0   0   0   0   0   3   7   0   0   0   0   0   0   0     0    0    0   1.141     38  0.00
  117  117     0   0   0   0   0   0   0   0   0  83   7   0   0   0   0   0   0   0   0  10     0    0    0   0.576     19  0.00
  118  118    45   3  28  10   0   0   0   0   0   0   0  14   0   0   0   0   0   0   0   0     0    0    0   1.339     44  0.00
  119  119     0   0   0   0   0   0   0   0   0   0   0   0   0   0  24  41   3  21   3   7     0    0    0   1.451     48  0.00
  120  120     3   0   0   0   0   0   0   0  48   0  10   0   0   0  10   7   0  14   0   7     0    0    0   1.579     52  0.00
  121  121    14  10  38  31   0   0   0   0   0   0   0   0   3   0   0   3   0   0   0   0     0    0    0   1.471     49  0.00
  122  122    31   3   3   7   7   0   0   0  10   0   0  21  10   0   3   0   0   0   3   0     0    0    0   1.992     66  0.00
  123  123     0   3   0   0   0   3   0   0  14   0   0   0   0   0   0  45  17  10   0   7     0    0    0   1.587     52  0.00
  124  124     0  14   0   0   0   0   0   0  31   0  10   7   0   0  14  10   0  10   3   0     0    0    0   1.914     63  0.00
  125  125    17  41  21  17   0   3   0   0   0   0   0   0   0   0   0   0   0   0   0   0     0    0    0   1.413     47  0.00
  126  126     0   0   7   0   0   0   0   0   0   0   0  10   0  10  31  21   3   3  10   3     0    0    0   1.926     64  0.00
  127  127     0   0   0   0   0   0   0   0   0   0   7   7   0   0   3  21   7  41   7   7     0    0    0   1.729     57  0.00
  128  128     0   7   0   3   0   3   0   0  28   0   3   0   0   3   7   7   7   7  24   0     0    0    0   2.085     69  0.00
  129  129     0   0   0   0   0   0   0  90   0   0   0   0   0   0   0   3   0   3   3   0     0    0    0   0.446     14  0.00
  130  130    24  14  45   0  17   0   0   0   0   0   0   0   0   0   0   0   0   0   0   0     0    0    0   1.279     42  0.00
  131  131     0   0   0   0   0   0   0   3   3  69   7   0   0   0   0   0   3  10   0   3     0    0    0   1.140     38  0.00
  132  132    24   0   0   0   0   0   0  10  52   3  10   0   0   0   0   0   0   0   0   0     0    0    0   1.270     42  0.00
  133  133    14   0   3   0   0   0   7   0  34   0  10  14   0   0   0   0   0  10   0   7     0    0    0   1.868     62  0.00
  134  134    34  24  24   3   0   0   0   0   0   3   0   3   0   0   0   0   7   0   0   0     0    0    0   1.586     52  0.00
  135  135     0   0   0   0   0   0   0   0   0   0 100   0   0   0   0   0   0   0   0   0     0    0    0   0.000      0  0.00
  136  136     3   7   0   0   0   0  21   0   0   0   0   3   0   0   0   0  10   0  38  17     0    0    0   1.648     55  0.00
  137  137     0   0   0   0   0   0   0   0   3   0  38  34   0   0   0   0   0   0   0  24     0    0    0   1.194     39  0.00
  138  138     0   0   0   0   0   0   0   0 100   0   0   0   0   0   0   0   0   0   0   0     0    0    0   0.000      0  0.00
  139  139     0   0   0   0   0   0   0 100   0   0   0   0   0   0   0   0   0   0   0   0     0    0    0   0.000      0  0.00
  140  140     0  10   0   0   0   0   0   0   0   0   7  55   0   3  24   0   0   0   0   0     0    0    0   1.206     40  0.00
  141  141     0   0   0   0  41   0  59   0   0   0   0   0   0   0   0   0   0   0   0   0     0    0    0   0.678     22  0.00
  142  142    59  41   0   0   0   0   0   0   0   0   0   0   0   0   0   0   0   0   0   0     0    0    0   0.678     22  0.00
  143  143     0   0   0   0   0   0   0   0   0   0   3   0  97   0   0   0   0   0   0   0     0    0    0   0.150      5  0.00
  144  144     0   0   0   0   0   0   0   0   0   0   0   0   0   0   0   0   0   0  90  10     0    0    0   0.333     11  0.00
  145  145     0   0   0   0  21   0  31   0   0   0   0   0   0  34   0   0   3   3   7   0     0    0    0   1.473     49  0.00
  146  146    52  14  10   0   0   0   0   0  10   0   0  14   0   0   0   0   0   0   0   0     0    0    0   1.357     45  0.00
  147  147     0  10   0  38  21   0  28   0   3   0   0   0   0   0   0   0   0   0   0   0     0    0    0   1.400     46  0.00
  148  148     0   0   0   0   7   0  93   0   0   0   0   0   0   0   0   0   0   0   0   0     0    0    0   0.251      8  0.00
  149  149     0  17   7   0   0   0   0  14   0   0   0  10   0  21   7   7  17   0   0   0     0    0    0   1.993     66  0.00
  150  150     4  17   8   4   0   0   0   0   8   0  38  21   0   0   0   0   0   0   0   0     0    0    0   1.672     55  0.00
  151  151    10  69   7   7   0   0   0   3   0   0   0   0   0   0   0   0   3   0   0   0     0    0    0   1.092     36  0.00
  152  152     0   0   0   0   0   0  14   7   0   0   0   0   0  38  21   0  10   3   0   7     0    0    0   1.687     56  0.00
  153  153     0  11   4   0  21   4  21   0   4   0   0   4   0  14   0   0   7  11   0   0     0    0    0   2.081     69  0.00
  154  154     4  21   7  11   0   0   0   4  21   0  32   0   0   0   0   0   0   0   0   0     0    0    0   1.691     56  0.00
  155  155     0   0   0   0   0   0   0   0  25   0   4   0   0  11  32   7   7  11   0   4     0    0    0   1.805     60  0.00
  156  156     0   4   9   0   0   0   0   0   4   0   0  26   0   0   4   4  17   9   0  22     0    0    0   1.957     65  0.00
  157  157     0   0   0   0   0   0   4   0   4   0   8   0   0   8   4  54   0  17   0   0     0    0    0   1.442     48  0.00
  158  158     0   0   0  12   4   0   0  50   0   4   0   0   4  12   0   8   4   0   0   4     0    0    0   1.669     55  0.00
  159  159     4   4   0   0  12   0  40   0   0  12   8   0   0  12   4   0   0   0   4   0     0    0    0   1.847     61  0.00
  160  160     0   0   0   0   0   0   0   5   5  55   0   0   0   9   0   5   0   5  14   5     0    0    0   1.523     50  0.00
  161  161    19  19  22   0   0   0   0  11   4   0   7   4   0   0   4  11   0   0   0   0     0    0    0   2.006     66  0.00
  162  162     0   7   3   7   0   0   0   0   3   7   0   0   0   0  38  34   0   0   0   0     0    0    0   1.520     50  0.00
  163  163     0   0   0   0   7   0   0  17  34   0  34   0   7   0   0   0   0   0   0   0     0    0    0   1.406     46  0.00
  164  164     0  17   0   0   0   0   0  72  10   0   0   0   0   0   0   0   0   0   0   0     0    0    0   0.772     25  0.00
  165  165     0   0   0   0  97   3   0   0   0   0   0   0   0   0   0   0   0   0   0   0     0    0    0   0.150      5  0.00
  166  166    24   7  52  14   0   0   0   0   3   0   0   0   0   0   0   0   0   0   0   0     0    0    0   1.258     41  0.00
  167  167     0   0   0   0   0   0   0   0   0   0   0   0   0 100   0   0   0   0   0   0     0    0    0   0.000      0  0.00
  168  168    66  10  21   0   3   0   0   0   0   0   0   0   0   0   0   0   0   0   0   0     0    0    0   0.954     31  0.00
  169  169     0   0   0   0   0   0   0   0   0 100   0   0   0   0   0   0   0   0   0   0     0    0    0   0.000      0  0.00
  170  170     0   9   0   0  23   5  55   0   5   0   0   0   5   0   0   0   0   0   0   0     0    0    0   1.307     43  0.00
  171  171     0  23  27   5   0   0   0   0   5   0   5  18   0   9   0   0   0   0   9   0     0    0    0   1.859     62  0.00
  172  172     0   0   0   5   0   0   0   0   9  73   0   0   0   0   0   5   0   9   0   0     0    0    0   0.949     31  0.00
  173  173     0   0   0   0   0   0   0   0   0   0  14   0   0   0   0   0   5  55   0  27     0    0    0   1.097     36  0.00
  174  174     5   5   0   0   0   0   9   0   0   0   0   0   0   0   0   0  82   0   0   0     0    0    0   0.663     22  0.00
  175  175    55   9   9   0   0   0   0   0  18   0   0   9   0   0   0   0   0   0   0   0     0    0    0   1.295     43  0.00
  176  176    39   6  28   0   0   0   0   0  28   0   0   0   0   0   0   0   0   0   0   0     0    0    0   1.239     41  0.00
  177  177     0   6   0   0   0   0   0  12   0   0   0  18   0   0  12   0   6  12  12  24     0    0    0   1.987     66  0.00
  178  178     0   0   0   0   0   0   0   0   0   0   0   0   0   7  21  64   0   0   0   7     0    0    0   0.991     33  0.00
  179  179     0   0  33   0  33   0   0   0   0   0   0   0   0  33   0   0   0   0   0   0     0    0    0   1.099     36  0.00
  180  180     0   0   0   0  33   0   0  33   0   0  17   0   0   0   0   0   0   0  17   0     0    0    0   1.330     44  0.00
  181  181     0 100   0   0   0   0   0   0   0   0   0   0   0   0   0   0   0   0   0   0     0    0    0   0.000      0  0.00
  182  182     0  43  29   0   0   0   0   0   0   0   0   0   0   0   0  29   0   0   0   0     0    0    0   1.079     36  0.00
  183  183     0   0   0   0   0   0   0  63   0   0   0   0   0   0   0   0  38   0   0   0     0    0    0   0.662     22  0.00
  184  184     0   0   0   0   0   0   0   0   0  29  12   0   0   0  12  35  12   0   0   0     0    0    0   1.483     49  0.00
  185  185    11   0   0   0   0   0   0   6   0   6  11   6   0   0   0   0   6  17  28  11     0    0    0   2.029     67  0.00
  186  186     6   0  11   0   0   0   0   0  11  11   0  56   0   0   6   0   0   0   0   0     0    0    0   1.380     46  0.00
  187  187     0   0   0   0   0   0   0   0   5  95   0   0   0   0   0   0   0   0   0   0     0    0    0   0.206      6  0.00
  188  188     0   0   0   0   0   0   0   0  21   0  79   0   0   0   0   0   0   0   0   0     0    0    0   0.515     17  0.00
  189  189     0  26   0  74   0   0   0   0   0   0   0   0   0   0   0   0   0   0   0   0     0    0    0   0.576     19  0.00
  190  190     0   0   0   0   0   0   0   0   5  11  58   0  16   0   0   0   0   0   5   5     0    0    0   1.310     43  0.00
  191  191     5  84   0   0   0   0  11   0   0   0   0   0   0   0   0   0   0   0   0   0     0    0    0   0.537     17  0.00
  192  192     0   0   0   0   0   0   0   0   0   0   0   0   0   0   0   5   5  37   0  53     0    0    0   1.016     33  0.00
  193  193     0  11   0  11   0   0   0   0  16   0   0  21   0   5   0   5   5   0   0  26     0    0    0   1.910     63  0.00
  194  194     0   5  26  16   0   0   0   0   5   0   0   0   0   0   0   0   0  32   0  16     0    0    0   1.608     53  0.00
  195  195    42  11  32   0   0   0   0   0   0   0   0  16   0   0   0   0   0   0   0   0     0    0    0   1.257     41  0.00
  196  196     0  16   0   0   0   0   0   0  21   0   0   0   0   0  26  26   0  11   0   0     0    0    0   1.559     52  0.00
  197  197     0   0   0   0   0   0   0  63  37   0   0   0   0   0   0   0   0   0   0   0     0    0    0   0.658     21  0.00
  198  198    26  26  47   0   0   0   0   0   0   0   0   0   0   0   0   0   0   0   0   0     0    0    0   1.057     35  0.00
  199  199     0   0   0   0   0   0   0   0   0   0   0  32   0   0  11  21   5  32   0   0     0    0    0   1.448     48  0.00
  200  200    11  26  21   0   0   0   0   0  42   0   0   0   0   0   0   0   0   0   0   0     0    0    0   1.281     42  0.00
  201  201     0   0   0   5   0   0   0   0  84   0  11   0   0   0   0   0   0   0   0   0     0    0    0   0.537     17  0.00
  202  202    17   0  72   6   0   0   0   0   6   0   0   0   0   0   0   0   0   0   0   0     0    0    0   0.855     28  0.00
  203  203     6   0   0   0   6   0   0   0   0   0   0   0   0   0  18  29   0  41   0   0     0    0    0   1.365     45  0.00
  204  204    42   0   0   0  17   0   0   0  17   0   0   8   0   0   0   8   8   0   0   0     0    0    0   1.583     52  0.00
  205  205     0   0  33   0   0   0   0   0  33   0  33   0   0   0   0   0   0   0   0   0     0    0    0   1.099     36  0.00
  206  206     9  64   0   0   0   0   0   0  18   0   0   0   0   0   0   0   9   0   0   0     0    0    0   1.034     34  0.00
  207  207     0   0   0   0   0   0   0   0   0   0  13   0   0   0   0   0  13  25   0  50     0    0    0   1.213     40  0.00
  208  208     0   0  13   0  13   0  38   0  13   0   0   0   0   0   0   0   0  25   0   0     0    0    0   1.494     49  0.00
  209  209     0  71   0   0   0   0   0   0   0   0   0   0   0   0  14   0   0   0   0  14     0    0    0   0.796     26  0.00
  210  210     0   0   0   0   0   0   0   0   0   0   0   0   0  20   0   0   0  80   0   0     0    0    0   0.500     16  0.00
  211  211     0   0   0   0   0   0   0   0   0   0  40   0   0   0   0  60   0   0   0   0     0    0    0   0.673     22  0.00
  212  212     0   0   0   0   0   0   0   0   0   0  20   0   0   0   0   0   0   0   0  80     0    0    0   0.500     16  0.00
  213  213     0   0   0   0   0   0   0   0   0   0   0   0   0  20  60   0  20   0   0   0     0    0    0   0.950     31  0.00
  214  214     0   0   0   0   0   0   0   0   0   0  25   0   0   0   0   0   0   0   0  75     0    0    0   0.562     18  0.00
  215  215     0   0   0   0   0   0   0   0   0   0   0   0   0   0   0   0   0   0   0 100     0    0    0   0.000      0  0.00
  216  216    20  40  40   0   0   0   0   0   0   0   0   0   0   0   0   0   0   0   0   0     0    0    0   1.055     35  0.00
  217  217     0   0   0   0   0   0   0   0   0   0   0   0   0   0  20  80   0   0   0   0     0    0    0   0.500     16  0.00
  218  218     0   0  75   0   0   0   0   0   0   0  25   0   0   0   0   0   0   0   0   0     0    0    0   0.562     18  0.00
  219  219     0   0   0   0   0   0   0   0  25  75   0   0   0   0   0   0   0   0   0   0     0    0    0   0.562     18  0.00
  220  220     0 100   0   0   0   0   0   0   0   0   0   0   0   0   0   0   0   0   0   0     0    0    0   0.000      0  0.00
//
