ID Pseudo hssp file.
SEQ 
SEQ gi|3318937|pdb|1A8Z|    Structure Determination Of A 16.8kda Cop...   276  1e-73
SEQ gi|2506225|sp|P24930|RUS2_THIFE RUSTICYANIN PRECURSOR (VERSION 2...   268  4e-71
SEQ gi|1943555|pdb|1CUR|    Reduced Rusticyanin, Nmr                      266  1e-70
SEQ gi|65848|pir||CUBCRT rusticyanin - Thiobacillus ferrooxidans >gi...   266  2e-70
SEQ gi|9955000|pdb|1E30|A Chain A, Crystal Structure Of The Met148gl...   265  2e-70
SEQ gi|3402027|pdb|1A3Z|    Reduced Rusticyanin At 1.9 Angstroms          265  3e-70
SEQ gi|401054|sp|P31372|RUS3_THIFE RUSTICYANIN (VERSION 3) >gi|42132...   263  7e-70
SEQ gi|2194027|pdb|1RCY|    Rusticyanin (Rc) From Thiobacillus Ferro...   261  4e-69
SEQ gi|134121|sp|P23742|RUS1_THIFE RUSTICYANIN (VERSION 1) >gi|97411...   258  3e-68
SEQ gi|10640845|emb|CAC12623.1| (AL445067) rusticyanin related prote...    73  2e-12
SEQ gi|13542283|ref|NP_111971.1| Rusticyanin [Thermoplasma volcanium...    58  5e-08
SEQ 
## SEQUENCE PROFILE AND ENTROPY
 SeqNo PDBNo   V   L   I   M   F   W   Y   G   A   P   S   T   C   H   R   K   Q   E   N   D  NOCC NDEL NINS ENTROPY RELENT WEIGHT
    1    1     0 100   0   0   0   0   0   0   0   0   0   0   0   0   0   0   0   0   0   0     0    0    0   0.000      0  0.00
    2    2     0   0   0   0   0   0   0   0   0   0   0   0   0   0   0   0   0   0   0 100     0    0    0   0.000      0  0.00
    3    3     0   0   0   0   0   0   0  10   0   0  30  60   0   0   0   0   0   0   0   0     0    0    0   0.898     29  0.00
    4    4     0   0   0   0   0   0   0   0   0   0  40  60   0   0   0   0   0   0   0   0     0    0    0   0.673     22  0.00
    5    5     0   0   0   0   0 100   0   0   0   0   0   0   0   0   0   0   0   0   0   0     0    0    0   0.000      0  0.00
    6    6     0   0   0   0   0   0   0   0   0   0   0   0   0   0   0 100   0   0   0   0     0    0    0   0.000      0  0.00
    7    7     0   0   0   0   0   0   0   0   0   0   0   0   0   0   0   0   0 100   0   0     0    0    0   0.000      0  0.00
    8    8     0   0   0   0   0   0   0   0 100   0   0   0   0   0   0   0   0   0   0   0     0    0    0   0.000      0  0.00
    9    9     0   0   0   0   0   0   0   0   0   0   0 100   0   0   0   0   0   0   0   0     0    0    0   0.000      0  0.00
   10   10     0 100   0   0   0   0   0   0   0   0   0   0   0   0   0   0   0   0   0   0     0    0    0   0.000      0  0.00
   11   11     0   0   0   0   0   0   0   0   0 100   0   0   0   0   0   0   0   0   0   0     0    0    0   0.000      0  0.00
   12   12     0   0   0   0   0   0   0   0   0   0   0   0   0   0   0   0  90  10   0   0     0    0    0   0.325     10  0.00
   13   13   100   0   0   0   0   0   0   0   0   0   0   0   0   0   0   0   0   0   0   0     0    0    0   0.000      0  0.00
   14   14     0   0   0   0   0   0   0   0   0   0   0   0   0   0   0 100   0   0   0   0     0    0    0   0.000      0  0.00
   15   15     0   0   0   0   0   0   0   0 100   0   0   0   0   0   0   0   0   0   0   0     0    0    0   0.000      0  0.00
   16   16     0   0   0 100   0   0   0   0   0   0   0   0   0   0   0   0   0   0   0   0     0    0    0   0.000      0  0.00
   17   17     0 100   0   0   0   0   0   0   0   0   0   0   0   0   0   0   0   0   0   0     0    0    0   0.000      0  0.00
   18   18     0   0   0   0   0   0   0   0   0   0   0   0   0   0   0   0  40  60   0   0     0    0    0   0.673     22  0.00
   19   19     0   0   0   0   0   0   0   0   0   0   0   0   0   0   0 100   0   0   0   0     0    0    0   0.000      0  0.00
   20   20     0   0   0   0   0   0   0   0   0   0   0   0   0   0   0   0   0   0   0 100     0    0    0   0.000      0  0.00
   21   21     0   0   0   0   0   0   0   0   0   0   0  80   0   0   0   0   0   0   0  20     0    0    0   0.500     16  0.00
   22   22     0   0   0   0   0   0   0 100   0   0   0   0   0   0   0   0   0   0   0   0     0    0    0   0.000      0  0.00
   23   23     0   0   0   0   0   0   0   0   0   0   0   0   0   0   0 100   0   0   0   0     0    0    0   0.000      0  0.00
   24   24    80   0   0   0   0   0   0   0  20   0   0   0   0   0   0   0   0   0   0   0     0    0    0   0.500     16  0.00
   25   25     0   0   0   0   0   0   0   0   9   0  91   0   0   0   0   0   0   0   0   0     0    0    0   0.305     10  0.00
   26   26     0   0   0   0   0   0   0  91   0   0   0   0   0   0   0   0   0   0   9   0     0    0    0   0.305     10  0.00
   27   27     0   0   0   0   0   0   0   0   0   0   9   0   0   0   0   0   0   0   0  91     0    0    0   0.305     10  0.00
   28   28     0   0   0   0   0   0   0   0   0   0   0 100   0   0   0   0   0   0   0   0     0    0    0   0.000      0  0.00
   29   29    91   0   9   0   0   0   0   0   0   0   0   0   0   0   0   0   0   0   0   0     0    0    0   0.305     10  0.00
   30   30     0   0   0   0   0   0   9   0   0   0   0  91   0   0   0   0   0   0   0   0     0    0    0   0.305     10  0.00
   31   31     9   0   0   0   0   0  91   0   0   0   0   0   0   0   0   0   0   0   0   0     0    0    0   0.305     10  0.00
   32   32     0   0   0   0   0   0   0   0   0   0  91   0   0   0   0   0   0   0   9   0     0    0    0   0.305     10  0.00
   33   33     0   0   0   0   0   0   0  91   0   0   0   0   0   0   0   0   0   0   9   0     0    0    0   0.305     10  0.00
   34   34     0   0   0   0   0   0   0   0   0   0   9   0   0   0   0  91   0   0   0   0     0    0    0   0.305     10  0.00
   35   35     0   0   0   0   0   0   0   0   0   0   0 100   0   0   0   0   0   0   0   0     0    0    0   0.000      0  0.00
   36   36    91   0   0   0   0   0   0   0   0   0   0   9   0   0   0   0   0   0   0   0     0    0    0   0.305     10  0.00
   37   37     0   9   0   0   0   0   0   0   0   0   0   0   0  91   0   0   0   0   0   0     0    0    0   0.305     10  0.00
   38   38    91   9   0   0   0   0   0   0   0   0   0   0   0   0   0   0   0   0   0   0     0    0    0   0.305     10  0.00
   39   39   100   0   0   0   0   0   0   0   0   0   0   0   0   0   0   0   0   0   0   0     0    0    0   0.000      0  0.00
   40   40     0   0   0   9   0   0   0   0  91   0   0   0   0   0   0   0   0   0   0   0     0    0    0   0.305     10  0.00
   41   41     0   0   0   0   0   0   0   0 100   0   0   0   0   0   0   0   0   0   0   0     0    0    0   0.000      0  0.00
   42   42     0   0   0   0   0   0   0   9  91   0   0   0   0   0   0   0   0   0   0   0     0    0    0   0.305     10  0.00
   43   43    91   0   0   0   0   0   0   0   0   9   0   0   0   0   0   0   0   0   0   0     0    0    0   0.305     10  0.00
   44   44     0  91   0   9   0   0   0   0   0   0   0   0   0   0   0   0   0   0   0   0     0    0    0   0.305     10  0.00
   45   45     0   0   0   0   0   0   0   0   0  91   0   0   0   0   0   0   0   0   0   9     0    0    0   0.305     10  0.00
   46   46     0   0   0   0   0   0   0 100   0   0   0   0   0   0   0   0   0   0   0   0     0    0    0   0.000      0  0.00
   47   47     0   0   0   0  91   0   0   0   0   9   0   0   0   0   0   0   0   0   0   0     0    0    0   0.305     10  0.00
   48   48     0   0   0   0   0   0   0   0   0  91   9   0   0   0   0   0   0   0   0   0     0    0    0   0.305     10  0.00
   49   49     0   0   0   9  91   0   0   0   0   0   0   0   0   0   0   0   0   0   0   0     0    0    0   0.305     10  0.00
   50   50     0   0   0   0   0   0   9   0   0  91   0   0   0   0   0   0   0   0   0   0     0    0    0   0.305     10  0.00
   51   51     0   0   0   0   0   0   0   0   0   0 100   0   0   0   0   0   0   0   0   0     0    0    0   0.000      0  0.00
   52   52     0   0   0   0 100   0   0   0   0   0   0   0   0   0   0   0   0   0   0   0     0    0    0   0.000      0  0.00
   53   53     0   0   0   0   0   0   0   0   0   0   0   0   0   0   0   0   0 100   0   0     0    0    0   0.000      0  0.00
   54   54    83   0  17   0   0   0   0   0   0   0   0   0   0   0   0   0   0   0   0   0     0    0    0   0.451     15  0.00
   55   55     0   8   0   0   0   0   0   0   0   0   0   0   0  83   0   0   0   8   0   0     0    0    0   0.566     18  0.00
   56   56     0   0   0   0   0   0   0   8   0   0   0   0   0   0   8   0   0   0   0  83     0    0    0   0.566     18  0.00
   57   57     0  17   0   0   0   0   0   0   0   0   0   0   0   0   0  83   0   0   0   0     0    0    0   0.451     15  0.00
   58   58     0   0   8   0   8   0   0   0   0   0   0   0   0   0   0  83   0   0   0   0     0    0    0   0.566     18  0.00
   59   59     0   0   0   0   0   0   0   0   0   0   0   0   0   0   0   0   0   0 100   0     0    0    0   0.000      0  0.00
   60   60     0   0   0   0   0   0   0   0   0 100   0   0   0   0   0   0   0   0   0   0     0    0    0   0.000      0  0.00
   61   61     0   0   0   0   0   0   0   0   0   0   0 100   0   0   0   0   0   0   0   0     0    0    0   0.000      0  0.00
   62   62     0  83  17   0   0   0   0   0   0   0   0   0   0   0   0   0   0   0   0   0     0    0    0   0.451     15  0.00
   63   63    17   0   0   0   0   0   0   0   0   0   0   0   0   0   0   0   0  50   0  33     0    0    0   1.011     33  0.00
   64   64     8   0  92   0   0   0   0   0   0   0   0   0   0   0   0   0   0   0   0   0     0    0    0   0.287      9  0.00
   65   65     0   0   0   0   0   0   0   0   0  83   0   0   0   0   8   8   0   0   0   0     0    0    0   0.566     18  0.00
   66   66     0   0   0   0   0   0   0   0  83   0   0   0   0   0   0   0   0  17   0   0     0    0    0   0.451     15  0.00
   67   67     0   0   0   0   0   0   0 100   0   0   0   0   0   0   0   0   0   0   0   0     0    0    0   0.000      0  0.00
   68   68    17   0   0   0   0   0   0   0  83   0   0   0   0   0   0   0   0   0   0   0     0    0    0   0.451     15  0.00
   69   69     0   0   0   0   0   0   0   0   0   0   8  92   0   0   0   0   0   0   0   0     0    0    0   0.287      9  0.00
   70   70   100   0   0   0   0   0   0   0   0   0   0   0   0   0   0   0   0   0   0   0     0    0    0   0.000      0  0.00
   71   71     0   0   0   0   0   0   0   0   0   0   0   0   0  17   0   0   0   0   0  83     0    0    0   0.451     15  0.00
   72   72    83   0   0   0  17   0   0   0   0   0   0   0   0   0   0   0   0   0   0   0     0    0    0   0.451     15  0.00
   73   73     8   0   8   0   0   0   0   0   0   0   0  83   0   0   0   0   0   0   0   0     0    0    0   0.566     18  0.00
   74   74    17   0   0   0  83   0   0   0   0   0   0   0   0   0   0   0   0   0   0   0     0    0    0   0.451     15  0.00
   75   75     8   0  92   0   0   0   0   0   0   0   0   0   0   0   0   0   0   0   0   0     0    0    0   0.287      9  0.00
   76   76     0   0   0   0   0   0   0   0   0   0   0   0   0   0   0   0   0   0 100   0     0    0    0   0.000      0  0.00
   77   77     8   0   8   0   0   0   0   0   0   0   0  83   0   0   0   0   0   0   0   0     0    0    0   0.566     18  0.00
   78   78     0   0   0   0   0   0   0   0   0   0   0   0   0   0   0   0   0   0  83  17     0    0    0   0.451     15  0.00
   79   79     0   0   0   0   0   0   0   0   0   0   0  17   0   0   0  83   0   0   0   0     0    0    0   0.451     15  0.00
   80   80     0   0   0   0   0   0   0  83   0   0   0   0   0   0   0   0   0   0   0  17     0    0    0   0.451     15  0.00
   81   81     0   0   0   0  83   0   0   0   0   0  17   0   0   0   0   0   0   0   0   0     0    0    0   0.451     15  0.00
   82   82     0   0   0   0   0   0   8  83   0   0   0   0   0   0   0   0   0   8   0   0     0    0    0   0.566     18  0.00
   83   83     0   0   0   0   0   0   0   0   0   0   0   0   0 100   0   0   0   0   0   0     0    0    0   0.000      0  0.00
   84   84     0   0   0   0   0   0   0   0   0   0  83   0   0   0   0   0   0   0  17   0     0    0    0   0.451     15  0.00
   85   85     0   0   0   0 100   0   0   0   0   0   0   0   0   0   0   0   0   0   0   0     0    0    0   0.000      0  0.00
   86   86     8   0   0   0   0   0   0   0   8   0   0   0   0   0   0   0   0   0   0  83     0    0    0   0.566     18  0.00
   87   87     0   8  92   0   0   0   0   0   0   0   0   0   0   0   0   0   0   0   0   0     0    0    0   0.287      9  0.00
   88   88     0   0   0   0   0   0   0   0   0   0  17  83   0   0   0   0   0   0   0   0     0    0    0   0.451     15  0.00
   89   89     0   0   0   0   0   0   0   0   0   0   0   8   0   0   0  67  17   0   8   0     0    0    0   0.983     32  0.00
   90   90     0   0   0   0   0   0   0   0   0   0   0   0   0   0  17  83   0   0   0   0     0    0    0   0.451     15  0.00
   91   91     0   0   0   0   0   0   0  83   0   0   0  17   0   0   0   0   0   0   0   0     0    0    0   0.451     15  0.00
   92   92     0   0   0   0   0   0   0   0   0 100   0   0   0   0   0   0   0   0   0   0     0    0    0   0.000      0  0.00
   93   93     0   0   0   0   0   0   0   0   0 100   0   0   0   0   0   0   0   0   0   0     0    0    0   0.000      0  0.00
   94   94     0   0   0   0  33   0  67   0   0   0   0   0   0   0   0   0   0   0   0   0     0    0    0   0.637     21  0.00
   95   95     0   0   0   0   0   0   0   0  83  17   0   0   0   0   0   0   0   0   0   0     0    0    0   0.451     15  0.00
   96   96    83   0   0   0   0   0  17   0   0   0   0   0   0   0   0   0   0   0   0   0     0    0    0   0.451     15  0.00
   97   97     0   0   0 100   0   0   0   0   0   0   0   0   0   0   0   0   0   0   0   0     0    0    0   0.000      0  0.00
   98   98     8   0   0   0   0   0   0   0   0  83   8   0   0   0   0   0   0   0   0   0     0    0    0   0.566     18  0.00
   99   99    67   0   0   0   0   0   0  17   0   0   0   0   0   0   0   0   0   0  17   0     0    0    0   0.868     28  0.00
  100  100     0   0  83  17   0   0   0   0   0   0   0   0   0   0   0   0   0   0   0   0     0    0    0   0.451     15  0.00
  101  101     0   0   0   0   0   0   0   0   0   0   0   0   0   0   0  18   0   9   0  73     0    0    0   0.760     25  0.00
  102  102     0   0   0   0   0   0   9   0   0  91   0   0   0   0   0   0   0   0   0   0     0    0    0   0.305     10  0.00
  103  103     0   0  91   9   0   0   0   0   0   0   0   0   0   0   0   0   0   0   0   0     0    0    0   0.305     10  0.00
  104  104    91   0   0   0   0   0   0   9   0   0   0   0   0   0   0   0   0   0   0   0     0    0    0   0.305     10  0.00
  105  105     0   0   0   8   0   0   0   0  83   0   8   0   0   0   0   0   0   0   0   0     0    0    0   0.566     18  0.00
  106  106     0   0   0   0   0   0   0 100   0   0   0   0   0   0   0   0   0   0   0   0     0    0    0   0.000      0  0.00
  107  107     0   8   0   8   0   0   0   0   0   0   0  83   0   0   0   0   0   0   0   0     0    0    0   0.566     18  0.00
  108  108     0   0   0   0   0   0   0 100   0   0   0   0   0   0   0   0   0   0   0   0     0    0    0   0.000      0  0.00
  109  109     0   0   0   0 100   0   0   0   0   0   0   0   0   0   0   0   0   0   0   0     0    0    0   0.000      0  0.00
  110  110     0   8   0   0   0   0   0   0   0   0  83   0   0   0   0   0   0   8   0   0     0    0    0   0.566     18  0.00
  111  111     0   0   0   0   0   0   0   0   0 100   0   0   0   0   0   0   0   0   0   0     0    0    0   0.000      0  0.00
  112  112    92   0   0   0   0   0   0   0   0   8   0   0   0   0   0   0   0   0   0   0     0    0    0   0.287      9  0.00
  113  113     0   0   0   0   0   0   0   0   0  83   0   8   0   8   0   0   0   0   0   0     0    0    0   0.566     18  0.00
  114  114     0   0   0   0   0   0   0   0   0   0   8   0   0   0   0  83   0   0   8   0     0    0    0   0.566     18  0.00
  115  115     0   0   0   0   0   0   0   0   0   0   8   0   0   0   0   0   0   0   0  92     0    0    0   0.287      9  0.00
  116  116     0   0   0   0   0   0   0 100   0   0   0   0   0   0   0   0   0   0   0   0     0    0    0   0.000      0  0.00
  117  117     0   8   0   0   0   0   0   0   0   0   0   0   0   8   0  83   0   0   0   0     0    0    0   0.566     18  0.00
  118  118     0   0   0   0  92   0   8   0   0   0   0   0   0   0   0   0   0   0   0   0     0    0    0   0.287      9  0.00
  119  119     0   0   0   0   0   0   8  83   8   0   0   0   0   0   0   0   0   0   0   0     0    0    0   0.566     18  0.00
  120  120     0   0   0   0   0   0 100   0   0   0   0   0   0   0   0   0   0   0   0   0     0    0    0   0.000      0  0.00
  121  121     0   0   0   0   0   0   8   0   0   0  25  67   0   0   0   0   0   0   0   0     0    0    0   0.824     27  0.00
  122  122     0   0   0   0   0   0   0   0   0   0   0   0   0   0   0   0   0  25  25  50     0    0    0   1.040     34  0.00
  123  123     0   0   0   0 100   0   0   0   0   0   0   0   0   0   0   0   0   0   0   0     0    0    0   0.000      0  0.00
  124  124     0   0   0   0   0   0   0   0   0   0   8  83   0   0   0   0   0   0   8   0     0    0    0   0.566     18  0.00
  125  125     0   0   0   0   0  83  17   0   0   0   0   0   0   0   0   0   0   0   0   0     0    0    0   0.451     15  0.00
  126  126     0   0   0   0  17   0   0   0   0   0   0   0   0  83   0   0   0   0   0   0     0    0    0   0.451     15  0.00
  127  127     0   0   0   0   0   0   0   0   0  83  17   0   0   0   0   0   0   0   0   0     0    0    0   0.451     15  0.00
  128  128     0   0   0   0   0   0   0   0   0   0   8  83   0   0   0   0   8   0   0   0     0    0    0   0.566     18  0.00
  129  129     0   0   8   0   0   0   0   0  83   0   8   0   0   0   0   0   0   0   0   0     0    0    0   0.566     18  0.00
  130  130     0   0   0   0   0   0   0 100   0   0   0   0   0   0   0   0   0   0   0   0     0    0    0   0.000      0  0.00
  131  131     0   0   0   0   0   0   0   0   0   0   0  92   0   0   0   0   0   0   0   8     0    0    0   0.287      9  0.00
  132  132     0   0   0   0   0   0 100   0   0   0   0   0   0   0   0   0   0   0   0   0     0    0    0   0.000      0  0.00
  133  133     0   0   0   0   0  17  83   0   0   0   0   0   0   0   0   0   0   0   0   0     0    0    0   0.451     15  0.00
  134  134     0   0   0   0   0   0 100   0   0   0   0   0   0   0   0   0   0   0   0   0     0    0    0   0.000      0  0.00
  135  135    83  17   0   0   0   0   0   0   0   0   0   0   0   0   0   0   0   0   0   0     0    0    0   0.451     15  0.00
  136  136     0   0   0   0   0   0   0   0   0   0   0   0 100   0   0   0   0   0   0   0     0    0    0   0.000      0  0.00
  137  137     0   0   0   0   0   0   0   0   0   0   0  17   0   0   0   0  83   0   0   0     0    0    0   0.451     15  0.00
  138  138     0   0  83   0   0   0  17   0   0   0   0   0   0   0   0   0   0   0   0   0     0    0    0   0.451     15  0.00
  139  139     0   0   0   0   0   0   0   0   0 100   0   0   0   0   0   0   0   0   0   0     0    0    0   0.000      0  0.00
  140  140     0   0   0   0   0   0   0 100   0   0   0   0   0   0   0   0   0   0   0   0     0    0    0   0.000      0  0.00
  141  141     0   0   0   0   0   0   0   0   0   0   0   0   0 100   0   0   0   0   0   0     0    0    0   0.000      0  0.00
  142  142     0   0   0   0   0   0   0   0 100   0   0   0   0   0   0   0   0   0   0   0     0    0    0   0.000      0  0.00
  143  143     0   0   0   0   0   0   0   0  83   0   0   0   0   0   0   0   0  17   0   0     0    0    0   0.451     15  0.00
  144  144     0   0   0   0   0   0   0   0   0   0   0  83   0   0   0   0   0   0  17   0     0    0    0   0.451     15  0.00
  145  145     0   0   0   0   0   0   0 100   0   0   0   0   0   0   0   0   0   0   0   0     0    0    0   0.000      0  0.00
  146  146     0   0   0  92   0   0   0   0   0   0   0   0   0   0   0   0   8   0   0   0     0    0    0   0.287      9  0.00
  147  147     0   0   0   0  83   0  17   0   0   0   0   0   0   0   0   0   0   0   0   0     0    0    0   0.451     15  0.00
  148  148     0   0   0   0   0   0   0 100   0   0   0   0   0   0   0   0   0   0   0   0     0    0    0   0.000      0  0.00
  149  149     0   0   0   0   0   0   0   0   0   0   0   0   0   0   0  92   0   8   0   0     0    0    0   0.287      9  0.00
  150  150     0   0 100   0   0   0   0   0   0   0   0   0   0   0   0   0   0   0   0   0     0    0    0   0.000      0  0.00
  151  151    67   0  33   0   0   0   0   0   0   0   0   0   0   0   0   0   0   0   0   0     0    0    0   0.637     21  0.00
  152  152   100   0   0   0   0   0   0   0   0   0   0   0   0   0   0   0   0   0   0   0     0    0    0   0.000      0  0.00
  153  153     0   0   0   0   0   0   0   0   0   0   0   0   0   0   9  91   0   0   0   0     0    0    0   0.305     10  0.00
//
