ID Pseudo hssp file.
SEQ 
SEQ gi|145191|gb|AAA23413.1| (M10315) Ada polyprotein [Escherichia c...   182  1e-45
SEQ gi|12516548|gb|AAG57348.1|AE005453_5 (AE005453) O6-methylguanine...   176  8e-44
SEQ gi|461468|sp|P06134|ADA_ECOLI ADA REGULATORY PROTEIN (REGULATORY...   176  8e-44
SEQ gi|145189|gb|AAA23412.1| (M10211) Ada regulatory protein [Escher...   176  8e-44
SEQ gi|493804|pdb|1ADN|    N-Ada 10 (Dna Methylphosphotriester Repai...   163  7e-40
SEQ gi|113341|sp|P26189|ADA_SALTY ADA REGULATORY PROTEIN (REGULATORY...   119  7e-27
SEQ gi|14348601|gb|AAK61311.1|AF295359_2 (AF295359) methyltransferas...    90  6e-18
SEQ gi|13471775|ref|NP_103342.1| O6-methylguanine-DNA methyltransfer...    82  2e-15
SEQ gi|113333|sp|P19219|ADAA_BACSU METHYLPHOSPHOTRIESTER-DNA ALKYLTR...    81  5e-15
SEQ gi|7480421|pir||T34663 probable ADA-like regulatory protein - St...    76  2e-13
SEQ gi|10173007|dbj|BAB04113.1| (AP001508) methylphosphotriester-DNA...    75  2e-13
SEQ gi|12723416|gb|AAK04630.1|AE006287_9 (AE006287) methylphosphotri...    73  1e-12
SEQ gi|11354389|pir||G82390 ada regulatory protein VCA1018 [imported...    72  2e-12
SEQ gi|11350688|pir||H83380 O6-methylguanine-DNA methyltransferase P...    67  5e-11
SEQ gi|11351445|pir||F83195 probable methylated-DNA--protein-cystein...    66  9e-11
SEQ gi|13421934|gb|AAK22694.1| (AE005746) ada regulatory protein, in...    66  1e-10
SEQ gi|1703165|sp|Q10630|ADA_MYCTU PUTATIVE ADA REGULATORY PROTEIN (...    64  4e-10
SEQ gi|7480422|pir||T35948 probable ADA-like regulatory protein - St...    61  5e-09
SEQ gi|145199|gb|AAA23418.1| (M13155) ada polyprotein [Escherichia c...    60  7e-09
SEQ gi|145197|gb|AAA23417.1| (M13828) O-6-methylguanine-DNA methyltr...    55  2e-07
SEQ gi|2935421|gb|AAC25987.1| (AF047839) adaptive response regulator...    55  2e-07
SEQ 
## SEQUENCE PROFILE AND ENTROPY
 SeqNo PDBNo   V   L   I   M   F   W   Y   G   A   P   S   T   C   H   R   K   Q   E   N   D  NOCC NDEL NINS ENTROPY RELENT WEIGHT
    1    1     0   0   0 100   0   0   0   0   0   0   0   0   0   0   0   0   0   0   0   0     0    0    0   0.000      0  0.00
    2    2     0   0   0   0   0   0   0   0   0   0   0  10   0   0   0  90   0   0   0   0     0    0    0   0.325     10  0.00
    3    3     0   0   0   0   0   0   0   0  10   0   0   0   0   0   0  80   0   0  10   0     0    0    0   0.639     21  0.00
    4    4     0   0   0   0   0   0   0   0  90  10   0   0   0   0   0   0   0   0   0   0     0    0    0   0.325     10  0.00
    5    5     0  10   0   0   0   0   0   0   0   0   0  90   0   0   0   0   0   0   0   0     0    0    0   0.325     10  0.00
    6    6     0   0   0   0   0   0  11   0   0   0   0   0  89   0   0   0   0   0   0   0     0    0    0   0.349     11  0.00
    7    7     9  82   0   0   0   0   0   0   0   9   0   0   0   0   0   0   0   0   0   0     0    0    0   0.600     20  0.00
    8    8     0   0   8   0   0   0   0   0   0   0   0  85   0   0   0   0   0   0   0   8     0    0    0   0.536     17  0.00
    9    9     0   0   0   0   0   0   0   0   0   0   0   0   0   0   0   0   0   6   0  94     0    0    0   0.234      7  0.00
   10   10     0   0   0   0   0   0   0   0   0   0   0   5   0   0   0   5   0   5  10  75     0    0    0   0.895     29  0.00
   11   11     5   0   0   0   0   0   0   0   5  10   0   5   0   0   5   0  45  25   0   0     0    0    0   1.535     51  0.00
   12   12     0   5   0   0   0   0  10   0   0   0   0   5   5   0  70   5   0   0   0   0     0    0    0   1.079     36  0.00
   13   13     0   0   0   0   0  76  19   0   0   0   0   0   5   0   0   0   0   0   0   0     0    0    0   0.668     22  0.00
   14   14     0   5   0   0   0   0   0   0  14   0   0   0   0   0  10   0  57  10   5   0     0    0    0   1.336     44  0.00
   15   15     0   0   5   0   0   0   0   0  43   0  38   0   0   0  10   0   5   0   0   0     0    0    0   1.245     41  0.00
   16   16    62  14  24   0   0   0   0   0   0   0   0   0   0   0   0   0   0   0   0   0     0    0    0   0.917     30  0.00
   17   17    14  50   5   5   0   0   0   0   0   0   0   0   0   0   9   5  14   0   0   0     0    0    0   1.529     51  0.00
   18   18     0   0   0   0   0   0   0   0  64   0  23   0   0   0   0   0   0   0   9   5     0    0    0   0.983     32  0.00
   19   19     0   0   0   0   0   0   0   0   0   0   0   0   5   0  68  18   0   0   9   0     0    0    0   0.930     31  0.00
   20   20     0   0   0   0   0   0   0   0   0   0   0   0   0   0   0   0   0   0   5  95     0    0    0   0.185      6  0.00
   21   21     0   0   0   0   0   0   0   0  27  45   5   5   0   0   5   9   5   0   0   0     0    0    0   1.493     49  0.00
   22   22     0   0   0   0   0   0   0   0  23   0  14   0   0   0  18   0   5   0  41   0     0    0    0   1.425     47  0.00
   23   23     0   0   0   0  23   0  18   0  59   0   0   0   0   0   0   0   0   0   0   0     0    0    0   0.958     31  0.00
   24   24     0   5   0   0   0   0   0   0   0   0   0   0   0   0   0   0   5   0   5  86     0    0    0   0.548     18  0.00
   25   25     0   0   0   0   0   0   0  91   0   0   0   0   0   0   0   0   0   0   9   0     0    0    0   0.305     10  0.00
   26   26     5   0   0   0   5   9   0   0  14   0   0   0   5   0  14   5   5  41   0   0     0    0    0   1.830     61  0.00
   27   27     0   5   0   0  91   0   0   0   5   0   0   0   0   0   0   0   0   0   0   0     0    0    0   0.368     12  0.00
   28   28    52   0   0   0  24  10  14   0   0   0   0   0   0   0   0   0   0   0   0   0     0    0    0   1.182     39  0.00
   29   29    14   0   5   0  43   0  29   0   5   0   0   5   0   0   0   0   0   0   0   0     0    0    0   1.434     47  0.00
   30   30     0   0   0   0   0   0   0  15  75   0   5   0   5   0   0   0   0   0   0   0     0    0    0   0.800     26  0.00
   31   31   100   0   0   0   0   0   0   0   0   0   0   0   0   0   0   0   0   0   0   0     0    0    0   0.000      0  0.00
   32   32     0  10   0   0   0   0   0   0  10   0   0   5   0   0  45  25   0   5   0   0     0    0    0   1.466     48  0.00
   33   33     0   0   0   0   0   0   0   0   0   0  15  85   0   0   0   0   0   0   0   0     0    0    0   0.423     14  0.00
   34   34     0   0   0   0   0   0   0   0   0   0   0 100   0   0   0   0   0   0   0   0     0    0    0   0.000      0  0.00
   35   35     0   0   0   5   0   0   0  85   0   0   0   0   0   0   0   5   5   0   0   0     0    0    0   0.588     19  0.00
   36   36    30   0  70   0   0   0   0   0   0   0   0   0   0   0   0   0   0   0   0   0     0    0    0   0.611     20  0.00
   37   37     0   0   0   0  60   0  40   0   0   0   0   0   0   0   0   0   0   0   0   0     0    0    0   0.673     22  0.00
   38   38     0   0   0   0   0   0   0   0   0   0   0   0 100   0   0   0   0   0   0   0     0    0    0   0.000      0  0.00
   39   39     5   0   5   0   0   0   0   0   0   0   0   0   0   0  85   5   0   0   0   0     0    0    0   0.588     19  0.00
   40   40     0   5   0   0   0   0   0   0  10  85   0   0   0   0   0   0   0   0   0   0     0    0    0   0.518     17  0.00
   41   41     0   0   5   0   0   0   0   0   0   0  85  10   0   0   0   0   0   0   0   0     0    0    0   0.518     17  0.00
   42   42     0   0   0   0   0   0   0   0   0   0   5   0  95   0   0   0   0   0   0   0     0    0    0   0.199      6  0.00
   43   43     5   0   0   0   0   0   0   5   0  35  10   0   0   0  40   5   0   0   0   0     0    0    0   1.414     47  0.00
   44   44    10   0   0   0   0   0   0   5  55   0  30   0   0   0   0   0   0   0   0   0     0    0    0   1.070     35  0.00
   45   45    10   0   0   0   0   0   0   0   0   0   0   0   0   0  75  10   0   0   5   0     0    0    0   0.826     27  0.00
   46   46     5  11   0   0   0   0   0   0   0  11   0  11   0  32  21  11   0   0   0   0     0    0    0   1.795     59  0.00
   47   47     0   0   0   0   0   0   0   0  45  55   0   0   0   0   0   0   0   0   0   0     0    0    0   0.688     22  0.00
   48   48     0  40   0   0   5   0   0   0   0   0   0   0   0   0   5  45   0   0   5   0     0    0    0   1.175     39  0.00
   49   49     0   0   0   0   0   0   0   0   5  15   0   0   0   0  65  10   0   5   0   0     0    0    0   1.094     36  0.00
   50   50     0   0   0   0   0   0   0  10   5   0   0   0   0   0  10  10   0  65   0   0     0    0    0   1.121     37  0.00
   51   51     0   0   0   0   0   0   0   0   0   0   0   0   0   0   0   0   0   0 100   0     0    0    0   0.000      0  0.00
   52   52    90   0   0   5   0   0   0   0   0   0   0   5   0   0   0   0   0   0   0   0     0    0    0   0.394     13  0.00
   53   53     0  10   0   0   0   0   0   0   5   0  35   5   5   0  15   0   5  15   0   5     0    0    0   1.916     63  0.00
   54   54     0  10  15   0  70   0   5   0   0   0   0   0   0   0   0   0   0   0   0   0     0    0    0   0.914     30  0.00
   55   55     0   5   0   0  40   0  40   0   0   0   0   0   5  10   0   0   0   0   0   0     0    0    0   1.263     42  0.00
   56   56     0   0   0   0   0   0   0   0  55  15  10   0   0   5   0   0   5   0   0  10     0    0    0   1.373     45  0.00
   57   57     0   0   0   0   0   0   0   0   5   0  20  25   0   0   0   0   0   5  40   5     0    0    0   1.484     49  0.00
   58   58     5   5   5   0   0   0   0   0  60   5   0   5   0   5   5   0   5   0   0   0     0    0    0   1.505     50  0.00
   59   59     0   0   0   0   0   0   0   0  30   0  30   0   0   0   0  10   5  25   0   0     0    0    0   1.449     48  0.00
   60   60     0   5   0   0   0   0   0   5  25   0   0   0   0   0   0   0  25  35   0   5     0    0    0   1.510     50  0.00
   61   61     0   0   0   0   0   0   0   0  85   5   0   0  10   0   0   0   0   0   0   0     0    0    0   0.518     17  0.00
   62   62    10  50   0   0   0   0   0   0   0   0   0   0   0   5  10   5  15   5   0   0     0    0    0   1.541     51  0.00
   63   63     0   0   0   0   0   0   0  10  50   0   5   5   0   0   5   0   5  10   0  10     0    0    0   1.636     54  0.00
   64   64     0   0   0   0   0   0   0   5  75   0   5   5   0   0   0   0   0  10   0   0     0    0    0   0.895     29  0.00
   65   65     0   0   0   0   0   0   0  95   0   0   0   0   0   0   0   0   0   0   5   0     0    0    0   0.199      6  0.00
   66   66     0   5   0   0  80   0  15   0   0   0   0   0   0   0   0   0   0   0   0   0     0    0    0   0.613     20  0.00
   67   67     0   0   0   0   0   0   0   0   0   0   0   0   0   0 100   0   0   0   0   0     0    0    0   0.000      0  0.00
   68   68     0   0   0   0   0   0   0   0  25  75   0   0   0   0   0   0   0   0   0   0     0    0    0   0.562     18  0.00
   69   69     0   0   0   0   0   0   0   0   0   0   5   0  95   0   0   0   0   0   0   0     0    0    0   0.199      6  0.00
   70   70     0  15   0   0   0   0   0   0   0   0   0   0   0   0  20  65   0   0   0   0     0    0    0   0.886     29  0.00
   71   71     5   0   0   0   0   0   0   0   0   0   0   0   0   0  95   0   0   0   0   0     0    0    0   0.199      6  0.00
   72   72     0   0   0   0   0   0   0   0   5   0   0   0  95   0   0   0   0   0   0   0     0    0    0   0.199      6  0.00
   73   73     0   0   0   0   0   0   0   0   5   0   0   0   0   0  35  15  35   0  10   0     0    0    0   1.399     46  0.00
   74   74     0   0   0   0   0   0   0   5   0  95   0   0   0   0   0   0   0   0   0   0     0    0    0   0.199      6  0.00
   75   75     0   0   0   0   0   0   0   0   0   0   0   0   0   0   6   0   0  17   6  72     0    0    0   0.855     28  0.00
   76   76     0   0   0   0   0   0   0  14   0   0   7   7   0   0   7  50   0   7   7   0     0    0    0   1.567     52  0.00
   77   77     0   0   7   0   0   0   0   0  64   7  14   0   0   0   0   7   0   0   0   0     0    0    0   1.128     37  0.00
   78   78     0   8   8   8   0   0   0   0   0   0  17   0   0   0   8   0   0   0  50   0     0    0    0   1.474     49  0.00
   79   79     0   8   0   0   0   0   0   0  42  42   0   8   0   0   0   0   0   0   0   0     0    0    0   1.144     38  0.00
   80   80     0   0   0   0   0   0   0   0  17   0   0   0   0   0  25   0  33   8   8   8     0    0    0   1.633     54  0.00
   81   81     0   0   0   0   0   0   0   0   8   0   8   0   0   0   0   0  58  25   0   0     0    0    0   1.075     35  0.00
   82   82     8   0   0   0   0   0   0   8   8   0   0   0   0  50   8   0   8   8   0   0     0    0    0   1.589     53  0.00
   83   83     0   0   0   0   0  17   0   0   0   0   0   0   0   0  67   0   0   0  17   0     0    0    0   0.868     28  0.00
   84   84    17  58   0   0   0   0   0   0  25   0   0   0   0   0   0   0   0   0   0   0     0    0    0   0.960     32  0.00
   85   85     0   0   0   0   0   0   0   0  17   0   0   0   0   0   0   0   0  17   0  67     0    0    0   0.868     28  0.00
   86   86     0  17   0   8   0   0   0   0   0   0   0   0   0   0   8  58   0   8   0   0     0    0    0   1.234     41  0.00
   87   87    25   0  75   0   0   0   0   0   0   0   0   0   0   0   0   0   0   0   0   0     0    0    0   0.562     18  0.00
   88   88     0   0   0   0   0   0   0   0  36   0   0  64   0   0   0   0   0   0   0   0     0    0    0   0.655     21  0.00
   89   89     0   0   0   0   0   0   0   0  10   0   0   0  10  60   0   0  10   0   0  10     0    0    0   1.228     40  0.00
   90   90     0   0   0   0   0   0   0   0 100   0   0   0   0   0   0   0   0   0   0   0     0    0    0   0.000      0  0.00
   91   91     0   0   0   0   0   0   0   0   0   0   0   0 100   0   0   0   0   0   0   0     0    0    0   0.000      0  0.00
   92   92     0   0   0   0   0   0   0   0   0   0   0   0   0   0 100   0   0   0   0   0     0    0    0   0.000      0  0.00
//
