ID Pseudo hssp file.
SEQ 
SEQ gi|7110601|ref|NP_034405.1| glial cell line derived neurotrophic...   164  3e-40
SEQ gi|9506721|ref|NP_062012.1| glial cell line derived neutrophic f...   163  5e-40
SEQ gi|912789|gb|AAB33891.1| (S75583) glial cell line-derived neurot...   163  5e-40
SEQ gi|1346126|sp|P48540|GDNF_MOUSE GLIAL CELL LINE-DERIVED NEUROTRO...   163  8e-40
SEQ gi|2143754|pir||I67605 glial cell line-derived neurotrophic fact...   161  2e-39
SEQ gi|4503975|ref|NP_000505.1| glial cell derived neurotrophic fact...   158  2e-38
SEQ gi|914287|gb|AAB33493.1| astrocyte-derived trophic factor 1, ATF...   156  7e-38
SEQ gi|4093183|gb|AAC99782.1| (AF106678) neurotrophic factor [Macaca...   152  1e-36
SEQ gi|2392125|pdb|1AGQ|B Chain B, Glial Cell-Derived Neurotrophic F...   151  2e-36
SEQ gi|914288|gb|AAB33494.1| astrocyte-derived trophic factor 2, ATF...   144  4e-34
SEQ gi|6716573|gb|AAF26684.1| (AF176017) glial cell line-derived neu...   141  2e-33
SEQ gi|6716575|gb|AAF26685.1| (AF176018) glial cell line-derived neu...   139  1e-32
SEQ gi|5430696|gb|AAD43139.1|AF053748_1 (AF053748) glial cell line-d...   128  2e-29
SEQ gi|12963424|gb|AAK11259.1|AF329853_1 (AF329853) glial cell line-...   114  3e-25
SEQ gi|6679136|ref|NP_032764.1| neurturin [Mus musculus] >gi|2501181...    61  4e-09
SEQ gi|4758826|ref|NP_004549.1| neurturin precursor [Homo sapiens] >...    61  4e-09
SEQ gi|6679511|ref|NP_032980.1| persephin [Mus musculus] >gi|7531179...    51  3e-06
SEQ gi|6981428|ref|NP_037146.1| persephin [Rattus norvegicus] >gi|75...    51  5e-06
SEQ gi|4758974|ref|NP_004149.1| persephin [Homo sapiens] >gi|1142478...    50  6e-06
SEQ gi|6010765|gb|AAF01244.1|AF184922_1 (AF184922) neurturin [Rattus...    50  1e-05
SEQ gi|4235100|gb|AAD13110.1| (AF115765) Artemin [Homo sapiens]            48  3e-05
SEQ gi|4502245|ref|NP_003967.1| neurotrophic factor artemin precurso...    48  3e-05
SEQ gi|6753124|ref|NP_033841.1| artemin [Mus musculus] >gi|4071355|g...    48  3e-05
SEQ 
## SEQUENCE PROFILE AND ENTROPY
 SeqNo PDBNo   V   L   I   M   F   W   Y   G   A   P   S   T   C   H   R   K   Q   E   N   D  NOCC NDEL NINS ENTROPY RELENT WEIGHT
    1    1     0   0   0   0   0   0   0 100   0   0   0   0   0   0   0   0   0   0   0   0     0    0    0   0.000      0  0.00
    2    2     0   0   0   0   0   0   0   0   0   0   0   0 100   0   0   0   0   0   0   0     0    0    0   0.000      0  0.00
    3    3    58   4   0   0   0   0   0  13   0   0   0   0   0   0  21   0   4   0   0   0     0    0    0   1.166     38  0.00
    4    4     0 100   0   0   0   0   0   0   0   0   0   0   0   0   0   0   0   0   0   0     0    0    0   0.000      0  0.00
    5    5     0   0   0   0   0  13   0   0   0   0   0  58   0   0  25   4   0   0   0   0     0    0    0   1.053     35  0.00
    6    6     0   0   0   0   0   0   0   0  58   0  25   0   0   0   0   0   0  17   0   0     0    0    0   0.960     32  0.00
    7    7     0  25  63   0   0   0   0   0   0   0   0   0   0   0   0   0  13   0   0   0     0    0    0   0.900     30  0.00
    8    8     0  13   0   0   0   0   0   0   0   0   0  13   0  63   0   0   0  13   0   0     0    0    0   1.074     35  0.00
    9    9    25  75   0   0   0   0   0   0   0   0   0   0   0   0   0   0   0   0   0   0     0    0    0   0.562     18  0.00
   10   10     0   0   0   0   0   0   0   0   0  21   4   0   0   0  13   0   0   0  63   0     0    0    0   1.013     33  0.00
   11   11   100   0   0   0   0   0   0   0   0   0   0   0   0   0   0   0   0   0   0   0     0    0    0   0.000      0  0.00
   12   12     0   0   0   0   0   0   0   0  13   0  17  63   0   0   8   0   0   0   0   0     0    0    0   1.059     35  0.00
   13   13     0   0   0   0   0   0   0   0  13   0   0   0   0   0   0   0   0  25   0  63     0    0    0   0.900     30  0.00
   14   14     0 100   0   0   0   0   0   0   0   0   0   0   0   0   0   0   0   0   0   0     0    0    0   0.000      0  0.00
   15   15     0   0   0   0   0   0   0  88   0   0   0   0   0   0   0   0   0   0   0  13     0    0    0   0.377     12  0.00
   16   16     0 100   0   0   0   0   0   0   0   0   0   0   0   0   0   0   0   0   0   0     0    0    0   0.000      0  0.00
   17   17     0   0   0   0   0   0   0 100   0   0   0   0   0   0   0   0   0   0   0   0     0    0    0   0.000      0  0.00
   18   18     0   0   0   0   0   0  88   0   0   0   0   0   0  13   0   0   0   0   0   0     0    0    0   0.377     12  0.00
   19   19     0   0   0   0   0   0   0   0  17   0   4   8   0   0  13   0   0  58   0   0     0    0    0   1.212     40  0.00
   20   20     0   0   0   0   0   0   0   0   0   0  38  63   0   0   0   0   0   0   0   0     0    0    0   0.662     22  0.00
   21   21     0   0   0   0   0   0   0   0   0   0   0   0   0   0   0  63   0  13   0  25     0    0    0   0.900     30  0.00
   22   22     0   0   0   0   0   0   0   0   0   0   0   0   0   0   0   0   0 100   0   0     0    0    0   0.000      0  0.00
   23   23     0  13   0   0   0   0   0   0   0   0   0  13   0   0   0  13   0  63   0   0     0    0    0   1.074     35  0.00
   24   24    29  63   8   0   0   0   0   0   0   0   0   0   0   0   0   0   0   0   0   0     0    0    0   0.860     28  0.00
   25   25     0  13  75   0   0   0   0   0   0   0   0   0   0   0  13   0   0   0   0   0     0    0    0   0.736     24  0.00
   26   26     0   0   0   0 100   0   0   0   0   0   0   0   0   0   0   0   0   0   0   0     0    0    0   0.000      0  0.00
   27   27     0   0   0   0   0   0   0   0   0   0   0   0   0   0 100   0   0   0   0   0     0    0    0   0.000      0  0.00
   28   28     0   0   0   0  13   0  88   0   0   0   0   0   0   0   0   0   0   0   0   0     0    0    0   0.377     12  0.00
   29   29     0   0   0   0   0   0   0   0   0   0   0   0 100   0   0   0   0   0   0   0     0    0    0   0.000      0  0.00
   30   30     0   0   0   0   0   0   0   0  25   0  75   0   0   0   0   0   0   0   0   0     0    0    0   0.562     18  0.00
   31   31     0   0   0   0   0   0   0 100   0   0   0   0   0   0   0   0   0   0   0   0     0    0    0   0.000      0  0.00
   32   32     0   0   0   0   0   0   0   0  13   4  83   0   0   0   0   0   0   0   0   0     0    0    0   0.544     18  0.00
   33   33     0   0   0   0   0   0   0   0   0   0   0   0 100   0   0   0   0   0   0   0     0    0    0   0.000      0  0.00
   34   34     0   0   0   0   0   0   0   0   0   0   0   0   0   4  17   0   8  42   0  29     0    0    0   1.362     45  0.00
   35   35     0   0   0   0   0   0   0   4  63   0   8   0   0   0  13   0   0   8   0   4     0    0    0   1.233     41  0.00
   36   36    13   0   0   0   0   0   0   0  88   0   0   0   0   0   0   0   0   0   0   0     0    0    0   0.377     12  0.00
   37   37     0   0   8   0   0   0   0   0   4   0   0   0   0   0  25   0   0  63   0   0     0    0    0   0.980     32  0.00
   38   38     0   0   0   0   0   0   0   0   0   0  13  75   0   0  13   0   0   0   0   0     0    0    0   0.736     24  0.00
   39   39     4   0   8  29   0   0   0   0   0   8   0  29   0   0   0   0  17   0   4   0     0    0    0   1.696     56  0.00
   40   40     0   0   0   0   0   0  75   0   0   0   0   0   0  25   0   0   0   0   0   0     0    0    0   0.562     18  0.00
   41   41     0   0   0   0   0   0   0   4   0   0   8   0   0   0   0   0   0   0   0  88     0    0    0   0.456     15  0.00
   42   42     0  25   0   0   0   0   0  13   0   0   0   0   0   0   0  63   0   0   0   0     0    0    0   0.900     30  0.00
   43   43     8  13  63   0   0   0   0   0   4   0  13   0   0   0   0   0   0   0   0   0     0    0    0   1.153     38  0.00
   44   44     0  88   0   0   0   0   0   0   0   0   0   0   0   0  13   0   0   0   0   0     0    0    0   0.377     12  0.00
   45   45     0   0   0   0   0   0   0   0  25   0   0   0   0   0  13  58   0   0   4   0     0    0    0   1.053     35  0.00
   46   46     0  13   0   0   0   0   0   0   0   0  13   0   0   0  13   0   0   0  63   0     0    0    0   1.074     35  0.00
   47   47     0  88   0   0   0   0   0   0   0   0   0   0   0   0  13   0   0   0   0   0     0    0    0   0.377     12  0.00
   48   48     0  13   0   0   0   0   0   0   0   0  50  13   0   0   8   0  17   0   0   0     0    0    0   1.372     45  0.00
   49   49     0   0   0   0   0   0   0  25   0   0   0   0   0   4  71   0   0   0   0   0     0    0    0   0.723     24  0.00
   50   50     0   0   0   0   0   0   0   0  13   0  29   0   0   0  17   8   8   0  25   0     0    0    0   1.679     56  0.00
   51   51     0   0   0   0   0   0   0  25   0   0   0   0   0   0  63  13   0   0   0   0     0    0    0   0.900     30  0.00
   52   52     8   4   0   0   0   0   0   0  13   0   0   0   0   0  63  13   0   0   0   0     0    0    0   1.153     38  0.00
   53   53     0  75   0   0   0   0   0   0  13   0   0   0   0   0  13   0   0   0   0   0     0    0    0   0.736     24  0.00
   54   54    29   0   0   0   0   0   0   0   0   0   0  29   0  13  21   4   0   0   0   4     0    0    0   1.570     52  0.00
   55   55     0   0   0   0   0   0   0   0   0   0  71   0   0   0   0   5   0  14  10   0     0    0    0   0.887     29  0.00
   56   56     0   0   0   0   0   0   0   0   0   5   0   0   0   0  24   0   0   0   0  71     0    0    0   0.727     24  0.00
   57   57    10   0   0   0   0   0   0   0   5  14   0   5   0   0   0  67   0   0   0   0     0    0    0   1.062     35  0.00
   58   58    76   0   5   0   0   0   0   0   0   5   0   0   0   0  14   0   0   0   0   0     0    0    0   0.775     25  0.00
   59   59     0   0   0   0   0   0   0  63  13   0  17   0   0   0   8   0   0   0   0   0     0    0    0   1.059     35  0.00
   60   60     0   0   0   0   0   0   0   4   0   0   0   0   0   8  13   0  75   0   0   0     0    0    0   0.815     27  0.00
   61   61     0   0   0   0   0   0   0   0  58  38   0   4   0   0   0   0   0   0   0   0     0    0    0   0.815     27  0.00
   62   62     0   0   0   0   0   0   0   0   0   0   0   0 100   0   0   0   0   0   0   0     0    0    0   0.000      0  0.00
   63   63     0   0   0   0   0   0   0   0   0   0   0   0 100   0   0   0   0   0   0   0     0    0    0   0.000      0  0.00
   64   64     0   0   0   0   0   0   0   0   0   0   0   0   0   0  92   0   8   0   0   0     0    0    0   0.287      9  0.00
   65   65     0   0   0   0   0   0   0   0   0 100   0   0   0   0   0   0   0   0   0   0     0    0    0   0.000      0  0.00
   66   66    33   0  24   0   0   0   0   0   0   0   0  43   0   0   0   0   0   0   0   0     0    0    0   1.071     35  0.00
   67   67     0   0   0   0   0   0   0   0  75   0   8  13   0   0   4   0   0   0   0   0     0    0    0   0.815     27  0.00
   68   68     0   0   0   0  64   0  23   0   0   0   0   0   0   0  14   0   0   0   0   0     0    0    0   0.896     29  0.00
   69   69     0   0   0   0   0   0  14   0   9   0   0   5   0   0   0   0   0   9   0  64     0    0    0   1.136     37  0.00
   70   70     0   0   0   0   0   0   0   0   0   0   0   0   0   0   0   0   0  14   0  86     0    0    0   0.398     13  0.00
   71   71    14   0   0   0   0   0   0   0  14   0   0   0   0   0   0   0   0   9   0  64     0    0    0   1.049     35  0.00
   72   72    23  59   5   0   0   0   0   0   5   0   0   9   0   0   0   0   0   0   0   0     0    0    0   1.147     38  0.00
   73   73     0   0   0   0  14   0   0   0   0   0  86   0   0   0   0   0   0   0   0   0     0    0    0   0.398     13  0.00
   74   74     0  14   0   0  86   0   0   0   0   0   0   0   0   0   0   0   0   0   0   0     0    0    0   0.398     13  0.00
   75   75     0  73   0  14   0   0   0   0   0   0   0   0   0   0   0   0   0   0   0  14     0    0    0   0.775     25  0.00
   76   76     0   0   0   0   0   0   0   0   0   0   0   0   0   0   0   0   0   0   0 100     0    0    0   0.000      0  0.00
   77   77    18   0   0   0   0   0   0   0   5   0   0   0   0   5   5   0   5   0   0  64     0    0    0   1.160     38  0.00
   78   78     0   0   0   0   0   0   0   0   0   0  27   0   0  23   0   0   0   0  50   0     0    0    0   1.038     34  0.00
   79   79     0  64   0   0   0   0   0   0   0   0  23   0   0   9   5   0   0   0   0   0     0    0    0   0.983     32  0.00
   80   80    68   0   0   0   0   0   0   0   0   0   0  16   0   0  11   0   0   5   0   0     0    0    0   0.943     31  0.00
   81   81     0   0   0   0   0  27  73   0   0   0   0   0   0   0   0   0   0   0   0   0     0    0    0   0.586     19  0.00
   82   82     0   0   0   0   0   0   0   0   0   0   0   0   0  73  14   0  14   0   0   0     0    0    0   0.775     25  0.00
   83   83     0   0  59   0   0   0   0   0   0   0   0  27   0   0   5   0   9   0   0   0     0    0    0   1.024     34  0.00
   84   84    18  82   0   0   0   0   0   0   0   0   0   0   0   0   0   0   0   0   0   0     0    0    0   0.474     15  0.00
   85   85     0   0   0   0   0   0   0   0   0  14   0   0   0   5  50  14   5   0   0  14     0    0    0   1.443     48  0.00
   86   86     0   0   0   0   0   0   0   0   0   0   0   0   0   5   9  64  14   9   0   0     0    0    0   1.136     37  0.00
   87   87     0  36   0   0   0   0   0   0   0   0   0   0   0  64   0   0   0   0   0   0     0    0    0   0.655     21  0.00
   88   88     0   0   0   0   0   0   0   0   0   0 100   0   0   0   0   0   0   0   0   0     0    0    0   0.000      0  0.00
   89   89     0   0   0   0   0   0   0   0 100   0   0   0   0   0   0   0   0   0   0   0     0    0    0   0.000      0  0.00
   90   90     0   0   0   0   0   0   0   0  14   0   0  14   0   0   9  64   0   0   0   0     0    0    0   1.049     35  0.00
   91   91     0   0   0   0   0   0   0   0  27   0   0   0   0   0  59   5   0   9   0   0     0    0    0   1.024     34  0.00
   92   92     0   0   0   0   0   0   0   0   0   0   0   0 100   0   0   0   0   0   0   0     0    0    0   0.000      0  0.00
   93   93     0   0   0   0   0   0   0  86  14   0   0   0   0   0   0   0   0   0   0   0     0    0    0   0.398     13  0.00
   94   94     0   0   0   0   0   0   0   0   0   0   0   0 100   0   0   0   0   0   0   0     0    0    0   0.000      0  0.00
   95   95    18  18  65   0   0   0   0   0   0   0   0   0   0   0   0   0   0   0   0   0     0    0    0   0.894     29  0.00
//
