ID Pseudo hssp file.
SEQ 
SEQ gi|546852|gb|AAB30829.1| (S70378) Der f II=group II major allerg...   252  1e-66
SEQ gi|416898|sp|Q00855|ALL2_DERFA MITE GROUP 2 ALLERGEN DER F 2 PRE...   252  1e-66
SEQ gi|627143|pir||A61241 allergen Der f II precursor - house-dust m...   251  2e-66
SEQ gi|84696|pir||JU0394 allergen Der f II (pFL2) - house-dust mite ...   250  6e-66
SEQ gi|3114480|pdb|1AHK|    Der F 2, The Major Mite Allergen From De...   250  7e-66
SEQ gi|627144|pir||B61241 allergen Der f II precursor - house-dust m...   247  7e-65
SEQ gi|627142|pir||A61501 allergen Der f II - house-dust mite (Derma...   243  6e-64
SEQ gi|13560629|gb|AAK30133.1| (AF346905) allergen Def f II precurso...   243  7e-64
SEQ gi|1352237|sp|P49278|ALL2_DERPT MITE GROUP 2 ALLERGEN DER P 2 PR...   231  2e-60
SEQ gi|9280543|gb|AAF86462.1| (AF276239) Der p II allergen [Dermatop...   231  3e-60
SEQ gi|3891991|pdb|1A9V|    Tertiary Structure Of The Major House Du...   226  8e-59
SEQ gi|14423649|sp|Q9TZZ2|ALL2_EURMA MITE GROUP 2 ALLERGEN EUR M 2 P...   220  1e-56
SEQ gi|3941386|gb|AAC82350.1| (AF047614) group 2 allergen Eur m 2 01...   217  5e-56
SEQ gi|7160811|emb|CAB76459.1| (AJ272216) gly d 2.02 isoform [Glycyp...   111  4e-24
SEQ gi|14388619|gb|AAK61827.1| (AF187083) allergen A precursor [Psor...   108  3e-23
SEQ gi|1708793|sp|P80384|ALL1_LEPDS MITE ALLERGEN LEP D 1 PRECURSOR ...   107  5e-23
SEQ gi|1364001|pir||S56034 allergen Lep d I - Lepidoglyphus destructor    106  1e-22
SEQ gi|1582222|prf||2118249A allergen Lep d 1.01 [Lepidoglyphus dest...   106  1e-22
SEQ gi|2147108|pir||S66499 allergen Lep d 1.02 precursor - Lepidogly...   103  1e-21
SEQ gi|3182907|sp|O02380|ALL2_TYRPU MITE GROUP 2 ALLERGEN TYR P 2 PR...   102  2e-21
SEQ gi|1582223|prf||2118249B allergen Lep d 1.02 [Lepidoglyphus dest...   102  3e-21
SEQ gi|1364099|pir||S48727 lepdI allergen - Lepidoglyphus destructor...    89  2e-17
SEQ gi|6179520|emb|CAB59976.1| (AJ249864) Gly d 2 [Glycyphagus domes...    86  1e-16
SEQ 
## SEQUENCE PROFILE AND ENTROPY
 SeqNo PDBNo   V   L   I   M   F   W   Y   G   A   P   S   T   C   H   R   K   Q   E   N   D  NOCC NDEL NINS ENTROPY RELENT WEIGHT
    1    1     0   0   0   0   0   0   0   0   0   0   0   0   0   0   0   0   0   0   0 100     0    0    0   0.000      0  0.00
    2    2     0   0   0   0   0   0   0   0   0   0   0   0   0   0   0  12  88   0   0   0     0    0    0   0.362     12  0.00
    3    3    94   0   0   6   0   0   0   0   0   0   0   0   0   0   0   0   0   0   0   0     0    0    0   0.224      7  0.00
    4    4     0   0   0   0   0   0   0   0   0   0   0   0   0   0   0  12   0   0   6  82     0    0    0   0.578     19  0.00
    5    5    76   0   6   0  18   0   0   0   0   0   0   0   0   0   0   0   0   0   0   0     0    0    0   0.678     22  0.00
    6    6     0   0   0   0   0   0   0   0   0   0   0   9   0   0   0  87   4   0   0   0     0    0    0   0.470     15  0.00
    7    7     0   0   0   0   0   0   0   0   0   0   0   0   0   0   0   0   0   0   0 100     0    0    0   0.000      0  0.00
    8    8     0   0   0   0   0   0   0   0   0   0   0   0 100   0   0   0   0   0   0   0     0    0    0   0.000      0  0.00
    9    9     0   0   0   0   0   0   0  39  61   0   0   0   0   0   0   0   0   0   0   0     0    0    0   0.669     22  0.00
   10   10     0   0   0   0   0   0   0   0   0   0   0   0   0  26   0  13   0   0  61   0     0    0    0   0.918     30  0.00
   11   11     0   0   0   0   0   0   0  30   0   0   0   0   0  22   0   4   0   0  43   0     0    0    0   1.192     39  0.00
   12   12     0   0   0   0   0   0   0   0   0   0   0   0   0   0   0   0   0 100   0   0     0    0    0   0.000      0  0.00
   13   13    30   0  70   0   0   0   0   0   0   0   0   0   0   0   0   0   0   0   0   0     0    0    0   0.615     20  0.00
   14   14     0   0   0   0   0   0   0   0   4   0   0  26   0   0   0  65   0   4   0   0     0    0    0   0.902     30  0.00
   15   15     0   0   0   0   0   0   0   0   0   0   9   0   0   0   0  61   0  30   0   0     0    0    0   0.877     29  0.00
   16   16    65  35   0   0   0   0   0   0   0   0   0   0   0   0   0   0   0   0   0   0     0    0    0   0.646     21  0.00
   17   17     0  13   0  48   0   0   0   0   4   0   4   0   0   0   0   0   0   4   0  26     0    0    0   1.378     45  0.00
   18   18    74   0  26   0   0   0   0   0   0   0   0   0   0   0   0   0   0   0   0   0     0    0    0   0.574     19  0.00
   19   19     0   0   0   0   0   0   0   0   0  22  13  17   0   0   0   0   0   4   0  43     0    0    0   1.400     46  0.00
   20   20     0   0   0   0   0   0   0  91   0   0   0   0   0   0   0   0   0   0   4   4     0    0    0   0.356     11  0.00
   21   21     0   0   0   0   0   0   0   0   0   0   0   0 100   0   0   0   0   0   0   0     0    0    0   0.000      0  0.00
   22   22     0   0   0   0   0   0   0   0   0   0  30   4   0  52   0   9   0   4   0   0     0    0    0   1.187     39  0.00
   23   23     0   0   0   0   0   0   0 100   0   0   0   0   0   0   0   0   0   0   0   0     0    0    0   0.000      0  0.00
   24   24     0   0   0   0   0   0   0   0   0   0 100   0   0   0   0   0   0   0   0   0     0    0    0   0.000      0  0.00
   25   25     0   0   0   0   0   0   0   0   0   0   0   0   0   0   0   0   0  22   4  74     0    0    0   0.692     23  0.00
   26   26     0   4   0   0   4   0   9   0   0  61   0  22   0   0   0   0   0   0   0   0     0    0    0   1.119     37  0.00
   27   27     0   0   0   0   0   0   0   0   0   0   0   0 100   0   0   0   0   0   0   0     0    0    0   0.000      0  0.00
   28   28    48   0  52   0   0   0   0   0   0   0   0   0   0   0   0   0   0   0   0   0     0    0    0   0.692     23  0.00
   29   29     0   0 100   0   0   0   0   0   0   0   0   0   0   0   0   0   0   0   0   0     0    0    0   0.000      0  0.00
   30   30     0   0   0   0   0   0   0   0   0   0   0   0   0 100   0   0   0   0   0   0     0    0    0   0.000      0  0.00
   31   31     0   0   0   0   0   0   0   0   0   0   0   0   0   0  92   8   0   0   0   0     0    0    0   0.287      9  0.00
   32   32     0   0   0   0   0   0   0  96   0   0   4   0   0   0   0   0   0   0   0   0     0    0    0   0.173      5  0.00
   33   33     0   0   0   0   0   0   0   0   0   0   0   8   0   0   0  67   8  17   0   0     0    0    0   0.983     32  0.00
   34   34     0   0   0   0   0   0   0   0   8  63   0   0   0   0   0  29   0   0   0   0     0    0    0   0.860     28  0.00
   35   35     4  13   0  25  58   0   0   0   0   0   0   0   0   0   0   0   0   0   0   0     0    0    0   1.053     35  0.00
   36   36     0   0   0   0   0   0   0   0   0   0   0  71   0   4   0   0  21   0   0   4     0    0    0   0.836     27  0.00
   37   37     4  96   0   0   0   0   0   0   0   0   0   0   0   0   0   0   0   0   0   0     0    0    0   0.173      5  0.00
   38   38     0   0   4   0   0   0   0   0   4   0   0   0   0   0   0   0   0  79   0  13     0    0    0   0.710     23  0.00
   39   39     0   0   4   0   0   0   0   0  96   0   0   0   0   0   0   0   0   0   0   0     0    0    0   0.173      5  0.00
   40   40    21  38   0   0   0   0   0   0   0   0   4   0   0   0   0  33   0   4   0   0     0    0    0   1.326     44  0.00
   41   41     4   0   0   0  96   0   0   0   0   0   0   0   0   0   0   0   0   0   0   0     0    0    0   0.173      5  0.00
   42   42     0   0   0   0   0   0   0   0  29   0   0   8   0   0   0   0   0  13   0  50     0    0    0   1.173     39  0.00
   43   43     0   0   0   0   0   0   0   0  96   0   4   0   0   0   0   0   0   0   0   0     0    0    0   0.173      5  0.00
   44   44     0   0   0   0   0   0   0   0   0   0   0   0   0   0   0   0   0   0 100   0     0    0    0   0.000      0  0.00
   45   45     0   0   0   0   0   0   0   0   0   0   0   0   0   0   0   0 100   0   0   0     0    0    0   0.000      0  0.00
   46   46     0   0   0   0   0   0   0   0   0   0   0   0   0   0   0   0   0   0  58  42     0    0    0   0.679     22  0.00
   47   47     0   0   0   0   0   0   0   0   0   0  13  88   0   0   0   0   0   0   0   0     0    0    0   0.377     12  0.00
   48   48     0   0   0   0   0   0   0   0  25   0   0   4   4   0   0  50   0   0  17   0     0    0    0   1.257     41  0.00
   49   49     0   0   0   0   0   0   0   0   8   0   4  50   0   0   0  33   0   0   4   0     0    0    0   1.185     39  0.00
   50   50    29   4   4   0   0   0   0   0  63   0   0   0   0   0   0   0   0   0   0   0     0    0    0   0.918     30  0.00
   51   51     0   0   0   0   0   0   0   4   0   0   0  29   0   0   0  63   0   4   0   0     0    0    0   0.918     30  0.00
   52   52     4   8  83   0   0   0   0   0   0   0   0   4   0   0   0   0   0   0   0   0     0    0    0   0.624     20  0.00
   53   53     4   0   0   0   0   0   0   0   0   0   0   0   0   0   0  33   0  58   0   4     0    0    0   0.945     31  0.00
   54   54    33   4  63   0   0   0   0   0   0   0   0   0   0   0   0   0   0   0   0   0     0    0    0   0.792     26  0.00
   55   55     4  29   0   0   0   0   0   0   0   0   0   8   0   0   0  58   0   0   0   0     0    0    0   1.013     33  0.00
   56   56     0   0   4   0   0   0   0   4  92   0   0   0   0   0   0   0   0   0   0   0     0    0    0   0.345     11  0.00
   57   57     0   0   4   0   0   0   0   0   0   0  50   8   0   0   0  29   4   0   0   4     0    0    0   1.310     43  0.00
   58   58    29  42  25   0   0   0   0   0   0   0   0   0   0   0   0   0   0   0   0   4     0    0    0   1.203     40  0.00
   59   59     0   0   0   0   0   0   0   4  29   0   0   0   0   0   0   0   0   0   8  58     0    0    0   1.013     33  0.00
   60   60     0   0   0   0   0   0   0  96   0   0   0   0   0   0   0   0   0   0   0   4     0    0    0   0.173      5  0.00
   61   61    13  54   4   0   0   0   0   0   0   0   0  29   0   0   0   0   0   0   0   0     0    0    0   1.084     36  0.00
   62   62     0   0   0   0   0   0   0   0   4   4   0  25   0   0   0   0   4  63   0   0     0    0    0   1.038     34  0.00
   63   63    17   0  83   0   0   0   0   0   0   0   0   0   0   0   0   0   0   0   0   0     0    0    0   0.451     15  0.00
   64   64     0   0   0   0   0   0   0   0   0   4   0   0   0   0   0   0  29   4   0  63     0    0    0   0.918     30  0.00
   65   65    92   0   8   0   0   0   0   0   0   0   0   0   0   0   0   0   0   0   0   0     0    0    0   0.287      9  0.00
   66   66     0   0   0   0   0   0   0   0   0 100   0   0   0   0   0   0   0   0   0   0     0    0    0   0.000      0  0.00
   67   67     0   0   0   0   0   0   0 100   0   0   0   0   0   0   0   0   0   0   0   0     0    0    0   0.000      0  0.00
   68   68     4  33  63   0   0   0   0   0   0   0   0   0   0   0   0   0   0   0   0   0     0    0    0   0.792     26  0.00
   69   69     0   0   0   0   0   0   0   0   0   0   0   0   0   0   0   0   0  38   0  63     0    0    0   0.662     22  0.00
   70   70     0   0   0   0   0   0   0   0   0  13   0  75   0   4   0   0   0   0   8   0     0    0    0   0.815     27  0.00
   71   71     0   0   0   0   0   0   0   0   0   0   0   0   0   0   0   0   0   0  63  38     0    0    0   0.662     22  0.00
   72   72     0   8   0   0   0   0   0  38  54   0   0   0   0   0   0   0   0   0   0   0     0    0    0   0.907     30  0.00
   73   73     0   0   0   0   0   0   0   0   0   0   0   0 100   0   0   0   0   0   0   0     0    0    0   0.000      0  0.00
   74   74     0   0   0   0   0   0   0   0   0   0   0   0   0  63   0  38   0   0   0   0     0    0    0   0.662     22  0.00
   75   75    13   4   0   0  67   0  17   0   0   0   0   0   0   0   0   0   0   0   0   0     0    0    0   0.961     32  0.00
   76   76    25  13  17  46   0   0   0   0   0   0   0   0   0   0   0   0   0   0   0   0     0    0    0   1.263     42  0.00
   77   77     0   0   0   0   0   0   0   0   0   0   0   0   0   0   0 100   0   0   0   0     0    0    0   0.000      0  0.00
   78   78     0   0   0   0   0   0   0   0   0   0   0   0 100   0   0   0   0   0   0   0     0    0    0   0.000      0  0.00
   79   79     0   0   0   0   0   0   0   0   0 100   0   0   0   0   0   0   0   0   0   0     0    0    0   0.000      0  0.00
   80   80    17  63  21   0   0   0   0   0   0   0   0   0   0   0   0   0   0   0   0   0     0    0    0   0.919     30  0.00
   81   81    58   0   0   0   0   0   0   0   0   0   0   0   0   0   4  38   0   0   0   0     0    0    0   0.815     27  0.00
   82   82     0   0   0   0   0   0   0   0   0   0   0   0   0   0   0 100   0   0   0   0     0    0    0   0.000      0  0.00
   83   83     0   0   0   0   0   0   0 100   0   0   0   0   0   0   0   0   0   0   0   0     0    0    0   0.000      0  0.00
   84   84     0   0   0   0   0   0   0   0   0   0   0   4   0   0   0   0  63  29   0   4     0    0    0   0.918     30  0.00
   85   85     0   0   0   0   0   0   0   0  25   4   0   0   0   8   0   4  50   8   0   0     0    0    0   1.372     45  0.00
   86   86     0  25   4   0   4   0  63   0   0   0   0   0   0   0   0   0   4   0   0   0     0    0    0   1.038     34  0.00
   87   87     0   0   0   0   0   0   0   0   0   0   0   4   0   0   0   0   0   4   0  92     0    0    0   0.345     11  0.00
   88   88     4   4  50   4  29   0   0   0   8   0   0   0   0   0   0   0   0   0   0   0     0    0    0   1.310     43  0.00
   89   89     0   0  21   0   0   0   0   0   0   0   0   0   0   0   0  67   0   0  13   0     0    0    0   0.857     28  0.00
   90   90     0   0   0   0   0   0 100   0   0   0   0   0   0   0   0   0   0   0   0   0     0    0    0   0.000      0  0.00
   91   91     0   0   0   0   0   0   0   9   0   0  22  70   0   0   0   0   0   0   0   0     0    0    0   0.797     26  0.00
   92   92     4   0   0   9   0  61   4  17   0   0   0   4   0   0   0   0   0   0   0   0     0    0    0   1.228     40  0.00
   93   93     0   0   0   0   0   0   0   0   0   0   4  29   0   0   0   0   0   0  67   0     0    0    0   0.762     25  0.00
   94   94    67   0  33   0   0   0   0   0   0   0   0   0   0   0   0   0   0   0   0   0     0    0    0   0.637     21  0.00
   95   95     0   0   0   0   0   0   0   4   0  96   0   0   0   0   0   0   0   0   0   0     0    0    0   0.173      5  0.00
   96   96     0   0   0   0   0   0   0   0  33   0   4   0   0   0   8  50   0   4   0   0     0    0    0   1.185     39  0.00
   97   97     4   0  96   0   0   0   0   0   0   0   0   0   0   0   0   0   0   0   0   0     0    0    0   0.173      5  0.00
   98   98     4   8   0   0   0   0   0   0  58   4   0  25   0   0   0   0   0   0   0   0     0    0    0   1.133     37  0.00
   99   99     0   0   0   0   0   0   0   0   0  96   0   0   0   0   0   0   0   0   0   4     0    0    0   0.173      5  0.00
  100  100     0   0   0   0   0   0   0   0   4   0   0   4   0   0   0  91   0   0   0   0     0    0    0   0.356     11  0.00
  101  101    22   0   9   0   0   0   0   0   0   0  61   9   0   0   0   0   0   0   0   0     0    0    0   1.059     35  0.00
  102  102     0   0   0   0   0   0   0   0   0   4   0   0   0   0   0  35   0  61   0   0     0    0    0   0.806     26  0.00
  103  103     0   0   0   0   0   0   0   0   6   0   0   0   0   0   0   0   0   6  88   0     0    0    0   0.444     14  0.00
  104  104    58   0   8   0   0   0   0   0  29   0   0   0   0   0   0   4   0   0   0   0     0    0    0   1.013     33  0.00
  105  105    58   0   4   0   0   0   0   0   0   0   0   0   0   0   0   8   0   4   0  25     0    0    0   1.133     37  0.00
  106  106    88   0   4   0   0   0   0   0   4   0   0   4   0   0   0   0   0   0   0   0     0    0    0   0.514     17  0.00
  107  107     4   0   0   0   0   0   0   0   4   0   0  88   0   0   0   4   0   0   0   0     0    0    0   0.514     17  0.00
  108  108    70   0   0   0   0   0   0   0  30   0   0   0   0   0   0   0   0   0   0   0     0    0    0   0.615     20  0.00
  109  109     0   0   0   0   0   0   0   0   0   0   0   0   0   0   0  71   0  29   0   0     0    0    0   0.604     20  0.00
  110  110    13  83   4   0   0   0   0   0   0   0   0   0   0   0   0   0   0   0   0   0     0    0    0   0.544     18  0.00
  111  111    21  13  54  13   0   0   0   0   0   0   0   0   0   0   0   0   0   0   0   0     0    0    0   1.179     39  0.00
  112  112     0   0   0   0   0   0   0 100   0   0   0   0   0   0   0   0   0   0   0   0     0    0    0   0.000      0  0.00
  113  113     0   0   0   0   0   0   0   0   0   0   0   0   0   0   0   0   0   8   0  92     0    0    0   0.287      9  0.00
  114  114     0   0   0   0   0   0   0   0   0   0   0   0   0  38   0   4   0   0  46  13     0    0    0   1.118     37  0.00
  115  115     0   0   0   0   0   0   0 100   0   0   0   0   0   0   0   0   0   0   0   0     0    0    0   0.000      0  0.00
  116  116    96   4   0   0   0   0   0   0   0   0   0   0   0   0   0   0   0   0   0   0     0    0    0   0.173      5  0.00
  117  117     0  71   0  25   0   0   0   4   0   0   0   0   0   0   0   0   0   0   0   0     0    0    0   0.723     24  0.00
  118  118     0   0   0   0   0   0   0   4  96   0   0   0   0   0   0   0   0   0   0   0     0    0    0   0.173      5  0.00
  119  119     0   0   0   0   0   0   0   0   0   0   0   0 100   0   0   0   0   0   0   0     0    0    0   0.000      0  0.00
  120  120     0   0   0   0   0   0   0  30  70   0   0   0   0   0   0   0   0   0   0   0     0    0    0   0.611     20  0.00
  121  121     0   0 100   0   0   0   0   0   0   0   0   0   0   0   0   0   0   0   0   0     0    0    0   0.000      0  0.00
  122  122     5   0   0   0   0   0   0   0  67   0   0  29   0   0   0   0   0   0   0   0     0    0    0   0.773     25  0.00
  123  123    19   0  14   0   0   0   0   0   0   0   0  67   0   0   0   0   0   0   0   0     0    0    0   0.864     28  0.00
  124  124     0   0   0   0   0   0   0   0   0   0   0   0   0  95   0   0   0   0   5   0     0    0    0   0.191      6  0.00
  125  125     0   0   0   0   0   0   0  67  33   0   0   0   0   0   0   0   0   0   0   0     0    0    0   0.637     21  0.00
  126  126     0   0   0   0   0   0   0   0   0   0   0   0   0   0   0  74  21   5   0   0     0    0    0   0.708     23  0.00
  127  127    21   0  79   0   0   0   0   0   0   0   0   0   0   0   0   0   0   0   0   0     0    0    0   0.515     17  0.00
  128  128     0   0   0   0   0   0   0   0   0   0   0   0   0   0  93   0   7   0   0   0     0    0    0   0.245      8  0.00
  129  129     0   0   0   0   0   0   0   0   0   0   0   0   0   0   0   0   0   0   0 100     0    0    0   0.000      0  0.00
//
