ID Pseudo hssp file.
SEQ 
SEQ gi|136530|sp|P01530|TXAA_ANTXA ANTHOPLEURIN A (TOXIN AP-A) >gi|6...    78  2e-14
SEQ gi|155701|gb|AAA27737.1| (M90675) anthopleurin B [Anthopleura xa...    72  9e-13
SEQ gi|136531|sp|P01531|TXAB_ANTXA ANTHOPLEURIN B (TOXIN AP-B) >gi|6...    71  2e-12
SEQ gi|136522|sp|P10453|TXA1_ANTFU NEUROTOXIN I (TOXIN AFI) (TOXIN A...    67  3e-11
SEQ gi|136532|sp|P01532|TXAC_ANTEL ANTHOPLEURIN C (TOXIN AP-C) >gi|6...    67  4e-11
SEQ gi|136524|sp|P10454|TXA2_ANTFU NEUROTOXIN 2 (TOXIN AFII) (TOXIN ...    66  7e-11
SEQ gi|136523|sp|P01528|TXA2_ANESU NEUROTOXIN 2 (TOXIN ATX-II) >gi|6...    66  9e-11
SEQ gi|229569|prf||761349A toxin II [Anemonia sulcata]                     66  1e-10
SEQ gi|136529|sp|P01529|TXA5_ANESU NEUROTOXIN 5 (TOXIN ATX-V) >gi|69...    63  5e-10
SEQ gi|632114|pir||A37435 major neurotoxin BcIII - sea anemone (Buno...    55  1e-07
SEQ gi|745664|prf||2016385A sea anemone toxin Bg II [Bunodosoma gran...    55  1e-07
SEQ gi|6746369|gb|AAF27538.1|AF130344_1 (AF130344) sodium channel in...    52  1e-06
SEQ gi|136521|sp|P01533|TXA1_ANESU NEUROTOXIN 1 (TOXIN ATX-I) >gi|69...    47  4e-05
SEQ gi|1421647|pdb|1ATX|    ATX Ia (NMR, 8 Structures)                     45  2e-04
SEQ 
## SEQUENCE PROFILE AND ENTROPY
 SeqNo PDBNo   V   L   I   M   F   W   Y   G   A   P   S   T   C   H   R   K   Q   E   N   D  NOCC NDEL NINS ENTROPY RELENT WEIGHT
    1    1     0   0   0   0   0   0   0 100   0   0   0   0   0   0   0   0   0   0   0   0     0    0    0   0.000      0  0.00
    2    2    67   0  13   0   0   0   0   0  20   0   0   0   0   0   0   0   0   0   0   0     0    0    0   0.861     28  0.00
    3    3     0   0   0   0   0   0   0   0  27  53  20   0   0   0   0   0   0   0   0   0     0    0    0   1.010     33  0.00
    4    4     0   0   0   0   0   0   0   0   0   0   0   0 100   0   0   0   0   0   0   0     0    0    0   0.000      0  0.00
    5    5     0  87   0   0   0   0   0   0   0   0   0   0   0   0  13   0   0   0   0   0     0    0    0   0.393     13  0.00
    6    6     0   0   0   0   0   0   0   0   0   0   0   0 100   0   0   0   0   0   0   0     0    0    0   0.000      0  0.00
    7    7     7   0   0   0   0   0   0   0   0   0   0   0   0   0   0  13   0   0   0  80     0    0    0   0.628     20  0.00
    8    8     0   0   0   0   0   0   0   0   0   0 100   0   0   0   0   0   0   0   0   0     0    0    0   0.000      0  0.00
    9    9     0   0   0   0   0   0   0   0   0   0   0   0   0   0   0   0   0   0   0 100     0    0    0   0.000      0  0.00
   10   10     0   0   0   0   0   0   0 100   0   0   0   0   0   0   0   0   0   0   0   0     0    0    0   0.000      0  0.00
   11   11     0   0   0   0   0   0   0   0   0 100   0   0   0   0   0   0   0   0   0   0     0    0    0   0.000      0  0.00
   12   12     0   0   0   0   0   0   0   0   0   0  53  13   0   0  13   0   0   0  20   0     0    0    0   1.194     39  0.00
   13   13    53   0   0   0   0   0   0   0   0  13  13  20   0   0   0   0   0   0   0   0     0    0    0   1.194     39  0.00
   14   14     0   0   0   0   0   0   0   0   0   0   0   0   0   0 100   0   0   0   0   0     0    0    0   0.000      0  0.00
   15   15     0   0   0   0   0   0   0 100   0   0   0   0   0   0   0   0   0   0   0   0     0    0    0   0.000      0  0.00
   16   16     0   0   0   0   0   0   0   0   0   0   0   0   0   0   0   0   0   0 100   0     0    0    0   0.000      0  0.00
   17   17     0   0   0   0   0   0   0   0   0   0  13  80   0   0   0   7   0   0   0   0     0    0    0   0.628     20  0.00
   18   18     0  87   0  13   0   0   0   0   0   0   0   0   0   0   0   0   0   0   0   0     0    0    0   0.393     13  0.00
   19   19     0   0   0   0   0   0   0   0   0   0  87  13   0   0   0   0   0   0   0   0     0    0    0   0.393     13  0.00
   20   20     0   0   0   0   0   0   0 100   0   0   0   0   0   0   0   0   0   0   0   0     0    0    0   0.000      0  0.00
   21   21     0   0  47   0   0   0   0   0   0   0   0  53   0   0   0   0   0   0   0   0     0    0    0   0.691     23  0.00
   22   22     0  53  47   0   0   0   0   0   0   0   0   0   0   0   0   0   0   0   0   0     0    0    0   0.691     23  0.00
   23   23     0   0   0   0   0 100   0   0   0   0   0   0   0   0   0   0   0   0   0   0     0    0    0   0.000      0  0.00
   24   24    13  67   0   7  13   0   0   0   0   0   0   0   0   0   0   0   0   0   0   0     0    0    0   0.988     32  0.00
   25   25     0   0  13   0  25   0  50   0   0   0   0   0   0   0   0  13   0   0   0   0     0    0    0   1.213     40  0.00
   26   26     0   0   0   0   0   0   0   0   0  67   0  33   0   0   0   0   0   0   0   0     0    0    0   0.637     21  0.00
   27   27     0   0   0   0   0   0   0  15  46   0  31   0   0   0   0   0   0   0   8   0     0    0    0   1.205     40  0.00
   28   28     0   0   0   0   0   0   0  93   0   0   0   0   0   0   7   0   0   0   0   0     0    0    0   0.245      8  0.00
   29   29     0   0   0   0   0   0   0   0   0   0   0   0 100   0   0   0   0   0   0   0     0    0    0   0.000      0  0.00
   30   30     0   0   0   0   0   0   0   0   0 100   0   0   0   0   0   0   0   0   0   0     0    0    0   0.000      0  0.00
   31   31     0   0   0   0   0   0   0   0   0   0  93   0   0   0   0   7   0   0   0   0     0    0    0   0.245      8  0.00
   32   32     0   0   0   0   0   0   0 100   0   0   0   0   0   0   0   0   0   0   0   0     0    0    0   0.000      0  0.00
   33   33     0   0   0   0   0 100   0   0   0   0   0   0   0   0   0   0   0   0   0   0     0    0    0   0.000      0  0.00
   34   34     0   0   0   0   0   0   0   0   0   0   0   0   0  87   0   0   0   0  13   0     0    0    0   0.393     13  0.00
   35   35     0   0   0   0   7   0   0   0   0   0   0   0   0   0   0   0   0   0  93   0     0    0    0   0.245      8  0.00
   36   36     0   0   0   0   0   0   0   0   0   0   0   0 100   0   0   0   0   0   0   0     0    0    0   0.000      0  0.00
   37   37     0   0   0   0   0   0   0   7   0   0   0   0   0   0  13  67   0  13   0   0     0    0    0   0.988     32  0.00
   38   38     0   0   0   0   0   0   0  27  47   0   0   0   0   0   0  27   0   0   0   0     0    0    0   1.061     35  0.00
   39   39     0   0   0   0   0   0   0   0   0   0  20   0   0  67  13   0   0   0   0   0     0    0    0   0.861     28  0.00
   40   40     0   0   0   0   0   0   0  73  13   0   0   0   0   0   7   7   0   0   0   0     0    0    0   0.857     28  0.00
   41   41     0   0   0   0   0   0   0   8   0  92   0   0   0   0   0   0   0   0   0   0     0    0    0   0.271      9  0.00
   42   42     0   7  13   0  13   0   0   0   0   0   0  53   0   0   0   0   0   0  13   0     0    0    0   1.322     44  0.00
   43   43     0   7  93   0   0   0   0   0   0   0   0   0   0   0   0   0   0   0   0   0     0    0    0   0.245      8  0.00
   44   44     0   0   0   0   0   0   0  93   0   0   7   0   0   0   0   0   0   0   0   0     0    0    0   0.245      8  0.00
   45   45     0   0   0   0   0  67  27   0   0   0   0   0   0   0   0   0   0   0   0   7     0    0    0   0.803     26  0.00
   46   46     0   0   0   0   0   0   0   0   0   0   0   0 100   0   0   0   0   0   0   0     0    0    0   0.000      0  0.00
   47   47     0   0   0   0   0   0   0   0   0   0   0   0 100   0   0   0   0   0   0   0     0    0    0   0.000      0  0.00
   48   48     0   0   0   0   0   0   0   0   0   0   0   0   0   0   0 100   0   0   0   0     0    0    0   0.000      0  0.00
   49   49     0   0   0   0   0   0   0   0   0   0   0   0   0   0   0  23  77   0   0   0     0    0    0   0.540     18  0.00
//
