ID Pseudo hssp file.
SEQ 
SEQ gi|4557273|ref|NP_000018.1| aspartylglucosaminidase precursor [H...   237  5e-62
SEQ gi|183330|gb|AAA35903.1| (M64073) glycosylasparaginase [Homo sap...   237  5e-62
SEQ gi|732508|gb|AAB60655.1| (U21281) lysosomal glycosylasparaginase...   237  5e-62
SEQ gi|1942816|pdb|1APY|B Chain B, Human Aspartylglucosaminidase >gi...   237  5e-62
SEQ gi|13626552|ref|XP_003328.2| aspartylglucosaminidase precursor [...   237  5e-62
SEQ gi|2498163|sp|Q64191|ASPG_MOUSE N4-(BETA-N-ACETYLGLUCOSAMINYL)-L...   198  4e-50
SEQ gi|6685237|sp|O02467|ASPG_SPOFR N4-(BETA-N-ACETYLGLUCOSAMINYL)-L...   114  5e-25
SEQ gi|7303872|gb|AAF58918.1| (AE003832) CG1827 gene product [Drosop...   101  7e-21
SEQ gi|9758469|dbj|BAB08998.1| (AB012239) glycosylasparaginase-like ...    98  4e-20
SEQ gi|7302501|gb|AAF57585.1| (AE003796) CG10474 gene product [Droso...    93  1e-18
SEQ gi|2498161|sp|Q21697|ASPG_CAEEL PUTATIVE N4-(BETA-N-ACETYLGLUCOS...    92  3e-18
SEQ gi|2498162|sp|Q47898|ASPG_FLAME N4-(BETA-N-ACETYLGLUCOSAMINYL)-L...    61  1e-08
SEQ gi|3212477|pdb|1AYY|D Chain D, Glycosylasparaginase >gi|3212475|...    61  1e-08
SEQ gi|9257087|pdb|9GAF|A Chain A, Precursor Of The W11f Mutant Glyc...    61  1e-08
SEQ gi|5542509|pdb|2GAC|B Chain B, T152c Mutant Glycosylasparaginase...    59  3e-08
SEQ gi|9257083|pdb|9GAA|A Chain A, Precursor Of The T152a Mutant Gly...    59  3e-08
SEQ gi|9257085|pdb|9GAC|A Chain A, Precursor Of The T152c Mutant Gly...    59  3e-08
SEQ gi|13423888|gb|AAK24330.1| (AE005905) N4-(beta-N-acetylglucosami...    58  8e-08
SEQ gi|262566|gb|AAB24728.1| aspartylglucosaminidase beta subunit {N...    50  1e-05
SEQ gi|13815649|gb|AAK42501.1| (AE006836) Asparinase, putative  (ans...    48  7e-05
SEQ gi|2135299|pir||I70077 glycosylasparaginase - human (fragment) >...    47  2e-04
SEQ 
## SEQUENCE PROFILE AND ENTROPY
 SeqNo PDBNo   V   L   I   M   F   W   Y   G   A   P   S   T   C   H   R   K   Q   E   N   D  NOCC NDEL NINS ENTROPY RELENT WEIGHT
    1    1     0   0   0   0   0   0   0   0   0   0   0 100   0   0   0   0   0   0   0   0     0    0    0   0.000      0  0.00
    2    2     5   0  95   0   0   0   0   0   0   0   0   0   0   0   0   0   0   0   0   0     0    0    0   0.185      6  0.00
    3    3     0   0   0   0   0   0   0  91   0   0   5   5   0   0   0   0   0   0   0   0     0    0    0   0.368     12  0.00
    4    4     0   0   0  95   0   0   0   0   5   0   0   0   0   0   0   0   0   0   0   0     0    0    0   0.185      6  0.00
    5    5    55   5  32   0   0   0   0   0   9   0   0   0   0   0   0   0   0   0   0   0     0    0    0   1.053     35  0.00
    6    6    50   0   0   0   0   0   0   0  50   0   0   0   0   0   0   0   0   0   0   0     0    0    0   0.693     23  0.00
    7    7     5  32  59   0   0   0   0   0   0   0   0   0   0   0   5   0   0   0   0   0     0    0    0   0.956     31  0.00
    8    8     0   0   0   0   0   0   0   0   0   0   0   0   0  41   0   0   0   0   0  59     0    0    0   0.677     22  0.00
    9    9     5   0   0   0   0   0   0   0  32   0   5   5   0   0   5  41   5   5   0   0     0    0    0   1.573     52  0.00
   10   10     0   0   0   5   0   0   0   0   0   0   0  41   0   5   0   9  27  14   0   0     0    0    0   1.491     49  0.00
   11   11     0   0   0   0   0   0   0  91   0   0   5   0   0   0   0   0   0   0   5   0     0    0    0   0.368     12  0.00
   12   12     0   0   5   0   0   0   0   0   0   0   0   0   0  50   0   0   0   0  41   5     0    0    0   0.993     33  0.00
   13   13     5  36  50   0   5   0   0   0   0   0   0   5   0   0   0   0   0   0   0   0     0    0    0   1.136     37  0.00
   14   14     5   0   0   0   0   0   0   0  50   0  36   0   0   9   0   0   0   0   0   0     0    0    0   1.073     35  0.00
   15   15     9   0   0   0   0   0   0  32  59   0   0   0   0   0   0   0   0   0   0   0     0    0    0   0.893     29  0.00
   16   16     0   0   0   0   0   0   0  68  32   0   0   0   0   0   0   0   0   0   0   0     0    0    0   0.625     20  0.00
   17   17     0   0   0   0   0   0   0   0   0   0   0  68  32   0   0   0   0   0   0   0     0    0    0   0.625     20  0.00
   18   18     0   0   0   0   0   0   0   0   0   0  68  32   0   0   0   0   0   0   0   0     0    0    0   0.625     20  0.00
   19   19     0   0   0   0   0   0   0   0   0   0   5  95   0   0   0   0   0   0   0   0     0    0    0   0.185      6  0.00
   20   20     0   0   0   0   0   0   0   5   0   0  32   0   0   0   0   0   0   0  64   0     0    0    0   0.792     26  0.00
   21   21     0   0   0   0   0   0   0 100   0   0   0   0   0   0   0   0   0   0   0   0     0    0    0   0.000      0  0.00
   22   22     0   5  43  33   0   0   0   0  19   0   0   0   0   0   0   0   0   0   0   0     0    0    0   1.190     39  0.00
   23   23     0   0   0   0   0   0   0   0  33   0   0   5   0   0  14  48   0   0   0   0     0    0    0   1.142     38  0.00
   24   24     0   0   0   0  48   5  38   5   0   0   0   0   0   5   0   0   0   0   0   0     0    0    0   1.156     38  0.00
   25   25     0   0   0   0   0   0   0   0   0   0   0   5   0   0   0  95   0   0   0   0     0    0    0   0.191      6  0.00
   26   26     0  10  57  33   0   0   0   0   0   0   0   0   0   0   0   0   0   0   0   0     0    0    0   0.910     30  0.00
   27   27     0   0   0   0   0   0   0   0   0  35   0   0   0  60   5   0   0   0   0   0     0    0    0   0.824     27  0.00
   28   28     0   0   0   0   0   0   0 100   0   0   0   0   0   0   0   0   0   0   0   0     0    0    0   0.000      0  0.00
   29   29     0   0   0   0   0   0   0   0   0   0   0   0   0   0 100   0   0   0   0   0     0    0    0   0.000      0  0.00
   30   30   100   0   0   0   0   0   0   0   0   0   0   0   0   0   0   0   0   0   0   0     0    0    0   0.000      0  0.00
   31   31     0   0   0   0   0   0   0 100   0   0   0   0   0   0   0   0   0   0   0   0     0    0    0   0.000      0  0.00
   32   32     0   0   0   0   0   0   0   0   0   0   0   0   0   0   0   0   0   0   0 100     0    0    0   0.000      0  0.00
   33   33     0   0   0   0   0   0   0   5   5   0  90   0   0   0   0   0   0   0   0   0     0    0    0   0.381     12  0.00
   34   34     0   0   0   0   0   0   0   0   0  95   5   0   0   0   0   0   0   0   0   0     0    0    0   0.191      6  0.00
   35   35     0   0 100   0   0   0   0   0   0   0   0   0   0   0   0   0   0   0   0   0     0    0    0   0.000      0  0.00
   36   36     5   0  33   0   0   0   0   0   0  62   0   0   0   0   0   0   0   0   0   0     0    0    0   0.808     26  0.00
   37   37     0   0   0   0   0   0   0 100   0   0   0   0   0   0   0   0   0   0   0   0     0    0    0   0.000      0  0.00
   38   38     0   0   0   0   0   0   0  10  80   0  10   0   0   0   0   0   0   0   0   0     0    0    0   0.639     21  0.00
   39   39     0   0   0   0   0   0   0  80  15   0   5   0   0   0   0   0   0   0   0   0     0    0    0   0.613     20  0.00
   40   40     0  35   0   0   0   0   0  10  55   0   0   0   0   0   0   0   0   0   0   0     0    0    0   0.927     30  0.00
   41   41     0   0   0   0  30   0  65   0   5   0   0   0   0   0   0   0   0   0   0   0     0    0    0   0.791     26  0.00
   42   42    35   0   0   0   0   0  10   0  55   0   0   0   0   0   0   0   0   0   0   0     0    0    0   0.927     30  0.00
   43   43     0   0   0   0   0   0   0   0  10   0   0   0   0   0   0   0   0   0   0  90     0    0    0   0.325     10  0.00
   44   44     0   0   0   0   0   0   0   0   0   0   0   5   0   0   0   0   0   0  55  40     0    0    0   0.845     28  0.00
   45   45     0   0   0   0   0   0   0   0   0   0   5  40   0   0   0   5   0  45   0   5     0    0    0   1.175     39  0.00
   46   46    25   0  30   0   5   0   0   0  35   0   0   0   0   0   0   0   0   0   5   0     0    0    0   1.375     45  0.00
   47   47     5   0   0   0   0   0   0  95   0   0   0   0   0   0   0   0   0   0   0   0     0    0    0   0.199      6  0.00
   48   48     0   0   0   0   0   0   0  20  80   0   0   0   0   0   0   0   0   0   0   0     0    0    0   0.500     16  0.00
   49   49     5   0   0   0   0   0   0   0  90   0   0   0   5   0   0   0   0   0   0   0     0    0    0   0.394     13  0.00
   50   50    10   0   0   0   0   0   0   5  45   0   5  35   0   0   0   0   0   0   0   0     0    0    0   1.257     41  0.00
   51   51     0   0   0   0   0   0   0   0  85   0  10   5   0   0   0   0   0   0   0   0     0    0    0   0.518     17  0.00
   52   52     0   0   0   0   0   0   0   0   0   0   0 100   0   0   0   0   0   0   0   0     0    0    0   0.000      0  0.00
   53   53     0   0   0   0   0   0   0 100   0   0   0   0   0   0   0   0   0   0   0   0     0    0    0   0.000      0  0.00
   54   54     5   0   5   0   0   0   0   0   0   0   0   0   0  30   0   0   0   0  35  25     0    0    0   1.375     45  0.00
   55   55     0   0   0   0   0   0   0 100   0   0   0   0   0   0   0   0   0   0   0   0     0    0    0   0.000      0  0.00
   56   56     0   0   0   0   0   0   0   0   0   0   0   0   0   0   0   0   0  40   0  60     0    0    0   0.673     22  0.00
   57   57    10   0  40   0   0   0   0   0   0   0   0  15   0   0   0   0   0  35   0   0     0    0    0   1.249     41  0.00
   58   58    35  40   5  20   0   0   0   0   0   0   0   0   0   0   0   0   0   0   0   0     0    0    0   1.206     40  0.00
   59   59     0  10  35  55   0   0   0   0   0   0   0   0   0   0   0   0   0   0   0   0     0    0    0   0.927     30  0.00
   60   60     0   0   0   0   0   0   0   0   0   0   0   0   0   0 100   0   0   0   0   0     0    0    0   0.000      0  0.00
   61   61     0   0   5   0  60   0   0   0   0   0   0  30   0   0   0   0   0   0   5   0     0    0    0   0.967     32  0.00
   62   62    35  65   0   0   0   0   0   0   0   0   0   0   0   0   0   0   0   0   0   0     0    0    0   0.647     21  0.00
   63   63     0   0   0   0   0   0   0  35   0  65   0   0   0   0   0   0   0   0   0   0     0    0    0   0.647     21  0.00
   64   64     0   0   0   0   0   0   0   0   5   0  60  30   5   0   0   0   0   0   0   0     0    0    0   0.967     32  0.00
   65   65     0  10   0   0  15   0  40   0   0   0   0   0   0  30   0   5   0   0   0   0     0    0    0   1.392     46  0.00
   66   66     0  50   0   0   5   0   0   0   0   0   0   0   0   0   0   0  40   5   0   0     0    0    0   1.013     33  0.00
   67   67    45   0   0   0   0   0   0   0  55   0   0   0   0   0   0   0   0   0   0   0     0    0    0   0.688     22  0.00
   68   68    95   0   0   0   0   0   0   0   0   0   0   0   0   0   0   0   0   0   0   5     0    0    0   0.199      6  0.00
   69   69     0   0   5   0   0   0   0   0   0   0   0   5   0   0   0   0   0  90   0   0     0    0    0   0.394     13  0.00
   70   70     0  40   0   0   0   0  35   0   5   0   5   5   0   0   0   0   5   5   0   0     0    0    0   1.483     49  0.00
   71   71     5   0   0  95   0   0   0   0   0   0   0   0   0   0   0   0   0   0   0   0     0    0    0   0.199      6  0.00
   72   72     0   0   0   0   0   0   0   0   0   0   5   0   0   0  60   0   0   5  30   0     0    0    0   0.967     32  0.00
   73   73     0  10   0   0   0   0   0   5  10   0   0   0   0   0  35   0  40   0   0   0     0    0    0   1.344     44  0.00
   74   74     0   0   0   0   0   0   0 100   0   0   0   0   0   0   0   0   0   0   0   0     0    0    0   0.000      0  0.00
   75   75     0   0   0   5   5   0   0   0   5   0   0   5   0   0  35  10   0  30   0   5     0    0    0   1.708     57  0.00
   76   76     0   0   0   0   0   0   0   0   0   5  10  40   0   0   0  10   0   0   0  35     0    0    0   1.344     44  0.00
   77   77     0   0   5   0   0   0   0   0   0  95   0   0   0   0   0   0   0   0   0   0     0    0    0   0.199      6  0.00
   78   78     0   0   0   0   0   0   0   0  20   0   5  30   0   0   0   0  30  10   0   5     0    0    0   1.574     52  0.00
   79   79     0   0  35   0   0   0   0   0   5   0   0   0   0   0   0   5  30  15   5   5     0    0    0   1.612     53  0.00
   80   80     0   0   0   0   0   0   0   0 100   0   0   0   0   0   0   0   0   0   0   0     0    0    0   0.000      0  0.00
   81   81     5   5   0   0   0   0   0   0  20   0   0   0  70   0   0   0   0   0   0   0     0    0    0   0.871     29  0.00
   82   82     0   0   0   0   0   0   5   0   0   0   0   0   0   0  10  40  40   5   0   0     0    0    0   1.263     42  0.00
   83   83     0   5   0   0   0   0   0   0   5   0   0   5   0   0   0  70   0  10   0   5     0    0    0   1.079     36  0.00
   84   84    45   0  30   0   0   0   0   5  20   0   0   0   0   0   0   0   0   0   0   0     0    0    0   1.192     39  0.00
   85   85    40   5  55   0   0   0   0   0   0   0   0   0   0   0   0   0   0   0   0   0     0    0    0   0.845     28  0.00
   86   86     0   5   0   0   0   0   0   0   0   0  35   5   0   0   5   5   5   5  35   0     0    0    0   1.634     54  0.00
   87   87     0   0   0   0   0   0   0   0   0   0   0   0   0   0  95   5   0   0   0   0     0    0    0   0.199      6  0.00
   88   88     5   0  65   0   0   0   0   0   0   0   0   0   0   0  30   0   0   0   0   0     0    0    0   0.791     26  0.00
   89   89     0  15   0   0   0   0   0  30   5   0   5   5   0   0   0   0  40   0   0   0     0    0    0   1.462     48  0.00
   90   90     0   0   0   0   0   0   0   0   5   0   0   0   0   0   5  90   0   0   0   0     0    0    0   0.394     13  0.00
   91   91     5   0   0   0   0   0   5   0   0   0   0   5   0  45   0  10   0   0  30   0     0    0    0   1.400     46  0.00
   92   92     5  30   0   0  45   0   5   0   0   0   0   0   0  10   0   5   0   0   0   0     0    0    0   1.400     46  0.00
   93   93     0   0   0   0   0   0   0   0   0  58   0   0   0   0   0  42   0   0   0   0     0    0    0   0.681     22  0.00
   94   94     0   0   0   0   0   0   5   0   0   0   0   0   0   0   0   5   5  32   5  47     0    0    0   1.338     44  0.00
   95   95     0   0  33   0  67   0   0   0   0   0   0   0   0   0   0   0   0   0   0   0     0    0    0   0.637     21  0.00
   96   96     6   0   0  11  39   0   0   0   0   0   6   0   0   0   0   0  33   6   0   0     0    0    0   1.459     48  0.00
   97   97    39   0   0   0   0   0   0  61   0   0   0   0   0   0   0   0   0   0   0   0     0    0    0   0.668     22  0.00
   98   98     0   0   0   0   0   0   0  33  67   0   0   0   0   0   0   0   0   0   0   0     0    0    0   0.637     21  0.00
   99   99    61   6   0   0  33   0   0   0   0   0   0   0   0   0   0   0   0   0   0   0     0    0    0   0.828     27  0.00
  100  100    11   0  89   0   0   0   0   0   0   0   0   0   0   0   0   0   0   0   0   0     0    0    0   0.349     11  0.00
  101  101     6   0   0   0   0   0   0   0  56   0   0   0  39   0   0   0   0   0   0   0     0    0    0   0.854     28  0.00
  102  102    11  39   0   6   0   0   0   0  44   0   0   0   0   0   0   0   0   0   0   0     0    0    0   1.132     37  0.00
  103  103     0   0   0   0   0   0   0   0   0   0  11   0   0   0   0   0   0   0  78  11     0    0    0   0.684     22  0.00
  104  104    44   0   0   0   0   0   0   0   0   0   0   0   0   0  11  44   0   0   0   0     0    0    0   0.965     32  0.00
  105  105     0  11   0   0   0   0   0   0   0   0   0  33   0   0   0  39   0   0  17   0     0    0    0   1.276     42  0.00
  106  106     0   0   0   0   0   0   0 100   0   0   0   0   0   0   0   0   0   0   0   0     0    0    0   0.000      0  0.00
  107  107     0   0   0   0   0   0   0   0   0   0  44   6   0   0   6   0   6  33   6   0     0    0    0   1.369     45  0.00
  108  108     0   0   6   0   0   0  89   0   0   0   0   0   0   6   0   0   0   0   0   0     0    0    0   0.426     14  0.00
  109  109     0   0   0   0   0   0   0  89  11   0   0   0   0   0   0   0   0   0   0   0     0    0    0   0.349     11  0.00
  110  110     6   0   0   0   0   0   0   6  89   0   0   0   0   0   0   0   0   0   0   0     0    0    0   0.426     14  0.00
  111  111     0   0   0   0   0   0  33   0  56   0   6   0   0   0   6   0   0   0   0   0     0    0    0   1.014     33  0.00
  112  112     0   0   0   0   0   0   0   0   0   0   0   0 100   0   0   0   0   0   0   0     0    0    0   0.000      0  0.00
  113  113     0   0  33   0   0   0  11   0   6   0   0   0   0   6   0   0   0   0  44   0     0    0    0   1.292     43  0.00
  114  114     0   0   0   0   0   0   0  22   0   0   0   0   0   0   0  39  33   0   6   0     0    0    0   1.228     41  0.00
  115  115     0  67  17   0   0   8   0   0   0   0   0   8   0   0   0   0   0   0   0   0     0    0    0   0.983     32  0.00
  116  116     0   0   0   0   0   0   0   8   8   8  50   8   0   0   0   0   0   8   8   0     0    0    0   1.589     53  0.00
  117  117     0   0   0  10   0   0   0   0   0   0   0  80   0   0   0  10   0   0   0   0     0    0    0   0.639     21  0.00
  118  118     0   0   0   0  90   0   0   0  10   0   0   0   0   0   0   0   0   0   0   0     0    0    0   0.325     10  0.00
  119  119     0   0   0   0   0   0   0   0   0   0   0  50   0   0   7   0   0   0   0  43     0    0    0   0.898     29  0.00
  120  120     0   0   0   0   0   0   0  40   0   0   0   0   0   0   0   7  47   7   0   0     0    0    0   1.083     36  0.00
  121  121     0   0   0   0 100   0   0   0   0   0   0   0   0   0   0   0   0   0   0   0     0    0    0   0.000      0  0.00
  122  122     0   0   0   0   0   0   0   0   6   6  44   0   0   0   0   0   6   0  38   0     0    0    0   1.249     41  0.00
  123  123     0   0   0   0  88   0  13   0   0   0   0   0   0   0   0   0   0   0   0   0     0    0    0   0.377     12  0.00
  124  124     0   0   0  56   0   0   0   0  38   0   6   0   0   0   0   0   0   0   0   0     0    0    0   0.865     28  0.00
  125  125   100   0   0   0   0   0   0   0   0   0   0   0   0   0   0   0   0   0   0   0     0    0    0   0.000      0  0.00
  126  126     0   0   0   0   0   0  40   0   0   0  13   0   0  40   0   0   7   0   0   0     0    0    0   1.182     39  0.00
  127  127     0   0   0   0   0   0   0   0   0   0   7   0   0   0   0   0   0   0  53  40     0    0    0   0.882     29  0.00
  128  128     0   0   0   0   0   0   0   0   6   6  50   0   0   0   0   0  38   0   0   0     0    0    0   1.061     35  0.00
  129  129     0   6   0   0   0   0   0   6   0   0   6   0   0   0   0  38   0  38   0   6     0    0    0   1.429     47  0.00
  130  130     0   0   0   6   0   0   0  38   6   6   0   0   0   6   0  38   0   0   0   0     0    0    0   1.429     47  0.00
  131  131     0   0   0   0   0   0   0   6   0   0   0   0   0   0   0   0   0   0  88   6     0    0    0   0.463     15  0.00
  132  132     0   0   0   0   0   0   0   7   0   0   0   0   0   0  40   0  47   7   0   0     0    0    0   1.083     36  0.00
  133  133     0   0   0   0   0   0   0   0   0 100   0   0   0   0   0   0   0   0   0   0     0    0    0   0.000      0  0.00
  134  134    11   0   0   0   0   0   0   0   0   0   0  89   0   0   0   0   0   0   0   0     0    0    0   0.349     11  0.00
  135  135     0   0   0   0   0   0   0   0   0   0   0   0   0   0  22   0   0  78   0   0     0    0    0   0.530     17  0.00
  136  136     0   0   0   0   0   0   0   0   0   0   0   0   0   0   0  11   0  89   0   0     0    0    0   0.349     11  0.00
  137  137     0   0   0   0   0   0   0   0   0   0  11  11   0   0   0  78   0   0   0   0     0    0    0   0.684     22  0.00
  138  138   100   0   0   0   0   0   0   0   0   0   0   0   0   0   0   0   0   0   0   0     0    0    0   0.000      0  0.00
  139  139     0   0   0   0   0   0   0   0   0   0   0   0   0   0   0  11   0  11   0  78     0    0    0   0.684     22  0.00
  140  140     0   0   0   0   0   0   0   0   0   0   0   0 100   0   0   0   0   0   0   0     0    0    0   0.000      0  0.00
  141  141     0   0 100   0   0   0   0   0   0   0   0   0   0   0   0   0   0   0   0   0     0    0    0   0.000      0  0.00
//
