ID Pseudo hssp file.
SEQ 
SEQ gi|400729|sp|P31664|PAND_ECOLI ASPARTATE 1-DECARBOXYLASE PRECURS...   178  2e-44
SEQ gi|3212460|pdb|1AW8|B Chain B, Pyruvoyl Dependent Aspartate Deca...   169  6e-42
SEQ gi|3212462|pdb|1AW8|E Chain E, Pyruvoyl Dependent Aspartate Deca...   169  6e-42
SEQ gi|7471154|pir||H75483 aspartate 1-decarboxylase (EC 4.1.1.11) D...    97  6e-20
SEQ gi|13423814|gb|AAK24266.1| (AE005900) aspartate 1-decarboxylase ...    96  1e-19
SEQ gi|11360500|pir||G82832 aspartate 1-decarboxylase precursor XF02...    94  2e-19
SEQ gi|11347458|pir||G83053 aspartate 1-decarboxylase precursor PA47...    89  1e-17
SEQ gi|3786394|gb|AAC67386.1| (AF061246) aspartate-1-decarboxylase [...    86  1e-16
SEQ gi|2498746|sp|O06281|PAND_MYCTU ASPARTATE 1-DECARBOXYLASE PRECUR...    84  5e-16
SEQ gi|13092575|emb|CAC29739.1| (AL583917) putative aspartate-1-deca...    83  6e-16
SEQ gi|11280004|pir||A81100 aspartate 1-decarboxylase NMB1282 [impor...    83  7e-16
SEQ gi|11280003|pir||F81840 aspartate 1-decarboxylase (EC 4.1.1.11) ...    81  3e-15
SEQ gi|4731294|gb|AAD28430.1|AF116184_1 (AF116184) L-aspartate-alpha...    76  1e-13
SEQ gi|13702554|dbj|BAB43695.1| (AP003137) aspartate 1-decarboxylase...    76  2e-13
SEQ gi|1709570|sp|P52999|PAND_BACSU ASPARTATE 1-DECARBOXYLASE PRECUR...    75  2e-13
SEQ gi|11280002|pir||D81448 aspartate 1-decarboxylase (EC 4.1.1.11) ...    74  3e-13
SEQ gi|10174306|dbj|BAB05408.1| (AP001512) aspartate 1-decarboxylase...    72  2e-12
SEQ gi|2644972|emb|CAA05822.1| (AJ003049) PanD protein [Wolinella su...    70  7e-12
SEQ gi|12620795|gb|AAG61071.1|AF322013_190 (AF322013) ID899 [Bradyrh...    69  1e-11
SEQ gi|13488064|ref|NP_085658.1| aspartate 1-decarboxylase [Mesorhiz...    66  1e-10
SEQ gi|13474851|ref|NP_106421.1| aspartate 1-decarboxylase [Mesorhiz...    65  2e-10
SEQ gi|12044308|gb|AAG47796.1|AF311738_12 (AF311738) PanD [Mesorhizo...    65  2e-10
SEQ gi|11134281|sp|Q9ZN30|PAND_HELPJ ASPARTATE 1-DECARBOXYLASE PRECU...    63  1e-09
SEQ gi|7430397|pir||A70343 aspartate 1-decarboxylase (EC 4.1.1.11) -...    62  1e-09
SEQ gi|2498745|sp|P56065|PAND_HELPY ASPARTATE 1-DECARBOXYLASE PRECUR...    60  6e-09
SEQ gi|10954747|ref|NP_066682.1| similar to pgi gene in Xanthomonas ...    57  7e-08
SEQ gi|7430398|pir||C72316 aspartate 1-decarboxylase (EC 4.1.1.11) -...    55  2e-07
SEQ gi|2498747|sp|Q55382|PAND_SYNY3 ASPARTATE 1-DECARBOXYLASE PRECUR...    46  1e-04
SEQ 
## SEQUENCE PROFILE AND ENTROPY
 SeqNo PDBNo   V   L   I   M   F   W   Y   G   A   P   S   T   C   H   R   K   Q   E   N   D  NOCC NDEL NINS ENTROPY RELENT WEIGHT
    1    1     0   0   0   0   0   0   0   0   0   0   0   0 100   0   0   0   0   0   0   0     0    0    0   0.000      0  0.00
    2    2     0   0   0   0   0   0   0   9  64   0  27   0   0   0   0   0   0   0   0   0     0    0    0   0.860     28  0.00
    3    3     7  14  79   0   0   0   0   0   0   0   0   0   0   0   0   0   0   0   0   0     0    0    0   0.642     21  0.00
    4    4     0   0   0   0   0   0   0   0   0   0   0   0   0   0   0   0   0   0   0 100     0    0    0   0.000      0  0.00
    5    5     0   0   0   0   0   0   0   7  14  14   3   0   0   0   7   0  28  28   0   0     0    0    0   1.742     58  0.00
    6    6     3   3   0   0   0   0   3   0   0   0   0   3   0   0   0   3   0   7   0  76     0    0    0   0.975     32  0.00
    7    7     0  59   7   3  17   3   0   0   0   0   0   0   0  10   0   0   0   0   0   0     0    0    0   1.268     42  0.00
    8    8     3  52   3  21   0   0   0   0   7   0   0   0  14   0   0   0   0   0   0   0     0    0    0   1.357     45  0.00
    9    9     0   0   0   0   0   0   0   7   0   0   0   0   0   3   3   7   3  31   0  45     0    0    0   1.440     48  0.00
   10   10     0  14   0   0   0   0   0   0  72   0   0   0   0   0   3   3   0   7   0   0     0    0    0   0.924     30  0.00
   11   11    17   0   0   0   0   0   0   0  72   0  10   0   0   0   0   0   0   0   0   0     0    0    0   0.772     25  0.00
   12   12     0   0   0   0   0   0   0  66   0   0   0   0   0   0   0   7   0   3   0  24     0    0    0   0.921     30  0.00
   13   13     0  34  55  10   0   0   0   0   0   0   0   0   0   0   0   0   0   0   0   0     0    0    0   0.930     31  0.00
   14   14     7  55   3   0   0   0  10   0   0   0   3   0   0   0  10  10   0   0   0   0     0    0    0   1.449     48  0.00
   15   15     7   0   3   0   0   0   0   0   0  38   0   0   0   0   0   0   0  52   0   0     0    0    0   1.009     33  0.00
   16   16     0   7   0  10  10   0   7  24   0   0   0   0   0   0   0   0   0   0  41   0     0    0    0   1.546     51  0.00
   17   17     0   0   0   7   0   0   0   0   0   0   0   0   0   0   0   0   3  90   0   0     0    0    0   0.398     13  0.00
   18   18     0   3   0   0  10   0   3   0  14   0   0   0   0   0   3  48  14   3   0   0     0    0    0   1.597     53  0.00
   19   19    76   0  24   0   0   0   0   0   0   0   0   0   0   0   0   0   0   0   0   0     0    0    0   0.553     18  0.00
   20   20     0   3   0   0   0   0   0   0  14   0   0   7   0   3   0   0  14  31   0  28     0    0    0   1.682     56  0.00
   21   21    14   3  83   0   0   0   0   0   0   0   0   0   0   0   0   0   0   0   0   0     0    0    0   0.546     18  0.00
   22   22    41   7   3   0   0  34  14   0   0   0   0   0   0   0   0   0   0   0   0   0     0    0    0   1.306     43  0.00
   23   23     0   0   0   0   0   0   0   0   0   0   0   0   0   0   0   0   0   0  79  21     0    0    0   0.510     17  0.00
   24   24    41   3  24   0   0   0   0   0   0   0   0   0   0   0   0  14   0   0  17   0     0    0    0   1.401     46  0.00
   25   25     0   0   0   3   0   0   0   0   0   0   3  28   0   0   0   0   0   3  55   7     0    0    0   1.216     40  0.00
   26   26     0   0   0   0   0   0   0   0   0   0  14   3   0   0   0   0   0   0  83   0     0    0    0   0.546     18  0.00
   27   27     0   0   0   0   0   0   0  97   3   0   0   0   0   0   0   0   0   0   0   0     0    0    0   0.150      5  0.00
   28   28     0   0   0   0   0   0   0   0  48   0   0   3   0   0   0  14   0  28   7   0     0    0    0   1.281     42  0.00
   29   29     0   0   0   0   0   0   0   0   0   0   0   0   0   0 100   0   0   0   0   0     0    0    0   0.000      0  0.00
   30   30     0  17  14   0  69   0   0   0   0   0   0   0   0   0   0   0   0   0   0   0     0    0    0   0.833     27  0.00
   31   31    10   0   0   0   0   0   0   0   3   0  45  10   0   3   0   0   3  24   0   0     0    0    0   1.520     50  0.00
   32   32     0   0   0   0   0   0   0   0   0   0   0 100   0   0   0   0   0   0   0   0     0    0    0   0.000      0  0.00
   33   33     0   0   0   0   0   0 100   0   0   0   0   0   0   0   0   0   0   0   0   0     0    0    0   0.000      0  0.00
   34   34    48   0   7   0   0   0   0   0  34   0   0  10   0   0   0   0   0   0   0   0     0    0    0   1.138     37  0.00
   35   35     0  10  90   0   0   0   0   0   0   0   0   0   0   0   0   0   0   0   0   0     0    0    0   0.333     11  0.00
   36   36     3  17   0   0   0   0   3   0  31  10   3   3   0   0  10  10   0   7   0   0     0    0    0   2.019     67  0.00
   37   37     0   0   0   0   0   0   0  66  31   0   0   3   0   0   0   0   0   0   0   0     0    0    0   0.756     25  0.00
   38   38     0   0   0   0   0   0   0   0   0  17   0   0   0   0   0  21   7  48   0   7     0    0    0   1.349     45  0.00
   39   39     0   0   0   0   0   0   0   0   7   7   0   0   0   3  69   7   0   3   3   0     0    0    0   1.158     38  0.00
   40   40     0   0   0   3   0   0   3  79   0   0   0   0   0   3   7   0   0   3   0   0     0    0    0   0.833     27  0.00
   41   41     0   0   0   0   0   0   0  10   0   0  83   7   0   0   0   0   0   0   0   0     0    0    0   0.576     19  0.00
   42   42     0   0   0   0   0   0   0  46   0   0   0   0   0   0  36  14   0   4   0   0     0    0    0   1.121     37  0.00
   43   43    33   0  19   4   0   0   0   0   0   0   0   4  15   0   0   4   0  19   4   0     0    0    0   1.762     58  0.00
   44   44     7   0  72   3   3   0   0   0   0   0   0   0  14   0   0   0   0   0   0   0     0    0    0   0.924     30  0.00
   45   45     0   0  14   0   0   0   0  14   0   0  28   0  38   0   0   3   0   0   3   0     0    0    0   1.502     50  0.00
   46   46    31  52  14   0   0   0   0   0   0   3   0   0   0   0   0   0   0   0   0   0     0    0    0   1.093     36  0.00
   47   47     0   0   0   0   0   0   3   0   0   0   0   0   0   0   0   0   0   0  97   0     0    0    0   0.150      5  0.00
   48   48     0   0   0   0   0   0   0 100   0   0   0   0   0   0   0   0   0   0   0   0     0    0    0   0.000      0  0.00
   49   49     0   0   0   0   0   0   0   7  93   0   0   0   0   0   0   0   0   0   0   0     0    0    0   0.251      8  0.00
   50   50     0   0   0   0   0   0   0   0 100   0   0   0   0   0   0   0   0   0   0   0     0    0    0   0.000      0  0.00
   51   51     0   0   0   0   0   0   0   0  97   0   3   0   0   0   0   0   0   0   0   0     0    0    0   0.150      5  0.00
   52   52     0   3   0   0   0   0   0   0   0   0   0   0   0  31  66   0   0   0   0   0     0    0    0   0.756     25  0.00
   53   53     0  52   0   0   0   0   3   0   0   0   0  14  14   0   3  14   0   0   0   0     0    0    0   1.393     46  0.00
   54   54    45   0   3   3   0   0   0   7  24   0   0   0  17   0   0   0   0   0   0   0     0    0    0   1.422     47  0.00
   55   55     0   0   0   3   0   0   0   0  10   0  14   0   0  14   3   3  38  10   3   0     0    0    0   1.848     61  0.00
   56   56    28   3  10   0   0   0   0   0   0  31   0   0   0   0   0  14   3  10   0   0     0    0    0   1.693     56  0.00
   57   57     0   0   0   0   0   0   0  86   0   0   3   0   0   0   0   0   0   0   3   7     0    0    0   0.545     18  0.00
   58   58     0   0   0   0   0   0   0   0   0   0   0   0   0   0   0   0   0   0   0 100     0    0    0   0.000      0  0.00
   59   59    14  21  21   3   0   0   0   0   0   7   0   0   0   0  10  14   7   3   0   0     0    0    0   2.034     67  0.00
   60   60    66   7  28   0   0   0   0   0   0   0   0   0   0   0   0   0   0   0   0   0     0    0    0   0.817     27  0.00
   61   61     0   0 100   0   0   0   0   0   0   0   0   0   0   0   0   0   0   0   0   0     0    0    0   0.000      0  0.00
   62   62    21   7  72   0   0   0   0   0   0   0   0   0   0   0   0   0   0   0   0   0     0    0    0   0.744     24  0.00
   63   63    10   7  14  21   3   0   0   0  28   0   0   0  17   0   0   0   0   0   0   0     0    0    0   1.793     59  0.00
   64   64     0   0   0   0   0   0   0   0  34   0  45  10   0   0   0   0   0   0  10   0     0    0    0   1.196     39  0.00
   65   65     0   0   0   0  24   0  62   0   0   0  14   0   0   0   0   0   0   0   0   0     0    0    0   0.912     30  0.00
   66   66    26   4  11   0   0   0   0   7  44   0   0   0   4   0   0   4   0   0   0   0     0    0    0   1.514     50  0.00
   67   67     0   4   0   4   4   0  11   0   0   4  11  22   0   4   0   0  30   0   4   4     0    0    0   2.037     68  0.00
   68   68     4  22   0  44  11   0  11   0   4   0   0   0   4   0   0   0   0   0   0   0     0    0    0   1.549     51  0.00
   69   69     0   0   0   0   0   0   0   0   4  19  26   7   0   0   0   0   0   7  15  22     0    0    0   1.787     59  0.00
   70   70     4   0   0   0   0   0   0   0   4   0   0   0   0   0   4   0   0  56   0  33     0    0    0   1.059     35  0.00
   71   71     0   0   0   0   0   0   0   0  30   7   4   0   0   0   0   0   4  41   0  15     0    0    0   1.446     48  0.00
   72   72     0   0   0   0   0   0   0   0   0   0   0   0   0  11   4   0   0  78   4   4     0    0    0   0.806     26  0.00
   73   73     4  11  37   0   0   0   0   0  48   0   0   0   0   0   0   0   0   0   0   0     0    0    0   1.086     36  0.00
   74   74     0   0   4   0   0   0   0   0  22   0   4  11   0   4  26  19   0   4   7   0     0    0    0   1.922     64  0.00
   75   75     4   0   0   0   0   0   0   0  22   0  22  30   0   0   0   7   0   4  11   0     0    0    0   1.710     57  0.00
   76   76     0  19   0   0  11  15  26   0   0   0   0   0   0  30   0   0   0   0   0   0     0    0    0   1.550     51  0.00
   77   77     0   0   0   0   0   0   0   0  11   0   4   0   0   0  15  41  11  19   0   0     0    0    0   1.571     52  0.00
   78   78     0   0   0   0   0   0   0   0   0 100   0   0   0   0   0   0   0   0   0   0     0    0    0   0.000      0  0.00
   79   79     0   0   0   0   0   0   0   0   0   0   7   7   0   4  26  37   0   0  19   0     0    0    0   1.538     51  0.00
   80   80    59   7  30   4   0   0   0   0   0   0   0   0   0   0   0   0   0   0   0   0     0    0    0   0.985     32  0.00
   81   81    59   7   7   0   0   0   0   0  26   0   0   0   0   0   0   0   0   0   0   0     0    0    0   1.046     34  0.00
   82   82    15  30   0   0  15   0  22   0   0   0   0  11   0   4   4   0   0   0   0   0     0    0    0   1.749     58  0.00
   83   83    52  11   0   7  30   0   0   0   0   0   0   0   0   0   0   0   0   0   0   0     0    0    0   1.138     37  0.00
   84   84     0   0   0   0   0   0   0   4   4   0   0   0   0   0   0   0   0  15  19  59     0    0    0   1.149     38  0.00
   85   85     0   0   0   0   0   0   0  22  19   4   0   0   0   0   4   0  11  37   0   4     0    0    0   1.625     54  0.00
   86   86     0   0   0   0   0   0   4   7   4   0   4   0   0   0   0  26   4   0  11  41     0    0    0   1.641     54  0.00
   87   87     0   0   0   0   0   0   0   0   0   0   0   0   0   0   0   0   0   0 100   0     0    0    0   0.000      0  0.00
   88   88     0   4   0   0   0   0   0   4   4   0   0   0   0   4  13  21  13  29   4   4     0    0    0   2.001     66  0.00
   89   89     0  10  67  24   0   0   0   0   0   0   0   0   0   0   0   0   0   0   0   0     0    0    0   0.836     27  0.00
   90   90     0   0   0   0   0   0   0   0   0   0   0   0   0   0  22  67   0  11   0   0     0    0    0   0.849     28  0.00
//
