ID Pseudo hssp file.
SEQ 
SEQ gi|6094322|sp|Q07889|SOS1_HUMAN SON OF SEVENLESS PROTEIN HOMOLOG...   263  5e-70
SEQ gi|476780|pir||A37488 Ras guanine nucleotide exchange factor son...   263  5e-70
SEQ gi|6678063|ref|NP_033257.1| Son of sevenless homolog 1, (Drosoph...   257  4e-68
SEQ gi|6175037|sp|Q62245|SOS1_MOUSE SON OF SEVENLESS PROTEIN HOMOLOG...   257  4e-68
SEQ gi|2982068|pdb|1AWE|    Human Sos1 Pleckstrin Homology (Ph) Doma...   256  7e-68
SEQ gi|6729800|pdb|1DBH|A Chain A, Dbl And Pleckstrin Homology Domai...   252  2e-66
SEQ gi|2194028|pdb|1PMS|    Pleckstrin Homology Domain Of Son Of Sev...   250  4e-66
SEQ gi|13630928|ref|XP_007270.3| 2280 [Homo sapiens]                      226  7e-59
SEQ gi|6094323|sp|Q02384|SOS2_MOUSE SON OF SEVENLESS PROTEIN HOMOLOG...   226  9e-59
SEQ gi|5032107|ref|NP_005624.1| son of sevenless (Drosophila) homolo...   225  1e-58
SEQ gi|103188|pir||A41216 guanine nucleotide exchange activator son-...   116  1e-25
SEQ gi|134736|sp|P26675|SOS_DROME SON OF SEVENLESS PROTEIN >gi|15848...   116  1e-25
SEQ gi|7332152|gb|AAF60839.1| (AC024843) Hypothetical protein Y61A9L...    58  8e-08
SEQ gi|9022387|gb|AAF82360.1|AF251308_1 (AF251308) guanine nucleotid...    58  8e-08
SEQ gi|13435163|ref|NP_079446.1| hypothetical protein FLJ12987 [Homo...    57  1e-07
SEQ gi|13636456|ref|XP_016690.1| similar to hypothetical protein FLJ...    51  1e-05
SEQ 
## SEQUENCE PROFILE AND ENTROPY
 SeqNo PDBNo   V   L   I   M   F   W   Y   G   A   P   S   T   C   H   R   K   Q   E   N   D  NOCC NDEL NINS ENTROPY RELENT WEIGHT
    1    1     0  31   0  69   0   0   0   0   0   0   0   0   0   0   0   0   0   0   0   0     0    0    0   0.617     20  0.00
    2    2     0   0   0   0   0   0   0   0   0   0   0   0   0   0   0   0   0  13  87   0     0    0    0   0.393     13  0.00
    3    3     0   0   0   0   0   0   0   0   0   0   0   0   0   0   0   0   0 100   0   0     0    0    0   0.000      0  0.00
    4    4     0  12  76   0   0  12   0   0   0   0   0   0   0   0   0   0   0   0   0   0     0    0    0   0.709     23  0.00
    5    5     0   0   0   0   0   0   0   0   0   0   0   0   0   0   0   0 100   0   0   0     0    0    0   0.000      0  0.00
    6    6     0   0   0  12   0   0   0   0   0   0  24   0   0   0   0  65   0   0   0   0     0    0    0   0.874     29  0.00
    7    7     0   0   0   0   0   0   0   0   0   0  12   0   0  12   0  12   0   0  65   0     0    0    0   1.037     34  0.00
    8    8    12   0  88   0   0   0   0   0   0   0   0   0   0   0   0   0   0   0   0   0     0    0    0   0.362     12  0.00
    9    9     0   0   0   0   0   0   0   0   0   0   0   0   0   0   0   0   0  24   0  76     0    0    0   0.546     18  0.00
   10   10     0   0   0   0   0   0   0  88   0   0   0   0   0  12   0   0   0   0   0   0     0    0    0   0.362     12  0.00
   11   11     0   0   0   0  12  88   0   0   0   0   0   0   0   0   0   0   0   0   0   0     0    0    0   0.362     12  0.00
   12   12     0   0   0   0   0   0   0   0   0   0   0  12   0   0   0   0   0  88   0   0     0    0    0   0.362     12  0.00
   13   13     0   0   0   0   0   0   0  88   0   0   0   0   0   0   0   0   0   0   0  12     0    0    0   0.362     12  0.00
   14   14     0   0   0   0   0   0   0   0   0   0  24   0   0   0   0  76   0   0   0   0     0    0    0   0.546     18  0.00
   15   15     0   0   0   0   0   0   0   0   0  12   0   0   0   0   0   0   0   0  12  76     0    0    0   0.709     23  0.00
   16   16    12   0  88   0   0   0   0   0   0   0   0   0   0   0   0   0   0   0   0   0     0    0    0   0.362     12  0.00
   17   17     0   0   0   0   0   0   0  88   0   0   0  12   0   0   0   0   0   0   0   0     0    0    0   0.362     12  0.00
   18   18     0   0   0   0   0   0   0   0   0   0   0   0   0   0   0  12  76   0   0  12     0    0    0   0.709     23  0.00
   19   19     0   0   0   0   0   0   0   0   0   0   0  24  65   0   0   0   0   0  12   0     0    0    0   0.874     29  0.00
   20   20     0   0   0   0   0   0   0   0   0   0   0   0 100   0   0   0   0   0   0   0     0    0    0   0.000      0  0.00
   21   21     0   0   0   0   0   0   0   0   0   0   0  12   0   0   0   0   0   0  88   0     0    0    0   0.362     12  0.00
   22   22     0   0   0   0   0   0   0   0   0   0   0   0   0   0   0   0   0 100   0   0     0    0    0   0.000      0  0.00
   23   23     0  12   0  12  76   0   0   0   0   0   0   0   0   0   0   0   0   0   0   0     0    0    0   0.709     23  0.00
   24   24     0  12  76   0   0   0   0   0   0   0   0   0   0   0   0   0   0  12   0   0     0    0    0   0.709     23  0.00
   25   25     0   0   0  75   0   0   0   0   0   0   0   0   0   0  13  13   0   0   0   0     0    0    0   0.736     24  0.00
   26   26     0   0   0   0   0   0   0   0   0   0   0   0  12   0   0   0   0  76   0  12     0    0    0   0.709     23  0.00
   27   27     0   0   0   0   0   0   0  88   0   0   0   0   0   0   0   0   0   0   0  12     0    0    0   0.362     12  0.00
   28   28    12   0   0   0   0   0   0   0   0  18  12  47   0   0   0   0   0   0   0  12     0    0    0   1.416     47  0.00
   29   29     0 100   0   0   0   0   0   0   0   0   0   0   0   0   0   0   0   0   0   0     0    0    0   0.000      0  0.00
   30   30     0  12   0   0   0   0   0  12   0   0  12  65   0   0   0   0   0   0   0   0     0    0    0   1.037     34  0.00
   31   31     0   0   0  12   0   0   0   0   0   0   0   0   0   0  65  24   0   0   0   0     0    0    0   0.874     29  0.00
   32   32    47  12  41   0   0   0   0   0   0   0   0   0   0   0   0   0   0   0   0   0     0    0    0   0.972     32  0.00
   33   33     0   0   0   0   0   0   0  88   0   0   0   0   0   0  12   0   0   0   0   0     0    0    0   0.362     12  0.00
   34   34     0   0   0   0   0   0   0   0  65  12  12   0   0   0   0   0   0   0  12   0     0    0    0   1.037     34  0.00
   35   35     0   0  12   0   0   0   0  12   0   0   0   0   0   0   0  76   0   0   0   0     0    0    0   0.709     23  0.00
   36   36     0   0   0   0   0   0   0   0   0   0   0  12   0  65   0  12  12   0   0   0     0    0    0   1.037     34  0.00
   37   37     0   0   0   0   0   0   0   0   0   0   0   0   0   0   0   0   0 100   0   0     0    0    0   0.000      0  0.00
   38   38     0   0   0   0   0   0   0   0   0   0   0   0   0   0 100   0   0   0   0   0     0    0    0   0.000      0  0.00
   39   39    12   0   0   0  12   0   0   0   0   0   0   0   0  65   0  12   0   0   0   0     0    0    0   1.037     34  0.00
   40   40    24   0  65   0  12   0   0   0   0   0   0   0   0   0   0   0   0   0   0   0     0    0    0   0.874     29  0.00
   41   41     0   0   0   0  88   0  12   0   0   0   0   0   0   0   0   0   0   0   0   0     0    0    0   0.362     12  0.00
   42   42     0  88  12   0   0   0   0   0   0   0   0   0   0   0   0   0   0   0   0   0     0    0    0   0.362     12  0.00
   43   43     0   0   0   0 100   0   0   0   0   0   0   0   0   0   0   0   0   0   0   0     0    0    0   0.000      0  0.00
   44   44     0   0   0   0   0   0   0   0   0   0   0   0   0   0   0   0   0   0   0 100     0    0    0   0.000      0  0.00
   45   45     0   0   0   0   0   0   0  76   0   0   0   0   0   0   0   0  12   0  12   0     0    0    0   0.709     23  0.00
   46   46     0  88   0  12   0   0   0   0   0   0   0   0   0   0   0   0   0   0   0   0     0    0    0   0.362     12  0.00
   47   47     0  13  13  75   0   0   0   0   0   0   0   0   0   0   0   0   0   0   0   0     0    0    0   0.736     24  0.00
   48   48    35   0  65   0   0   0   0   0   0   0   0   0   0   0   0   0   0   0   0   0     0    0    0   0.649     21  0.00
   49   49     0  24   0   0   0   0  12   0   0   0  18   0  47   0   0   0   0   0   0   0     0    0    0   1.253     41  0.00
   50   50     0   0   0   0   0   0   0   0   0   0   0   0 100   0   0   0   0   0   0   0     0    0    0   0.000      0  0.00
   51   51     0   0   0   0   0   0   0   0   0   0   0   0   0   0   0 100   0   0   0   0     0    0    0   0.000      0  0.00
   52   52     0   0   0   0   0   0   0   0  12  18  47   0   0   0  24   0   0   0   0   0     0    0    0   1.253     41  0.00
   53   53     0   0   0   0   0   0   0   0   0   0   0   0   0  12   0  12   0   0  76   0     0    0    0   0.709     23  0.00
   54   54     0   0   0   0   0   0   0   0   0   0   0   0   0  76  12  12   0   0   0   0     0    0    0   0.709     23  0.00
   55   55     0   0   0   0   0   0   0  65   0   0   0   0   0   0  12  12   0   0  12   0     0    0    0   1.037     34  0.00
   56   56     0   0   0   0   0   0   0   0   0   0   0  12   0   0  12   0  76   0   0   0     0    0    0   0.709     23  0.00
   57   57     0  13   0   0   0   0   0   0   0  53   0  33   0   0   0   0   0   0   0   0     0    0    0   0.970     32  0.00
   58   58     0   0   0   0   0   0   0   0   0  13   0   0   0   0  73  13   0   0   0   0     0    0    0   0.765     25  0.00
   59   59     0  73   0   0   0   0   0   0   0   0  13   0   0   0   0   0   0   0  13   0     0    0    0   0.765     25  0.00
   60   60     0   0   0   0   0   0   0   0  13  73  13   0   0   0   0   0   0   0   0   0     0    0    0   0.765     25  0.00
   61   61     0   0   0   0   0   0   0  87   0   0   0   0   0   0   0  13   0   0   0   0     0    0    0   0.393     13  0.00
   62   62     0   0   0   0   0   0  20   0  80   0   0   0   0   0   0   0   0   0   0   0     0    0    0   0.500     16  0.00
   63   63     0   0   0   0   0   0   0   0   0   0  80  20   0   0   0   0   0   0   0   0     0    0    0   0.500     16  0.00
   64   64     0   0   0   0   0   0   0   0  13   0  40  13   0   0   0   0   0   0  33   0     0    0    0   1.270     42  0.00
   65   65     0   0   0   0   0   0  13   0  73   0   0   0   0   0   0   0   0   0   0  13     0    0    0   0.765     25  0.00
   66   66     0   0   0   0   0   0   0  13   0   0   0   0   0   0   0   0   0  73   0  13     0    0    0   0.765     25  0.00
   67   67     0  12   0   0   0   0  76   0   0   0   0   0   0  12   0   0   0   0   0   0     0    0    0   0.709     23  0.00
   68   68     0   0   0   0   0   0   0   0   0   0   0   0   0   0  88  12   0   0   0   0     0    0    0   0.362     12  0.00
   69   69     0  81   0   0  19   0   0   0   0   0   0   0   0   0   0   0   0   0   0   0     0    0    0   0.483     16  0.00
   70   70     0   0   0   0   0   0   0   0   0   0   0   0   0   0   6  94   0   0   0   0     0    0    0   0.234      7  0.00
   71   71     0   0   0   0   0   0   0   6   0   0   0   0   0   0   0   0   0  81   0  13     0    0    0   0.602     20  0.00
   72   72     0   0   0   0   0   0   0   0   0   0   0   0   0   0  19  81   0   0   0   0     0    0    0   0.483     16  0.00
   73   73     0  13   6   0  69   0  13   0   0   0   0   0   0   0   0   0   0   0   0   0     0    0    0   0.951     31  0.00
   74   74    19   0   0   0  63   0   0   0  13   0   0   0   0   0   0   0   0   0   6   0     0    0    0   1.041     34  0.00
   75   75    13   0   0  80   0   0   0   0   0   0   0   7   0   0   0   0   0   0   0   0     0    0    0   0.628     20  0.00
   76   76     0   0   0   0   0   0   0   0   0   0   0   0   0  13  81   0   0   6   0   0     0    0    0   0.602     20  0.00
   77   77     6   0   0   0   0   0   0   0   0   0  13   0   0   0  13  69   0   0   0   0     0    0    0   0.951     31  0.00
   78   78    63   0  31   6   0   0   0   0   0   0   0   0   0   0   0   0   0   0   0   0     0    0    0   0.831     27  0.00
   79   79     0   0   0   0   0   0   0   0   0   0   0   0   0   0   0   0  69   6   0  25     0    0    0   0.777     25  0.00
   80   80    19   0  81   0   0   0   0   0   0   0   0   0   0   0   0   0   0   0   0   0     0    0    0   0.483     16  0.00
   81   81     0   0   0   0  13   0   0   0   0   0   0   0  19   0   0   0   0   6  63   0     0    0    0   1.041     34  0.00
   82   82     0   0   0   0   0   0   0   0   0   0   0   0   0   0   0   0   0   0   6  94     0    0    0   0.234      7  0.00
   83   83     6   0  13   0   0   0   0   0   0   0   0   0   0   0  13  69   0   0   0   0     0    0    0   0.951     31  0.00
   84   84     0   0   0   0   0   0   0   0   0  25   0   0   0   0   0   0   0  19   0  56     0    0    0   0.984     32  0.00
   85   85     0   0   0   0   0   0   0   0   0   0   0   0   0   0   0   0   0   0   0 100     0    0    0   0.000      0  0.00
   86   86     0   0   0   0   0   0   0   0   6   0  25  69   0   0   0   0   0   0   0   0     0    0    0   0.777     25  0.00
   87   87     0   0   0   0   0   0   0   0   7   0  21   0  21   0   0   0   0   0  36  14     0    0    0   1.494     49  0.00
   88   88     0   0   0   0   0   0   0   0   0   0   0   0   0   0   0   0   0  81   0  19     0    0    0   0.483     16  0.00
   89   89    13  13   0   0   6   0  56   0   0   0   0   0   0  13   0   0   0   0   0   0     0    0    0   1.277     42  0.00
   90   90     0   0   0   0   0   0   0   0   0   0   0  13   0   6   6  75   0   0   0   0     0    0    0   0.822     27  0.00
   91   91     0   0   0   0   0   0   0   0   0   0   6   0   0  69   0   0   0   0  25   0     0    0    0   0.777     25  0.00
   92   92     0   0   0   0   0   0   0   0  69   0  19   0  13   0   0   0   0   0   0   0     0    0    0   0.831     27  0.00
   93   93     0   0   0   0  94   0   0   6   0   0   0   0   0   0   0   0   0   0   0   0     0    0    0   0.234      7  0.00
   94   94     0   0   0   0   0   0   0   0   0   0   0   0   0   6   0  13   0  81   0   0     0    0    0   0.602     20  0.00
   95   95     0  31  69   0   0   0   0   0   0   0   0   0   0   0   0   0   0   0   0   0     0    0    0   0.621     20  0.00
   96   96    25   0  50   0   0   0   0   0  13   0   0   0   0   0   0   0   0  13   0   0     0    0    0   1.213     40  0.00
   97   97     6  50   0   0   0   0   0   0   0  13  31   0   0   0   0   0   0   0   0   0     0    0    0   1.143     38  0.00
   98   98     0   0   0   0   0   0   0   0   0   0   0   0   0  13  13  75   0   0   0   0     0    0    0   0.736     24  0.00
   99   99     0   0   6  13   0   0   0   0   0   0   0   0   0   0   0   0   0   0   0  81     0    0    0   0.602     20  0.00
  100  100     0   0   0   0   0   0   0  19   0   0   0   0   0   6   0  13  13  50   0   0     0    0    0   1.354     45  0.00
  101  101     0   0   0   0   0   0   0   0   0  13  13   0   0   0   0   0   0   0  75   0     0    0    0   0.736     24  0.00
  102  102     0   0   0   0   0   0   0   0   0  13  81   6   0   0   0   0   0   0   0   0     0    0    0   0.602     20  0.00
  103  103    56  13  25   0   0   0   0   0   6   0   0   0   0   0   0   0   0   0   0   0     0    0    0   1.103     36  0.00
  104  104    19   0  69   0   0   0   0   0   0  13   0   0   0   0   0   0   0   0   0   0     0    0    0   0.831     27  0.00
  105  105     0  13   0   0  81   0   0   0   0   0   0   0   6   0   0   0   0   0   0   0     0    0    0   0.602     20  0.00
  106  106    13   0   0   6   0   0   0   0  19   0  50  13   0   0   0   0   0   0   0   0     0    0    0   1.354     45  0.00
  107  107     0   0   0   0   0   0   0   0  88   0   0   0  13   0   0   0   0   0   0   0     0    0    0   0.377     12  0.00
  108  108     0   0   0   0   0   0   0   0   0   0   0   0   0   0   0 100   0   0   0   0     0    0    0   0.000      0  0.00
  109  109     0   0   0   0   0   0   0   0   0   0  69   6   0   0   0   0   0   0  25   0     0    0    0   0.777     25  0.00
  110  110     0   0   0   0   0   0   0   0  81  19   0   0   0   0   0   0   0   0   0   0     0    0    0   0.483     16  0.00
  111  111     0   0   0   0   0   0   0   0   0   0   0   0   0   0   0   0  13  88   0   0     0    0    0   0.377     12  0.00
  112  112     0   0   0   0   0   0   0   0   0   0   0   0   0  13   0   0   0  88   0   0     0    0    0   0.377     12  0.00
  113  113     0   0   0   0   0   0   0   0   0   0   0   0   0   0   0 100   0   0   0   0     0    0    0   0.000      0  0.00
  114  114     0   0   0   0   0   0   0   0   0   0   0   0   0  19  13   0   0   0  69   0     0    0    0   0.831     27  0.00
  115  115     0   0   0   0   0   0   0   0   0   0   0   0   0   0   0   0  13   6  69  13     0    0    0   0.951     31  0.00
  116  116     0   0   0   0   0 100   0   0   0   0   0   0   0   0   0   0   0   0   0   0     0    0    0   0.000      0  0.00
  117  117     0   0   0  93   7   0   0   0   0   0   0   0   0   0   0   0   0   0   0   0     0    0    0   0.245      8  0.00
  118  118     0   0   0   0   0   0   0   0  94   0   0   0   0   0   0   0   0   6   0   0     0    0    0   0.234      7  0.00
  119  119    13   0   0   0   0   0   0   0  75   0   0   0   0   0   0   0   0   0   0  13     0    0    0   0.736     24  0.00
  120  120     0  94   6   0   0   0   0   0   0   0   0   0   0   0   0   0   0   0   0   0     0    0    0   0.234      7  0.00
  121  121    13  19  69   0   0   0   0   0   0   0   0   0   0   0   0   0   0   0   0   0     0    0    0   0.831     27  0.00
  122  122     0   0   0  13   0   0   0   0   0   0  69   0   0   0   0  19   0   0   0   0     0    0    0   0.831     27  0.00
  123  123    25  69   0   0   0   0   0   0   0   0   0   0   0   0   0   0   0   6   0   0     0    0    0   0.777     25  0.00
  124  124     0   0  13   0   0   0   0   0   0   0   0  13   0  19   6   0  50   0   0   0     0    0    0   1.354     45  0.00
  125  125     0   0   0   0   0   0  69   0   0   0   0  25   0   0   0   0   0   6   0   0     0    0    0   0.777     25  0.00
  126  126     0   0   0   0   0   0   0   0   0   0   0   0   0   0  75  25   0   0   0   0     0    0    0   0.562     18  0.00
  127  127     0   0   0   0   0   0   0   0   0   0 100   0   0   0   0   0   0   0   0   0     0    0    0   0.000      0  0.00
  128  128    14   0   0  14   0   0   0   0   0   0   0  71   0   0   0   0   0   0   0   0     0    0    0   0.796     26  0.00
  129  129     0 100   0   0   0   0   0   0   0   0   0   0   0   0   0   0   0   0   0   0     0    0    0   0.000      0  0.00
  130  130     0   0   0   0   0   0   0   0   0   0   0   0   0   0   0   0   0  46   0  54     0    0    0   0.690     23  0.00
//
