ID Pseudo hssp file.
SEQ 
SEQ gi|2127335|pir||I40658 methylaspartate mutase (EC 5.4.99.1) smal...   270  8e-72
SEQ gi|7245512|pdb|1CCW|A Chain A, Structure Of The Coenzyme B12 Dep...   267  4e-71
SEQ gi|729588|sp|Q05488|GLMS_CLOTT METHYLASPARTATE MUTASE S CHAIN (G...   223  9e-58
SEQ gi|12513658|gb|AAG55064.1|AE005251_13 (AE005251) putative glutam...   155  3e-37
SEQ gi|13360223|dbj|BAB34187.1| (AP002553) putative glutamate mutase...   155  3e-37
SEQ gi|10581699|gb|AAG20400.1| (AE005113) methylaspartate mutase; Ma...    98  6e-20
SEQ gi|543481|pir||S43552 2-methyleneglutarate mutase (EC 5.4.99.4) ...    54  1e-06
SEQ gi|13815566|gb|AAK42430.1| (AE006830) Methylmalonyl-CoA mutase, ...    51  8e-06
SEQ gi|7473139|pir||C75325 methylmalonyl-CoA mutase, alpha subunit, ...    50  2e-05
SEQ gi|11863681|emb|CAC18788.1| (AL499607) putative methionine synth...    50  2e-05
SEQ gi|7521205|pir||D71452 probable methylmalony-CoA mutase - Pyroco...    49  3e-05
SEQ gi|14520468|ref|NP_125943.1| methylmalonyl-CoA mutase, subunit a...    49  3e-05
SEQ gi|127550|sp|P11653|MUTB_PROFR METHYLMALONYL-COA MUTASE LARGE SU...    48  5e-05
SEQ gi|3660441|pdb|6REQ|A Chain A, Methylmalonyl-Coa Mutase, 3-Carbo...    48  5e-05
SEQ gi|7546641|pdb|5REQ|A Chain A, Methylmalonyl-Coa Mutase, Y89f Mu...    48  5e-05
SEQ gi|8569647|pdb|1E1C|A Chain A, Methylmalonyl-Coa Mutase H244a Mu...    48  5e-05
SEQ gi|3122392|sp|Q09582|METH_CAEEL PROBABLE 5-METHYLTETRAHYDROFOLAT...    47  1e-04
SEQ gi|11497627|ref|NP_068847.1| corrinoid methyltransferase protein...    47  1e-04
SEQ gi|11497632|ref|NP_068852.1| corrinoid methyltransferase protein...    46  2e-04
SEQ gi|11499801|ref|NP_071044.1| methylmalonyl-CoA mutase, subunit a...    46  2e-04
SEQ gi|7521208|pir||B72550 probable methylmalonyl-CoA mutase alpha-s...    46  2e-04
SEQ 
## SEQUENCE PROFILE AND ENTROPY
 SeqNo PDBNo   V   L   I   M   F   W   Y   G   A   P   S   T   C   H   R   K   Q   E   N   D  NOCC NDEL NINS ENTROPY RELENT WEIGHT
    1    1     0   0   0 100   0   0   0   0   0   0   0   0   0   0   0   0   0   0   0   0     0    0    0   0.000      0  0.00
    2    2     0   0   0   0   0   0   0   0   0   0   0   0   0   0   0  33   0  67   0   0     0    0    0   0.637     21  0.00
    3    3     0   0   0   0   0   0   0   0   0   0   0   0   0   0   0 100   0   0   0   0     0    0    0   0.000      0  0.00
    4    4    17   0   8   0   0   0   0  25  17   0   0   0   0   0   0  33   0   0   0   0     0    0    0   1.517     50  0.00
    5    5     0   0   0   0   0   0   0   0   0   0   0  64   0   0  21  14   0   0   0   0     0    0    0   0.892     29  0.00
    6    6    45   9  45   0   0   0   0   0   0   0   0   0   0   0   0   0   0   0   0   0     0    0    0   0.935     31  0.00
    7    7    55  36   9   0   0   0   0   0   0   0   0   0   0   0   0   0   0   0   0   0     0    0    0   0.916     30  0.00
    8    8    18  50  32   0   0   0   0   0   0   0   0   0   0   0   0   0   0   0   0   0     0    0    0   1.021     34  0.00
    9    9     0   0   0   0   0   0   0  41  59   0   0   0   0   0   0   0   0   0   0   0     0    0    0   0.677     22  0.00
   10   10    27   0   0   0   0   0   0   0   0   0   5  23   0   0   0  45   0   0   0   0     0    0    0   1.190     39  0.00
   11   11    23   5  32  23   0   0   0   0   0  18   0   0   0   0   0   0   0   0   0   0     0    0    0   1.488     49  0.00
   12   12     0   0   0   0   0   0   0  82   0   0   0   0   0   0   5   5   0   9   0   0     0    0    0   0.663     22  0.00
   13   13     0  23   0   5   0   0   0  18  14   0  23   0   0   0   0   0  18   0   0   0     0    0    0   1.706     56  0.00
   14   14     0   0   0   0   0   0   0   0   0   0   0   0   0   0   0   0   0   0   0 100     0    0    0   0.000      0  0.00
   15   15    18   0   0   0   0   0   0  45   9   0   0   0  27   0   0   0   0   0   0   0     0    0    0   1.241     41  0.00
   16   16     0   0   0   0   0   0   0   0   0   0   0   0   0 100   0   0   0   0   0   0     0    0    0   0.000      0  0.00
   17   17     5   0   0   0   0   0   0   0  32   0   0   0   0   0   0   0   0   0   0  64     0    0    0   0.792     26  0.00
   18   18    32   0  18   0   0   0   0   0   0   0   0   0   0   0  45   0   0   0   5   0     0    0    0   1.173     39  0.00
   19   19     0   0   0   0   0   0   0 100   0   0   0   0   0   0   0   0   0   0   0   0     0    0    0   0.000      0  0.00
   20   20     0   0   9   0   0   0   0   0  27   0   0   0   0   0   0  18  18   0  27   0     0    0    0   1.547     51  0.00
   21   21     0   0   0   0   0   0   0   0   0   0   0   5   0   0   0  73   0   0  23   0     0    0    0   0.709     23  0.00
   22   22    59   9  32   0   0   0   0   0   0   0   0   0   0   0   0   0   0   0   0   0     0    0    0   0.893     29  0.00
   23   23    45  32  23   0   0   0   0   0   0   0   0   0   0   0   0   0   0   0   0   0     0    0    0   1.059     35  0.00
   24   24     0   0   9   0   0   0   0   0  45   0   5   0   0   0   5   0   0   0   0  36     0    0    0   1.225     40  0.00
   25   25     5   0   5   0   0   0   0   0   9   0   0  18   0  23  36   0   0   5   0   0     0    0    0   1.654     55  0.00
   26   26    14   9   5   0   0   0   0   0  68   0   5   0   0   0   0   0   0   0   0   0     0    0    0   1.032     34  0.00
   27   27     0  50   0   0  32   0  18   0   0   0   0   0   0   0   0   0   0   0   0   0     0    0    0   1.021     34  0.00
   28   28     0   0   0   0   0   0   0   5  18   0  14  18   0   0  27   5   5   9   0   0     0    0    0   1.885     62  0.00
   29   29     0   0   0   0   0   0   0   0   9   0   0   0   5   0   0   0   0   5  32  50     0    0    0   1.210     40  0.00
   30   30     0  18   0   0   0   0   0   0  55   0   0   0   0   9   0   0   0   9   9   0     0    0    0   1.295     43  0.00
   31   31     0   0   0   0   0   0   0  86   0   0   0   0   0   0   0   0   0   0   5   9     0    0    0   0.485     16  0.00
   32   32     0   0   0   9  73   0  18   0   0   0   0   0   0   0   0   0   0   0   0   0     0    0    0   0.760     25  0.00
   33   33     0   0   0   0   0   0   0   0   0   0   0   5   0   0   9   5   0  36  23  23     0    0    0   1.540     51  0.00
   34   34   100   0   0   0   0   0   0   0   0   0   0   0   0   0   0   0   0   0   0   0     0    0    0   0.000      0  0.00
   35   35    68   0  27   0   0   0   0   0   0   0   0   0   0   5   0   0   0   0   0   0     0    0    0   0.756     25  0.00
   36   36     0   0   0   0   0   0  32   0   0   0   0   0   0   0   0   0   0   0  36  32     0    0    0   1.097     36  0.00
   37   37    18  27  27   0   0   0   0   0   0   0   0  27   0   0   0   0   0   0   0   0     0    0    0   1.373     45  0.00
   38   38     0   0   0   0   0   0   0  95   0   0   0   0   0   0   5   0   0   0   0   0     0    0    0   0.185      6  0.00
   39   39    41  14  18   0   0   0   0   5   5  18   0   0   0   0   0   0   0   0   0   0     0    0    0   1.538     51  0.00
   40   40     0  36   0  18   0   0   0   0   0   0   0   0   0   0  27   5   5   0   0   9     0    0    0   1.531     51  0.00
   41   41     9   0   0   0   0   0   0   0   0   0  18  27   0   0   5   0  36   0   5   0     0    0    0   1.531     51  0.00
   42   42     0   5   0   0   0   0   0   0   5  50  14  27   0   0   0   0   0   0   0   0     0    0    0   1.254     41  0.00
   43   43     5   0   0   0   0   0   0   0   5  36   0   0   5   0   0   5  27  18   0   0     0    0    0   1.594     53  0.00
   44   44     0   0   0   0   0   0   0   0   0   0   5   5   0   0   0   0   0  77   0  14     0    0    0   0.752     25  0.00
   45   45     9   5   0   5   0   0   0   0  14   0   5  18   0   0   0   0  18  18   5   5     0    0    0   2.122     70  0.00
   46   46    11   0  39   0  39   0  11   0   0   0   0   0   0   0   0   0   0   0   0   0     0    0    0   1.223     40  0.00
   47   47    27   5  32   0   0   0   0   0  36   0   0   0   0   0   0   0   0   0   0   0     0    0    0   1.227     40  0.00
   48   48     0   0   0   5   0   0   0   0   0   0   0   5   0   0  23  18   0  32   9   9     0    0    0   1.728     57  0.00
   49   49     5   0   0   0   0   0   0   0  73   0   0   5   0   0   0   0  18   0   0   0     0    0    0   0.823     27  0.00
   50   50     9   0   0   0   0   0   0   0  91   0   0   0   0   0   0   0   0   0   0   0     0    0    0   0.305     10  0.00
   51   51    27   9  41   0   0   0   0   0   9   0   0   0   0   0   0   0   0   0   9   5     0    0    0   1.514     50  0.00
   52   52     0   0   0   0   0   0   0   0   0   0   0   0   0   0   0   0  27  68   0   5     0    0    0   0.756     25  0.00
   53   53     5   0   0   0   0   0   0   0  18   0   0  27   0  18   0   0   0  32   0   0     0    0    0   1.479     49  0.00
   54   54     0   0   0   0   0   0   0  14   0   0   0   0   0   0   5  23   0   0   9  50     0    0    0   1.313     43  0.00
   55   55    36   0   0   0   0   0   0   0  55   9   0   0   0   0   0   0   0   0   0   0     0    0    0   0.916     30  0.00
   56   56     0   0   0   0   0   0   0   0   0   0   0   0   0  18   0   0   0   0   0  82     0    0    0   0.474     15  0.00
   57   57    55   5   0   0   5   0   0   0  36   0   0   0   0   0   0   0   0   0   0   0     0    0    0   0.979     32  0.00
   58   58    41   9  50   0   0   0   0   0   0   0   0   0   0   0   0   0   0   0   0   0     0    0    0   0.930     31  0.00
   59   59     9  18   0   0   0   0   0  68   0   0   0   0   5   0   0   0   0   0   0   0     0    0    0   0.930     31  0.00
   60   60    50  32  14   5   0   0   0   0   0   0   0   0   0   0   0   0   0   0   0   0     0    0    0   1.123     37  0.00
   61   61     0   0   0   0   0   0   0   0   0   0 100   0   0   0   0   0   0   0   0   0     0    0    0   0.000      0  0.00
   62   62     5   0  23   0   0   0   0  18   0   0  50   0   0   0   0   0   0   0   5   0     0    0    0   1.274     42  0.00
   63   63     0  91   9   0   0   0   0   0   0   0   0   0   0   0   0   0   0   0   0   0     0    0    0   0.305     10  0.00
   64   64     0  14   5   0   0   0  33   0  19   0  24   0   0   0   0   0   0   0   5   0     0    0    0   1.592     53  0.00
   65   65     0   0   0   0   0   0   0  86   0   0   0  14   0   0   0   0   0   0   0   0     0    0    0   0.410     13  0.00
   66   66     0   5   0   0   0   0   0  19  29   5   0   0   0  14   0   0  19  10   0   0     0    0    0   1.782     59  0.00
   67   67     0   0   0   0   0   0   0  33  14   0   5   0   0  48   0   0   0   0   0   0     0    0    0   1.142     38  0.00
   68   68     0  38  10  19   0   0   0   0   0   0   0   0   0   0   0   0   5  19   0  10     0    0    0   1.592     53  0.00
   69   69    10   0  29   0   0   0   0   0   0   0   0  19   0  10   0   0   5  24   0   5     0    0    0   1.753     58  0.00
   70   70     0  48   0   0   0   0   5   0   0   0  10   0   0   0   0   0   0   5   0  33     0    0    0   1.233     41  0.00
   71   71    19   0  14  19  10   0   0   0   0   0   0   5  33   0   0   0   0   0   0   0     0    0    0   1.645     54  0.00
   72   72     5  10   0   0   0   0   0   0   5  43   0   0   0   0   0  38   0   0   0   0     0    0    0   1.245     41  0.00
   73   73     0   0   0   5   0   0   5  33  19   0   0   0   0   0  19  14   0   5   0   0     0    0    0   1.711     57  0.00
   74   74    24  48  10  10   0   0   0   0   0   0   0  10   0   0   0   0   0   0   0   0     0    0    0   1.367     45  0.00
   75   75    14  10   5   5   0   0   0   0   5   0   5   5   0   5  48   0   0   0   0   0     0    0    0   1.725     57  0.00
   76   76     0   0   0   0   0   0   0   0   5   0   0   0   0   0   0  38  14  38   0   5     0    0    0   1.303     43  0.00
   77   77     0  14   5   0   0   0   0   0  10   0   0   0   0   0  14  24   5  29   0   0     0    0    0   1.769     59  0.00
   78   78     0  62   0  10   0   0   0   0   0   0   0   0  29   0   0   0   0   0   0   0     0    0    0   0.879     29  0.00
   79   79     0   0  10   0   0   0   0   0   5   0   0   0   0   0  24   5   0  14   5  38     0    0    0   1.646     54  0.00
   80   80     0   0   0   0   0   0   0   0   5   0   0   0   0   0   5  33   5  52   0   0     0    0    0   1.140     38  0.00
   81   81     5  29   0   0   0   0   0   0  33   0   0   0   0   0  14  10   5   0   5   0     0    0    0   1.661     55  0.00
   82   82     0   0   0   0   0   0   0 100   0   0   0   0   0   0   0   0   0   0   0   0     0    0    0   0.000      0  0.00
   83   83    10  48   5   0   0   0  10   0  10   0   0   0   0   0  19   0   0   0   0   0     0    0    0   1.486     49  0.00
   84   84     0   0   0   0   0   0   0  14   0  19   0   0   0   0   0  14   0  29  10  14     0    0    0   1.732     57  0.00
   85   85     0   0   0   0   0   0   0  30   5   0   0   0   0   0   0   5   0   0   0  60     0    0    0   0.967     32  0.00
   86   86    19   0  62   5   0   0   0   0   0   0   0   5   0   0   0  10   0   0   0   0     0    0    0   1.127     37  0.00
   87   87     5  57  14   0   0   0   0   5   0  10   0   5   0   0   0   5   0   0   0   0     0    0    0   1.402     46  0.00
   88   88    33  38  29   0   0   0   0   0   0   0   0   0   0   0   0   0   0   0   0   0     0    0    0   1.092     36  0.00
   89   89    10   5  25   0  10   0  25   0   0   0   0  20   5   0   0   0   0   0   0   0     0    0    0   1.775     59  0.00
   90   90    62   5   5   0   0   0   0  14  14   0   0   0   0   0   0   0   0   0   0   0     0    0    0   1.143     38  0.00
   91   91     0   0   0   0   0   0   0 100   0   0   0   0   0   0   0   0   0   0   0   0     0    0    0   0.000      0  0.00
   92   92     0   0   0   0   0   0   0 100   0   0   0   0   0   0   0   0   0   0   0   0     0    0    0   0.000      0  0.00
   93   93     8   0  17   0   0   0   0   0   0   0   0   8   0   0   8   0   0   0  58   0     0    0    0   1.234     41  0.00
   94   94     0  25  75   0   0   0   0   0   0   0   0   0   0   0   0   0   0   0   0   0     0    0    0   0.562     18  0.00
   95   95    56   0  11   0   0   0   0   0  11  22   0   0   0   0   0   0   0   0   0   0     0    0    0   1.149     38  0.00
   96   96    53   0  40   0   0   0   0   0   0   0   0   0   0   0   0   0   0   7   0   0     0    0    0   0.882     29  0.00
   97   97     0   0   0   0   0   0   0  50   0  43   0   0   0   0   0   7   0   0   0   0     0    0    0   0.898     29  0.00
   98   98     0   0   0   0   0   0   0   0   0   0   0   0   0   0   0  43   7  43   0   7     0    0    0   1.103     36  0.00
   99   99     0   0   0   0   0   0   0   0   0   0   0   7   0  14   0   0  64  14   0   0     0    0    0   1.029     34  0.00
  100  100     0   0   0   0   0   0   0   0   0   0   0   0   0  21   0   0   0   7   7  64     0    0    0   0.991     33  0.00
  101  101     7   7   0   0  50  29   0   0   0   0   0   0   0   7   0   0   0   0   0   0     0    0    0   1.270     42  0.00
  102  102     0   0   0   0   0   0   0   0  11  56   0   0   0   0   6   0   0   6   0  22     0    0    0   1.226     40  0.00
  103  103     0   0   0   0   0   0   0   0   0   0   0   6   0   0   0   0   6  31   0  56     0    0    0   1.034     34  0.00
  104  104    44  31   0   0   6   0   0   0   0   0   0   0   0   0   0   0   0   0   0  19     0    0    0   1.212     40  0.00
  105  105     0   0   6   0   0   0   0   0  13   0   0   0   0   0  25   6   0  50   0   0     0    0    0   1.300     43  0.00
  106  106     0   0   0   0   0   0   0   0   0   6   0  13   0   0   0  50  13  19   0   0     0    0    0   1.354     45  0.00
  107  107     0   0   0   0   0   0   0   0   0   0   0   0   0   0  29  35   0  12   0  24     0    0    0   1.320     44  0.00
  108  108     0  43   7   0  50   0   0   0   0   0   0   0   0   0   0   0   0   0   0   0     0    0    0   0.898     29  0.00
  109  109     0   0   0   0   0   0   0   0   0   0   0   0   0   0   7  79   7   7   0   0     0    0    0   0.755     25  0.00
  110  110     0   0   0   0   0   0   0   0   7   0   7   0   0   0   0  21   0  43   0  21     0    0    0   1.400     46  0.00
  111  111     0   7   0  93   0   0   0   0   0   0   0   0   0   0   0   0   0   0   0   0     0    0    0   0.257      8  0.00
  112  112     0   0   0   0   0   0   0 100   0   0   0   0   0   0   0   0   0   0   0   0     0    0    0   0.000      0  0.00
  113  113    28   0   6   6  22   0  17   0  22   0   0   0   0   0   0   0   0   0   0   0     0    0    0   1.644     54  0.00
  114  114    22   0   0   0   0   0   0   6  17   0   0   0   0   0   6   0   0   0   0  50     0    0    0   1.301     43  0.00
  115  115     0   0   0   0   0   0   0   6   0   0   0   0   0   0  39   6   6  44   0   0     0    0    0   1.209     40  0.00
  116  116    67   0  28   0   6   0   0   0   0   0   0   0   0   0   0   0   0   0   0   0     0    0    0   0.787     26  0.00
  117  117     0   0   0   0  56   0  44   0   0   0   0   0   0   0   0   0   0   0   0   0     0    0    0   0.687     22  0.00
  118  118     0  11   0   0   0   0   0  22  28   6   6  28   0   0   0   0   0   0   0   0     0    0    0   1.611     53  0.00
  119  119     0   0   0   0   0   0   0   0   6  94   0   0   0   0   0   0   0   0   0   0     0    0    0   0.215      7  0.00
  120  120     0   0   0   0   0   0   0  83   0   0  11   0   0   0   0   0   6   0   0   0     0    0    0   0.557     18  0.00
  121  121     0   0   0   0   0   0   0   0   0   0  11  78   0  11   0   0   0   0   0   0     0    0    0   0.684     22  0.00
  122  122    24   0   0   0   0   0   0   6   0  35  24   0   0   0   0   0   0   0   0  12     0    0    0   1.467     48  0.00
  123  123     0  21   0   0   7   0   0   0   0  64   0   7   0   0   0   0   0   0   0   0     0    0    0   0.991     33  0.00
  124  124     0   0   0   0   0   0   0   0   0   0   0   0   0   0   0   7   0  93   0   0     0    0    0   0.257      8  0.00
  125  125    23   0   0   0   0   0   0   0   8   0  31   8   0   0   0   0   0   8   0  23     0    0    0   1.631     54  0.00
  126  126    23   0   8   0   0   0   0  23  38   0   0   8   0   0   0   0   0   0   0   0     0    0    0   1.439     48  0.00
  127  127    15   0  62   0   0   0   0   0   8   0   0   0  15   0   0   0   0   0   0   0     0    0    0   1.072     35  0.00
  128  128     0   0   0   0   0   0   0   0  38   0  31   0   0   0   0   0  15   8   0   8     0    0    0   1.413     47  0.00
  129  129     0  46   0   0   0   0   8   0   8   0   0   0   0   0   0   8   0   0   0  31     0    0    0   1.311     43  0.00
  130  130    46  31   0  23   0   0   0   0   0   0   0   0   0   0   0   0   0   0   0   0     0    0    0   1.058     35  0.00
  131  131     0   0   0   0   0   0   0   0  15   0   0   0   0   0   8  77   0   0   0   0     0    0    0   0.687     22  0.00
  132  132     0   0   0   0   0   0   0   0   0   0   0   8   0  15   0  62   0  15   0   0     0    0    0   1.072     35  0.00
  133  133    14   0   0   0   0   0   0   0   0   0   0   0   0   0   0   0   0  14   0  71     0    0    0   0.796     26  0.00
  134  134     0  71  29   0   0   0   0   0   0   0   0   0   0   0   0   0   0   0   0   0     0    0    0   0.598     19  0.00
  135  135     0   0   0   0   0   0   0  14   0   0   0   0   0   0   0   0   0   0  71  14     0    0    0   0.796     26  0.00
  136  136    40   0  60   0   0   0   0   0   0   0   0   0   0   0   0   0   0   0   0   0     0    0    0   0.673     22  0.00
  137  137     0   0   0   0   0   0   0   0   0   0   0   0   0   0   0   0   0  80   0  20     0    0    0   0.500     16  0.00
//
