ID Pseudo hssp file.
SEQ 
SEQ gi|7245699|pdb|1B3M|A Chain A, Monomeric Sarcosine Oxidase From ...   706  0.0
SEQ gi|1351039|sp|P40859|SAOX_BACSP SARCOSINE OXIDASE (SOX) >gi|2126...   701  0.0
SEQ gi|12084636|pdb|1EL5|A Chain A, Complex Of Monomeric Sarcosine O...   701  0.0
SEQ gi|1094067|prf||2105282A Sar oxidase [Bacillus sp.]                   698  0.0
SEQ gi|12084642|pdb|1EL9|A Chain A, Complex Of Monomeric Sarcosine O...   689  0.0
SEQ gi|11279648|pir||T44248 sarcosine oxidase (EC 1.5.3.1) [imported...   601  e-171
SEQ gi|742249|prf||2009328A Sar oxidase [Arthrobacter sp.]                598  e-170
SEQ gi|730706|sp|P40873|SAOX_ARTSP SARCOSINE OXIDASE                      596  e-169
SEQ gi|134208|sp|P23342|SAOX_BACSN SARCOSINE OXIDASE >gi|80171|pir||...   570  e-162
SEQ gi|12514594|gb|AAG55805.1|AE005316_10 (AE005316) sarcosine oxida...   223  2e-57
SEQ gi|2498889|sp|P40874|SAOX_ECOLI PUTATIVE SARCOSINE OXIDASE >gi|7...   222  5e-57
SEQ gi|730709|sp|P40854|SAOX_STRSQ SARCOSINE OXIDASE >gi|80855|pir||...   177  2e-43
SEQ gi|7706065|ref|NP_057602.1| L-pipecolic acid oxidase [Homo sapie...   134  2e-30
SEQ gi|11426655|ref|XP_008474.1| L-pipecolic acid oxidase [Homo sapi...   133  4e-30
SEQ gi|12239318|gb|AAG49431.1|AF136970_1 (AF136970) sarcosine oxidas...   133  6e-30
SEQ gi|12842810|dbj|BAB25741.1| (AK008555) putative [Mus musculus]        133  6e-30
SEQ gi|6679507|ref|NP_032978.1| peroxisomal sarcosine oxidase [Mus m...   132  9e-30
SEQ gi|1857445|gb|AAB48443.1| (U82267) sarcosine oxidase [Oryctolagu...   131  1e-29
SEQ gi|7496036|pir||T15503 hypothetical protein C15B12.1 - Caenorhab...   113  4e-24
SEQ gi|4572673|gb|AAD23888.1|AC006954_9 (AC006954) putative sarcosin...   110  3e-23
SEQ gi|4127672|emb|CAA07635.1| (AJ007732) sarcosine oxidase [Coryneb...    91  2e-17
SEQ gi|5420041|emb|CAB46534.1| (Y18574) NikD protein [Streptomyces t...    59  1e-07
SEQ gi|13476992|ref|NP_108562.1| sarcosine oxidase [Mesorhizobium lo...    58  2e-07
SEQ gi|13475848|ref|NP_107418.1| sarcosine oxidase, subunit beta [Me...    57  4e-07
SEQ gi|14524348|gb|AAK65842.1| (AE007304) putative oxidoreductase [S...    51  4e-05
SEQ gi|11354250|pir||JC7176 L-amino acid deaminase (EC 3.5.4.-) - Pr...    47  3e-04
SEQ 
## SEQUENCE PROFILE AND ENTROPY
 SeqNo PDBNo   V   L   I   M   F   W   Y   G   A   P   S   T   C   H   R   K   Q   E   N   D  NOCC NDEL NINS ENTROPY RELENT WEIGHT
    1    1     0   0   0   0   0   0   0   0   0   0 100   0   0   0   0   0   0   0   0   0     0    0    0   0.000      0  0.00
    2    2     0   0   0   0   0   0   0   0   0  11   0  78   0   0   0   0  11   0   0   0     0    0    0   0.684     22  0.00
    3    3     0   0   0   0   0   0   0   0   0   0   0  11   0  78   0  11   0   0   0   0     0    0    0   0.684     22  0.00
    4    4     0   0   0   0  35  30  35   0   0   0   0   0   0   0   0   0   0   0   0   0     0    0    0   1.097     36  0.00
    5    5     0   0   0   0   0   0   0   0   0   0   0   0   0   0   0   0   0   0   4  96     0    0    0   0.168      5  0.00
    6    6    64  12   0   0   0   0   0   0  24   0   0   0   0   0   0   0   0   0   0   0     0    0    0   0.883     29  0.00
    7    7     4   0  96   0   0   0   0   0   0   0   0   0   0   0   0   0   0   0   0   0     0    0    0   0.168      5  0.00
    8    8    92   0   8   0   0   0   0   0   0   0   0   0   0   0   0   0   0   0   0   0     0    0    0   0.279      9  0.00
    9    9    56   4  40   0   0   0   0   0   0   0   0   0   0   0   0   0   0   0   0   0     0    0    0   0.820     27  0.00
   10   10     0   0   0   0   0   0   0 100   0   0   0   0   0   0   0   0   0   0   0   0     0    0    0   0.000      0  0.00
   11   11     0   4   0   0   0   0   0  12  76   0   8   0   0   0   0   0   0   0   0   0     0    0    0   0.794     26  0.00
   12   12     0   0   0   0   0   0   0 100   0   0   0   0   0   0   0   0   0   0   0   0     0    0    0   0.000      0  0.00
   13   13     4   4  36   0   0   0   0   4   0   4  48   0   0   0   0   0   0   0   0   0     0    0    0   1.235     41  0.00
   14   14    17   0   0  50   4   0   0   0   4   0   0   0   0   0   0   0  25   0   0   0     0    0    0   1.257     41  0.00
   15   15     0   0   0   0   0   0   0 100   0   0   0   0   0   0   0   0   0   0   0   0     0    0    0   0.000      0  0.00
   16   16     0   8   0  38   0   0   0   0   8   0  13   4  29   0   0   0   0   0   0   0     0    0    0   1.534     51  0.00
   17   17     0   0   0   0  24   0   0   0  60   0  12   0   4   0   0   0   0   0   0   0     0    0    0   1.032     34  0.00
   18   18     0   0   0   0   0   0   0   0  56   0   4  40   0   0   0   0   0   0   0   0     0    0    0   0.820     27  0.00
   19   19     4   0   0   0   0   0   0  48  48   0   0   0   0   0   0   0   0   0   0   0     0    0    0   0.833     27  0.00
   20   20     0   0   0   0   4   8  85   0   0   0   0   0   0   4   0   0   0   0   0   0     0    0    0   0.589     19  0.00
   21   21     0   0   0   0   4   0  27   0   0   0   4   0   0  31   0   0  31   0   4   0     0    0    0   1.455     48  0.00
   22   22     4  77   0   0   0   0   0   0  12   0   0   0   8   0   0   0   0   0   0   0     0    0    0   0.774     25  0.00
   23   23     8   0   0   0   0   0   0   0  62   0  15   8   0   0   0   0   8   0   0   0     0    0    0   1.179     39  0.00
   24   24     0   0   0   0   0   0   0   0   4   0   0   0   0   0  19  73   0   4   0   0     0    0    0   0.797     26  0.00
   25   25     0   8   4   0   0   0   0   0  12   0   0   0   0  23  15   0  38   0   0   0     0    0    0   1.566     52  0.00
   26   26     0   0   0   0   0   0   0  78   0   0   7   0   0   0  15   0   0   0   0   0     0    0    0   0.671     22  0.00
   27   27    41  19   0   0   0   0   0   0   7   0   0   0   0   7   0  22   4   0   0   0     0    0    0   1.520     50  0.00
   28   28     0   0   0   0   0   0   0   0   0   0  11   0   0   0  33  44   0   4   7   0     0    0    0   1.286     42  0.00
   29   29    33   0  15   0   0   0   0   0   4   0   0  48   0   0   0   0   0   0   0   0     0    0    0   1.123     37  0.00
   30   30     0  89   4   0   0   0   0   0   0   0   4   4   0   0   0   0   0   0   0   0     0    0    0   0.471     15  0.00
   31   31     4  74   7   7   0   0   0   7   0   0   0   0   0   0   0   0   0   0   0   0     0    0    0   0.923     30  0.00
   32   32    44  41   4   0   4   0   0   0   0   0   0   7   0   0   0   0   0   0   0   0     0    0    0   1.163     38  0.00
   33   33     0   0   0   0   0   0   0   0   0   0   0   0   0   0   0   0   0  56   0  44     0    0    0   0.687     22  0.00
   34   34     0   0   0   0   0   0   0   0  30   0  15   0   0   0  11   4  41   0   0   0     0    0    0   1.375     45  0.00
   35   35     4   0   0   0  74   0   4   4   0   0   0   0   0  11   0   0   0   0   0   4     0    0    0   0.955     31  0.00
   36   36     0   0   0   7  22   0   0  11   0   4   4   7   0   7   0   0   0   4   0  33     0    0    0   1.889     63  0.00
   37   37     0  30   7   0   7   0   0   0   0  52   0   4   0   0   0   0   0   0   0   0     0    0    0   1.209     40  0.00
   38   38     4   4   0   0   4   0   0  12   0  73   4   0   0   0   0   0   0   0   0   0     0    0    0   0.980     32  0.00
   39   39     0   0   0   0   0   0   0   0   4   0   0   0   0  88   0   0   0   0   8   0     0    0    0   0.431     14  0.00
   40   40     0   0   0   0   0   0   0   7   0   4  26  41   0   4   0   4   7   4   4   0     0    0    0   1.712     57  0.00
   41   41     4   4   0   0   0   0   4   0   0   0   4   0   0   7  30   0   0   0  48   0     0    0    0   1.393     46  0.00
   42   42     0   0   0   0   0   0   0  93   7   0   0   0   0   0   0   0   0   0   0   0     0    0    0   0.264      8  0.00
   43   43     0   0   0   0   0   0   0   4   7   0  85   0   0   0   0   0   4   0   0   0     0    0    0   0.574     19  0.00
   44   44     0   0   0   0   7   0   0   0   0   0  44   4   0  44   0   0   0   0   0   0     0    0    0   1.036     34  0.00
   45   45     0   0   0   0   0   0   0   7   0   0   7   4   0  81   0   0   0   0   0   0     0    0    0   0.675     22  0.00
   46   46     0   0   0   0   0   0   0  89   0   0   0   0   0   0   4   0   0   0   4   4     0    0    0   0.471     15  0.00
   47   47     0   0   4   0   0   0   0   4   4   0   0   0   0   4   0   7  22   7   4  44     0    0    0   1.691     56  0.00
   48   48     0   4   0   0   0   0   0   0   0   0  41  44   0   4   4   0   0   4   0   0     0    0    0   1.215     40  0.00
   49   49     0   0   0   0   0   0   0   4   0   0   0   0   0   0  96   0   0   0   0   0     0    0    0   0.158      5  0.00
   50   50     0  11  74   0   4   0   0   0   0   0   0   7   0   4   0   0   0   0   0   0     0    0    0   0.903     30  0.00
   51   51     4   0  78   0   4   4   0   4   0   0   0   7   0   0   0   0   0   0   0   0     0    0    0   0.877     29  0.00
   52   52     0   0   0   0   0   0   0   0   0   0   0   0   0   0 100   0   0   0   0   0     0    0    0   0.000      0  0.00
   53   53     0   4   0   4   0   0   7   0   4   0   0   0   0  48   4  22   7   0   0   0     0    0    0   1.560     52  0.00
   54   54     0   4   0   0   0   0   0   0  81   0   4   4   0   0   0   0   7   0   0   0     0    0    0   0.726     24  0.00
   55   55     0   0   0   0   0   0  88   4   0   0   0   0   0   8   0   0   0   0   0   0     0    0    0   0.431     14  0.00
   56   56     0  15   0   0   4   0   0  46   0  12   0  12   0   4   8   0   0   0   0   0     0    0    0   1.591     53  0.00
   57   57     0   0   0   0   0   0   0   0   4   0   0   0   0   0   0   0   4  85   0   8     0    0    0   0.589     19  0.00
   58   58     0   0   0   0   4   0   0  61   0   0   0   0   0   0   0   0   0   0   0  35     0    0    0   0.806     26  0.00
   59   59     4   0   0   0  23   0   4   0   0   8   4   4   0   0  42   0   0  12   0   0     0    0    0   1.650     55  0.00
   60   60     0   0   0   0   0   0   0   5   5   0   5   5   0   0   0  10   0  65   0   5     0    0    0   1.259     42  0.00
   61   61     0   4   0   0   0   0  92   0   0   0   0   0   0   0   0   0   4   0   0   0     0    0    0   0.325     10  0.00
   62   62    59   7   0   0   4   0   4   4   0   0   0  22   0   0   0   0   0   0   0   0     0    0    0   1.203     40  0.00
   63   63     0   0   0   7   0   0   0   0   0  63   7   0   0   0  19   0   0   0   0   4     0    0    0   1.111     37  0.00
   64   64     0  59   0  26  15   0   0   0   0   0   0   0   0   0   0   0   0   0   0   0     0    0    0   0.943     31  0.00
   65   65    19   7   4  22   0   0   0   0  44   0   0   4   0   0   0   0   0   0   0   0     0    0    0   1.444     48  0.00
   66   66     0  52   4   0   0   0   0   7   0   0   4   4   0  19   0  11   0   0   0   0     0    0    0   1.456     48  0.00
   67   67     0   0   0   0   0   0   0   0   4   0   0   0   0   0  56   0   0  33   0   7     0    0    0   1.008     33  0.00
   68   68     0   0   0   0   0   0   0   0  41   0  33   4  22   0   0   0   0   0   0   0     0    0    0   1.188     39  0.00
   69   69     0  11   0   0   0   0  37   0   0   0   0   4   0   0   4   0  44   0   0   0     0    0    0   1.217     40  0.00
   70   70     0   4   0   0   0   0   0   0   4   4   0   7   0   0   7   0  22  48   4   0     0    0    0   1.560     52  0.00
   71   71     0  67  15   0   0   0   0   0   4   0   0   7   0   0   0   0   7   0   0   0     0    0    0   1.061     35  0.00
   72   72     0   0   7   0   0  89   4   0   0   0   0   0   0   0   0   0   0   0   0   0     0    0    0   0.420     14  0.00
   73   73     0   0   0   0   4   0  37   0  26   0   4   0   0   0   7   0   0   7   4  11     0    0    0   1.714     57  0.00
   74   74     0   0   0   0   0   0   0   0   7   0   4   0   0   0   0   0  22  59   0   7     0    0    0   1.152     38  0.00
   75   75     0  89   0   4   0   0   0   0   7   0   0   0   0   0   0   0   0   0   0   0     0    0    0   0.420     14  0.00
   76   76     0   0   0   0   0   4   0   0   0   0  11   0   0   0   0   0   4  78   0   4     0    0    0   0.806     26  0.00
   77   77     0   0   0   0   0   0   0   0   4   0   7   0   0  15  26  41   0   7   0   0     0    0    0   1.506     50  0.00
   78   78     0   0   7   4   0   0   0   0   4   0   0   0   0   7   4   4   0  63   0   7     0    0    0   1.358     45  0.00
   79   79     0  11   4   0   0   0   0   0  22   0   4  41   4   0   7   0   0   0   7   0     0    0    0   1.696     56  0.00
   80   80     0   0   0   0   0   0   0  52   0   0   0   0   0  37   0   0   0  11   0   0     0    0    0   0.953     31  0.00
   81   81     0   0   0   0   0   0   4   0   0   0   0  22   0  37  19   0   0  15   0   4     0    0    0   1.541     51  0.00
   82   82     0   0   0   0   0   0   0   0   0   0   4   0   0   0   4  52  22   4   4  11     0    0    0   1.407     46  0.00
   83   83    15  37  44   0   0   0   0   0   0   0   0   0   0   4   0   0   0   0   0   0     0    0    0   1.133     37  0.00
   84   84     0   4   4   0  52   7   0   4   4   0   0   0   0  26   0   0   0   0   0   0     0    0    0   1.372     45  0.00
   85   85     7   0   0   0   4   4   0   0   0   0   0  41   0   7  26   4   0   0   4   4     0    0    0   1.712     57  0.00
   86   86     0   7   0   0   0   0   0   0   7   4   0   0   0   0   7  41  26   4   4   0     0    0    0   1.660     55  0.00
   87   87     0   4   4   0   4   0   0   0   0   0   7  70   4   0   7   0   0   0   0   0     0    0    0   1.121     37  0.00
   88   88     0   0   0   0   0   0   0  89   0   0   0   0   0   0   0   0   4   7   0   0     0    0    0   0.420     14  0.00
   89   89    52  30   4   0   4   0   0   4   0   0   4   0   0   0   0   0   4   0   0   0     0    0    0   1.311     43  0.00
   90   90    11  74   7   0   4   0   0   0   0   0   0   0   0   0   4   0   0   0   0   0     0    0    0   0.903     30  0.00
   91   91    37  30   0   4   0  11   0   0   0   0   4   0   4   0   0   0   0   0   7   4     0    0    0   1.653     55  0.00
   92   92     4  30   7   4  37   0   4   0  11   0   0   4   0   0   0   0   0   0   0   0     0    0    0   1.653     55  0.00
   93   93     0   0   0   0   4   0   0  81   7   0   7   0   0   0   0   0   0   0   0   0     0    0    0   0.675     22  0.00
   94   94     0   0   0  15   0   0   0   0   0  54   0  15   0   0   0   4   0   0   4   8     0    0    0   1.357     45  0.00
   95   95     0   0   0   0   0   0   0   8   4   4   0   4   0   0   4  64   0   8   0   4     0    0    0   1.334     44  0.00
   96   96     0   0   0   0   0   0   0  55  10   0   0   0   0   0   5   0   0   5  10  15     0    0    0   1.373     45  0.00
   97   97     0   0   0   0   0   0   0   4   0   4   4   0   0   0   0   0   7  67   4  11     0    0    0   1.196     39  0.00
   98   98     4   4   0   0   0   0   0   4  15   0  38   4   0   0   0   0   4   4  23   0     0    0    0   1.746     58  0.00
   99   99     0   0   0   0   0   0   0   4  38  23   4   4   0   0   4   0  15   0   0   8     0    0    0   1.692     56  0.00
  100  100     0   4   0   0  50   0   0   8   0   0   4   4   0   0   4   0   4  19   0   4     0    0    0   1.613     53  0.00
  101  101    46  35   8   4   0   0   0   0   4   0   0   0   0   0   0   0   4   0   0   0     0    0    0   1.297     43  0.00
  102  102     0   0   0   0   0   0   0   0  44   0  19   0   0   0   4  22   4   7   0   0     0    0    0   1.444     48  0.00
  103  103     0   0   0   0   0   0   0  12   4   0   0  23   0   0   4   4   0  42   8   4     0    0    0   1.650     55  0.00
  104  104    11   4  26   0   0   4   7   0   0   0   4  41   0   4   0   0   0   0   0   0     0    0    0   1.641     54  0.00
  105  105     8  12   0  35   0   0   0   0  15   0   0   0   0   4   0   0  27   0   0   0     0    0    0   1.580     52  0.00
  106  106     0   0   0   0   0   0   0   0  31   0   4   4   0   8   4   0   0  50   0   0     0    0    0   1.282     42  0.00
  107  107     0   0   0   4   0   0   0   4  42   0  15  12   0   0   0   4   0   0  19   0     0    0    0   1.594     53  0.00
  108  108     4  31   0   4   0   0   0   0  58   0   0   0   4   0   0   0   0   0   0   0     0    0    0   1.056     35  0.00
  109  109     0   0   0   0   0   0   0   0   0   0  22   4   0   0   4  44   4  15   4   4     0    0    0   1.588     53  0.00
  110  110     0   4   4   0   0   0   0   0   0   4   0   0   0   0  26  11   7  41   0   4     0    0    0   1.641     54  0.00
  111  111     0   4   0   0   4  15   4   4   0   0   0   0   0  44   0   4  22   0   0   0     0    0    0   1.588     53  0.00
  112  112     0   0   0   0   0   0   0  22   0   0  41   0   0   0  15   0   7   4   7   4     0    0    0   1.613     53  0.00
  113  113    19  63  15   0   4   0   0   0   0   0   0   0   0   0   0   0   0   0   0   0     0    0    0   1.009     33  0.00
  114  114     0   0   0   0   0   0   0   0   7   7   0  22   0   0   4   4   0  22   7  26     0    0    0   1.841     61  0.00
  115  115    41   4   0   0   4   0   4   0   0   0   0   4   0  44   0   0   0   0   0   0     0    0    0   1.215     40  0.00
  116  116     0   0   4   0   0   0   0   0   0   0   0   0   0   4   4   0  15  44   0  30     0    0    0   1.370     45  0.00
  117  117    11  43   4   4   0   4   7   0   0   0   0   0  14   0   4   7   0   4   0   0     0    0    0   1.852     61  0.00
  118  118     0  86   7   4   4   0   0   0   0   0   0   0   0   0   0   0   0   0   0   0     0    0    0   0.559     18  0.00
  119  119     0   0   0   0   0   0   0   4   0   4  21   7   0   0   0   7   0  43   0  14     0    0    0   1.586     52  0.00
  120  120     0   0   0   0   0   0   0  46  18   4  29   0   0   0   0   0   4   0   0   0     0    0    0   1.260     42  0.00
  121  121     7   0   0   0   0   0   0   0  11   0  11  11   0   4   4   7   7  14   0  25     0    0    0   2.146     71  0.00
  122  122     0   0   0   0   0   0   0   7   7   0   0   0   0   0   0   4  11  61   0  11     0    0    0   1.278     42  0.00
  123  123     7  29  54   4   0   0   0   0   4   0   0   4   0   0   0   0   0   0   0   0     0    0    0   1.238     41  0.00
  124  124     4   0   0   7   0   0   0   4   0   0   7   7   0   0  11  21   0   4  36   0     0    0    0   1.860     62  0.00
  125  125     0   0   0   0   0   0   0   0   7   0   4   0   0   0   7  39  25  14   0   4     0    0    0   1.607     53  0.00
  126  126     0   0   0   0   0   0   0   0   0   0   0   0   0   4  93   4   0   0   0   0     0    0    0   0.307     10  0.00
  127  127     0   7   0   0  36  46  11   0   0   0   0   0   0   0   0   0   0   0   0   0     0    0    0   1.152     38  0.00
  128  128     0   0   0   0   0   0   0   4   4  86   4   0   0   0   4   0   0   0   0   0     0    0    0   0.608     20  0.00
  129  129     0   0   0   0  11   0   0  50   0   0   0   4   0   0   0   0   7   7  21   0     0    0    0   1.412     47  0.00
  130  130    14  18  54   0   7   0   0   0   4   0   0   0   0   0   4   0   0   0   0   0     0    0    0   1.347     44  0.00
  131  131     0   0   0   0   0   0   0   7   4   0   7  36   0   0  29   7   4   4   0   4     0    0    0   1.767     58  0.00
  132  132    44  19   4   0  19   0   0   0   4   4   0   4   0   0   0   0   0   0   0   4     0    0    0   1.595     53  0.00
  133  133     0   0   0   0   0   0   0   4   0  68   0   7   0   0   4   4   0   0   0  14     0    0    0   1.087     36  0.00
  134  134     0   0   0   0   0   4   0   0   4   0   0   4   0   0  25   0   0  36   0  29     0    0    0   1.429     47  0.00
  135  135     0   0   0   0   4   0   0  21   4   0   7   0   0   0   0   7   0   0  46  11     0    0    0   1.541     51  0.00
  136  136     0   4   7   0   0  11  46   0   0   0   0   0   0   0   4   0   0  29   0   0     0    0    0   1.380     46  0.00
  137  137    26   0  11   0   0   0   4   4   7   0   0   4   0   0   0   0   0   7  37   0     0    0    0   1.714     57  0.00
  138  138     0   0   0   0   0   0   0  43  57   0   0   0   0   0   0   0   0   0   0   0     0    0    0   0.683     22  0.00
  139  139     4  39  39   4   4   0   4   4   0   0   4   0   0   0   0   0   0   0   0   0     0    0    0   1.448     48  0.00
  140  140     4  25   7   0  57   0   4   0   0   0   4   0   0   0   0   0   0   0   0   0     0    0    0   1.212     40  0.00
  141  141     0   0   0   0   0   0   0   0   0   0   7   7   0   0   0   0   4  50   0  32     0    0    0   1.207     40  0.00
  142  142     0   4   0   0   0   0   0   0   7  43   0   7   0   0   0  18   0   7  14   0     0    0    0   1.633     54  0.00
  143  143     0   4   0   7   0   0   0   0   0   0  18   7   0   4   0   4   4   4  36  14     0    0    0   1.925     64  0.00
  144  144     0   0   0   0   0   0   0  43   4   0  46   0   0   0   0   0   0   0   0   7     0    0    0   1.027     34  0.00
  145  145     0   0   0   0   0   0   0 100   0   0   0   0   0   0   0   0   0   0   0   0     0    0    0   0.000      0  0.00
  146  146    64   4   4   0   7   0   0   0   7   0   7   4   0   0   4   0   0   0   0   0     0    0    0   1.326     44  0.00
  147  147     0  61  29   0   4   0   0   4   4   0   0   0   0   0   0   0   0   0   0   0     0    0    0   1.018     33  0.00
  148  148     0   0   0   0  36   0  29   0   0   0   0   0   0   4  14   4   0   4   4   7     0    0    0   1.668     55  0.00
  149  149     4   0   0   0   0   0   0   0  29  21  43   0   4   0   0   0   0   0   0   0     0    0    0   1.289     43  0.00
  150  150     0   0   0   0   0   0  14   4   0   0   0   4   0   0  11   0   0  54   4  11     0    0    0   1.448     48  0.00
  151  151     4  14   0   0   0   0   0   4   0   0   0   0   0   0   4  36   0   0  39   0     0    0    0   1.370     45  0.00
  152  152     0   0   7   4   0   7   0   0  39   0   0   7  36   0   0   0   0   0   0   0     0    0    0   1.419     47  0.00
  153  153    11  32  43   0   0   0   0   0   7   0   0   7   0   0   0   0   0   0   0   0     0    0    0   1.344     44  0.00
  154  154     0   0   0   0   7   0   0   0   7   4   7   0   0   0  57  11   4   0   4   0     0    0    0   1.482     49  0.00
  155  155     4   0   0   4   0   0   0   4  79   0   4   7   0   0   0   0   0   0   0   0     0    0    0   0.854     28  0.00
  156  156     0  29   0   4  18   7  36   0   4   0   0   0   0   4   0   0   0   0   0   0     0    0    0   1.579     52  0.00
  157  157     0   4  11   0   7   0   0   0  11   0   0   0   0   0  39   0  29   0   0   0     0    0    0   1.511     50  0.00
  158  158     0   0   0   0   0   0   0   0   4   0   0   7   0   7   0   0  11  54   0  18     0    0    0   1.377     45  0.00
  159  159     0  54   7   0   0   4   4   0  21   0   0   4   0   0   0   0   0   7   0   0     0    0    0   1.398     46  0.00
  160  160     0   4  21   0   7   0   0   0  68   0   0   0   0   0   0   0   0   0   0   0     0    0    0   0.901     30  0.00
  161  161     4   0   7   0   0   0   0   0   0   0   0   4   7   0  21  18   4  36   0   0     0    0    0   1.739     58  0.00
  162  162     0   0   0   0   0   0   0   4  46   0   0   4   0   4   4  11  18  11   0   0     0    0    0   1.619     54  0.00
  163  163     0  32   4   4   0   0   0   0  11   0   0   0   0   7  21   0   4   0  18   0     0    0    0   1.787     59  0.00
  164  164     0   0   0   0   0   0   0 100   0   0   0   0   0   0   0   0   0   0   0   0     0    0    0   0.000      0  0.00
  165  165    11   0   0   0   0   0   0  29  54   0   0   0   7   0   0   0   0   0   0   0     0    0    0   1.120     37  0.00
  166  166     0   0  21   0   0   0   0   0  11   0   4  18   0   0   4  32   4   4   4   0     0    0    0   1.837     61  0.00
  167  167    68  11  14   0   0   0   0   0   0   0   0   0   0   0   0   0   7   0   0   0     0    0    0   0.969     32  0.00
  168  168     4  43   4   0   0   0   7   0   0   0   0   0   7   4  29   0   4   0   0   0     0    0    0   1.574     52  0.00
  169  169     0   4   0   0  11   0   0   0   4   0   0  39   0   0   0   0   0   7   0  36     0    0    0   1.401     46  0.00
  170  170     0   0   0   0   0   0  14  29   0   0   0   0   0  25   7   0   4   4  14   4     0    0    0   1.806     60  0.00
  171  171     0   0   0   0   0   0   0   0   7   0   4  39  11   0   0   0   4  36   0   0     0    0    0   1.401     46  0.00
  172  172     0   0   4   0   0   0   0   0   4  29   0   4   0   4  21  32   0   4   0   0     0    0    0   1.648     55  0.00
  173  173    86   0   7   0   0   0   0   0   7   0   0   0   0   0   0   0   0   0   0   0     0    0    0   0.509     16  0.00
  174  174     0   9   5   0   0   0   0   0   5   0   0  27   0   0   5   0   0  45   0   5     0    0    0   1.493     49  0.00
  175  175     0   0   0   0   0   0   0   5  14   0  14   5   0   0   5   0   5   5   5  45     0    0    0   1.745     58  0.00
  176  176    21  11  21   0  36   4   4   0   0   0   0   0   0   4   0   0   0   0   0   0     0    0    0   1.624     54  0.00
  177  177     4   0   0   0   0   0   0   4   0   0   4   0   0   0  11   4   0  50   0  25     0    0    0   1.408     47  0.00
  178  178     4   4  54   0   0   0   0   0   0   7   4   4   0   7   7   0   0   7   0   4     0    0    0   1.683     56  0.00
  179  179     0   0   4   0   0   0   4   0  11   0  25   7   0   0   7   0   7   4  18  14     0    0    0   2.094     69  0.00
  180  180     0   0   0   0   0   0   0  11  11  43   4   4   0   0   4   0   0  14   0  11     0    0    0   1.716     57  0.00
  181  181     0   0   0   0   0   0   0  32   0   0   4   0   0   0   0   0   0   4   7  54     0    0    0   1.126     37  0.00
  182  182     7  18   0   0  11   0   0  18   0   7  25   0   0   4   4   0   0   0   7   0     0    0    0   2.005     66  0.00
  183  183    86   4   7   0   4   0   0   0   0   0   0   0   0   0   0   0   0   0   0   0     0    0    0   0.559     18  0.00
  184  184    11   0   4   0   4   0   0   0   0   0   7  32   0   4   4  32   0   0   4   0     0    0    0   1.752     58  0.00
  185  185    50   4  46   0   0   0   0   0   0   0   0   0   0   0   0   0   0   0   0   0     0    0    0   0.822     27  0.00
  186  186     7   0   0   0   0   4   0   0   0   0   0   7   4   4   0  29  14  32   0   0     0    0    0   1.735     57  0.00
  187  187     4   0   0   0   0   0   0   0   4   0   4  86   4   0   0   0   0   0   0   0     0    0    0   0.608     20  0.00
  188  188     4   0   0   0   0   0   0  11  43   0   7  21   0   0   0   0   0   4   7   4     0    0    0   1.667     55  0.00
  189  189     0   7   0   0   0   0  11   0   0   0  14   4   0   0   4  18   0  11  21  11     0    0    0   2.060     68  0.00
  190  190     0   0   0   0   0   0   0  63   0   0   4   0   0   0  15  11   0   4   4   0     0    0    0   1.185     39  0.00
  191  191     0   4   0   0   0   0   0   0   4   0  57  18   0   0   4   4   0  11   0   0     0    0    0   1.343     44  0.00
  192  192     0   0   4   4  18   0  71   0   0   0   0   4   0   0   0   0   0   0   0   0     0    0    0   0.905     30  0.00
  193  193     0   0   4   0   0   0   4   0   4   0   4  39   0   0   7   7  32   0   0   0     0    0    0   1.585     52  0.00
  194  194     4   0   0   0   0   0   0   4  82   0   4   7   0   0   0   0   0   0   0   0     0    0    0   0.707     23  0.00
  195  195     0   0   0   0   0   0   0   7   0   0  14   0   0   0   0  29   0   4  14  32     0    0    0   1.586     52  0.00
  196  196     0   0   0   0   0   0   0   0   0   0  21   0   4   0  11  57   7   0   0   0     0    0    0   1.197     39  0.00
  197  197    14  64  11   0   0   0   0   0   7   0   0   0   4   0   0   0   0   0   0   0     0    0    0   1.109     37  0.00
  198  198    39   7  54   0   0   0   0   0   0   0   0   0   0   0   0   0   0   0   0   0     0    0    0   0.890     29  0.00
  199  199    57   4  25   0   7   0   0   0   0   0   0   0   4   0   0   0   0   0   4   0     0    0    0   1.212     40  0.00
  200  200     0   0   0   0   0   0   0   0  11   0  39  39  11   0   0   0   0   0   0   0     0    0    0   1.213     40  0.00
  201  201    11   0   0  33   0   0   0   4  41   4   0   4   4   0   0   0   0   0   0   0     0    0    0   1.464     48  0.00
  202  202     0   0   0   0   0   0   0 100   0   0   0   0   0   0   0   0   0   0   0   0     0    0    0   0.000      0  0.00
  203  203     4   0   0   0   0   0   0   0  50  25   4  11   7   0   0   0   0   0   0   0     0    0    0   1.359     45  0.00
  204  204     0   0   0   0   0  93   4   4   0   0   0   0   0   0   0   0   0   0   0   0     0    0    0   0.307     10  0.00
  205  205    11   0  11   0   0   0   0   4   4   0   7  29   0   0   0   0   0   0  36   0     0    0    0   1.631     54  0.00
  206  206     0   4   0   0   0   0   0   4   4   4  43   7   0   0   4   7   0   0  25   0     0    0    0   1.682     56  0.00
  207  207     0   4   0   0   0   0   0   0   0   0   0   0   0   0  11  54  18   4   0  11     0    0    0   1.359     45  0.00
  208  208     0  86   4   0  11   0   0   0   0   0   0   0   0   0   0   0   0   0   0   0     0    0    0   0.490     16  0.00
  209  209     4  81   0   4   7   0   0   0   4   0   0   0   0   0   0   0   0   0   0   0     0    0    0   0.726     24  0.00
  210  210     0   0   0   0   0   0   0   0   7  19  37   0   0   7  19   4   4   4   0   0     0    0    0   1.744     58  0.00
  211  211     0   0   0   0   0   0   0   4   0  27   0   4   0   0   0  38   4  12   8   4     0    0    0   1.669     55  0.00
  212  212    12  85   0   0   4   0   0   0   0   0   0   0   0   0   0   0   0   0   0   0     0    0    0   0.516     17  0.00
  213  213     0   0   0   0   0   0   0  40   0   0   0   0   0   0   0   4   0   0  44  12     0    0    0   1.111     37  0.00
  214  214     8  24  44   0   8   0   4   4   4   0   0   0   0   0   0   0   0   4   0   0     0    0    0   1.623     54  0.00
  215  215     0   0   0   0   0   0   0   4   0   0   0   0   0   0   4   0   4  48   8  32     0    0    0   1.305     43  0.00
  216  216    12  20  48  16   4   0   0   0   0   0   0   0   0   0   0   0   0   0   0   0     0    0    0   1.351     45  0.00
  217  217     0   0   0   0   0   0   0   0   4  85   0   0   0   0   0   7   0   4   0   0     0    0    0   0.574     19  0.00
  218  218    13  58   4   0   0   0   4   0   0   0   0   8   0   0   0   0  13   0   0   0     0    0    0   1.306     43  0.00
  219  219     0  13   0   0   0   0   0   0   0   0   4   4   0   0   0   0  70   9   0   0     0    0    0   1.003     33  0.00
  220  220     8   0   0   0   0   0   0   0   0  64   0  24   0   0   4   0   0   0   0   0     0    0    0   0.959     32  0.00
  221  221     8  27  12   0   0   0  46   0   4   0   0   0   0   0   0   0   0   4   0   0     0    0    0   1.407     46  0.00
  222  222     0   0   0   0   0   0   4   0   0   0   8   0   0   0  81   0   0   8   0   0     0    0    0   0.692     23  0.00
  223  223     0   4  27   4   0   0   0   0   4   0   0   8   0   0   0   8  46   0   0   0     0    0    0   1.481     49  0.00
  224  224    48   0   4   0   0   0   0   0  12   0   4   8   0   0   0   0   0   0  24   0     0    0    0   1.409     47  0.00
  225  225    80   4   4   4   8   0   0   0   0   0   0   0   0   0   0   0   0   0   0   0     0    0    0   0.767     25  0.00
  226  226     0   0   0   0   0   0   4  42  17   0   0   0  38   0   0   0   0   0   0   0     0    0    0   1.164     38  0.00
  227  227     0   0   0   0  42  13  42   0   4   0   0   0   0   0   0   0   0   0   0   0     0    0    0   1.122     37  0.00
  228  228     4   0   0   0  46  38  13   0   0   0   0   0   0   0   0   0   0   0   0   0     0    0    0   1.118     37  0.00
  229  229     0   0   0   0   0   0   0   0   0   0   0   0   0   0   0   0  13  83   4   0     0    0    0   0.560     18  0.00
  230  230     0   0   0  17   0   0   0   4  13   9  30   0  17   0   0   9   0   0   0   0     0    0    0   1.797     59  0.00
  231  231    25   0   0   0   0   0   0   0   0   4   4   0   0   4   0   8   0   0   0  54     0    0    0   1.283     42  0.00
  232  232     0   0   0   0   0   0   0   5   5  27   0   0   0   0   0   0   5  55   0   5     0    0    0   1.247     41  0.00
  233  233     0   0   0   0   0   0   0  38   4   0  25   0   0   0   0  13   4   8   0   8     0    0    0   1.653     55  0.00
  234  234     0   8   0   0   0   0   0   0   0   0  25   4   0   4   8  50   0   0   0   0     0    0    0   1.372     45  0.00
  235  235     0   0   4   0   4   0  79   4   0   0   0   0   0   0   0   4   0   0   4   0     0    0    0   0.847     28  0.00
  236  236     0   0   0   0   0   0   0  25   8   4  54   4   0   0   0   0   0   0   4   0     0    0    0   1.283     42  0.00
  237  237    33   0   4   0   4   0   0   4   4   0   0   0   0   4   0   0   4   0  42   0     0    0    0   1.525     50  0.00
  238  238     4   4   0   0   0   4   0   0   0   0  29  13   0   0   0   8   0   4   4  29     0    0    0   1.848     61  0.00
  239  239     0   4  25   4   0   0   0   4   4   8   0   0   0  13   0   4  25   0   8   0     0    0    0   2.029     67  0.00
  240  240     0   0   0   0   0   0   0  13  29   0   0   4   0   4   0   8   0   8   0  33     0    0    0   1.664     55  0.00
  241  241     0   4   0   0  63   0  17   0   8   0   0   0   0   4   0   0   0   4   0   0     0    0    0   1.197     39  0.00
  242  242     0   0   0   0   0   0   0   0   0  92   0   0   0   0   0   4   4   0   0   0     0    0    0   0.345     11  0.00
  243  243     9   0   0   0   0   0   0  30  26   0   0   4  26   4   0   0   0   0   0   0     0    0    0   1.548     51  0.00
  244  244     4   0   8   0  79   0   4   4   0   0   0   0   0   0   0   0   0   0   0   0     0    0    0   0.789     26  0.00
  245  245     5  27   5  41   0   0   0   0   0   5   0   9   0   5   0   0   0   0   5   0     0    0    0   1.641     54  0.00
  246  246    50  13   0   0   0  21   4   8   4   0   0   0   0   0   0   0   0   0   0   0     0    0    0   1.405     46  0.00
  247  247     4  17   0   0   0   0   0   0   4   0   8   0   0   0   0   0   0  54   0  13     0    0    0   1.363     45  0.00
  248  248    42  25   8   0   0   0   4   0   0   0   0   0  17   0   0   0   0   0   0   4     0    0    0   1.482     49  0.00
  249  249     0   0   0   0   0   0   0   8  17  71   0   0   0   0   0   0   0   4   0   0     0    0    0   0.882     29  0.00
  250  250     0   0   0   0   0   0   0   8   4   8   0  13   0  17   0   4   0   0  38   8     0    0    0   1.812     60  0.00
  251  251     0   0   0   0   0   0   0  58   4   4   0   4   0  25   0   0   0   0   4   0     0    0    0   1.191     39  0.00
  252  252     8   4  63   0   0   0   4   0   0   0   0   0   0   8   0   0   8   0   0   4     0    0    0   1.312     43  0.00
  253  253    11   0  11   0   5   0  68   5   0   0   0   0   0   0   0   0   0   0   0   0     0    0    0   1.044     34  0.00
  254  254     0   0   0   0   4   0  91   0   0   4   0   0   0   0   0   0   0   0   0   0     0    0    0   0.356     11  0.00
  255  255     5   0   0   0   0   0   0  95   0   0   0   0   0   0   0   0   0   0   0   0     0    0    0   0.185      6  0.00
  256  256     0  29   5   0  62   0   0   0   0   0   0   5   0   0   0   0   0   0   0   0     0    0    0   0.945     31  0.00
  257  257     0   0   0   0   0   0   0   0   0 100   0   0   0   0   0   0   0   0   0   0     0    0    0   0.000      0  0.00
  258  258     0   0   0   0   0   0   0   0  24   5  52  19   0   0   0   0   0   0   0   0     0    0    0   1.141     38  0.00
  259  259     0   5   5   0  48   0   0  19   0   0  14   0   0   0   0   0   0  10   0   0     0    0    0   1.461     48  0.00
  260  260     0   0   0   0   0   0   0  52   0   0   0   0   0   0   0   0   0  33  10   5     0    0    0   1.074     35  0.00
  261  261     0   0   0   0   0   0  33  57   0   0   0   0   0   0   0   0   0   0   0  10     0    0    0   0.910     30  0.00
  262  262     0   0   0   0   0   0   0   0   5  42   5   0  47   0   0   0   0   0   0   0     0    0    0   1.028     34  0.00
  263  263     0   0   0   0   0   0   0  86   9   0   5   0   0   0   0   0   0   0   0   0     0    0    0   0.485     16  0.00
  264  264     0  86   0   9   0   0   0   0   5   0   0   0   0   0   0   0   0   0   0   0     0    0    0   0.485     16  0.00
  265  265     0   0   0   0   0   0   0   0   0   0   0   0   0   0   0 100   0   0   0   0     0    0    0   0.000      0  0.00
  266  266    27  27  36   0   9   0   0   0   0   0   0   0   0   0   0   0   0   0   0   0     0    0    0   1.295     43  0.00
  267  267     0   0   0   0   0   0   0  59   9   0  18   0  14   0   0   0   0   0   0   0     0    0    0   1.111     37  0.00
  268  268     5   0   0   0   5   0  77   0   0   0   5   0   0   0   0   9   0   0   0   0     0    0    0   0.839     27  0.00
  269  269     0   0   0   0   5   0   0   5   0   0   0   0   0  91   0   0   0   0   0   0     0    0    0   0.368     12  0.00
  270  270     0   7   0   0   0   0   0   7   0   0   7  60   0   0   7   0   0   0  13   0     0    0    0   1.297     43  0.00
  271  271     0   0   0   0  33   0  19  10   0   0   0   0   0  33   0   5   0   0   0   0     0    0    0   1.417     47  0.00
  272  272     0   0   0   0   0   0   0  95   0   0   0   0   0   0   5   0   0   0   0   0     0    0    0   0.185      6  0.00
  273  273     5   0   0   0   0   0   5   0   0   0   0   0   0   0   0   0  59   0  18  14     0    0    0   1.174     39  0.00
  274  274     9   0   0   0   0   5   0   0   5   5   0   0   0  23   0  41   5   0   9   0     0    0    0   1.700     56  0.00
  275  275     9   5  55   0   0   0   0   0  18   0   0   9   5   0   0   0   0   0   0   0     0    0    0   1.358     45  0.00
  276  276     0   0   0   0   0   0   0   0   0   0   5   9   0   9   0   0   0   0   0  77     0    0    0   0.776     25  0.00
  277  277     0   0   0   0   0   0   0   0   0  82   9   0   0   0   0   0   5   0   0   5     0    0    0   0.663     22  0.00
  278  278     0   0   0   0   0   0   0   0  14   0   0   0   0   0   0   0   0  32   0  55     0    0    0   0.967     32  0.00
  279  279     0   5   0   0   0   0   0   0   0   0   0  68   0   0   0   5   0   9   0  14     0    0    0   1.032     34  0.00
  280  280     0   0  52   0   0   5   0   0  19   0   0   0   0   0  14   0   0  10   0   0     0    0    0   1.301     43  0.00
  281  281     0   0   0   0   0   0   0   0   0   5   0   0   0   0  29   0   0   0  52  14     0    0    0   1.120     37  0.00
  282  282    10   0   0   0   0   5   0   0   0   0   0  19   0   0  57  10   0   0   0   0     0    0    0   1.228     41  0.00
  283  283     0   0   0   0   0   0   0   5   0  10   0  14   0   0   0   0   5  48   0  19     0    0    0   1.461     48  0.00
  284  284     0   0  21   0  74   0   0   0   0   5   0   0   0   0   0   0   0   0   0   0     0    0    0   0.708     23  0.00
  285  285     0   0   0   0   0   0   0  75  10   5  10   0   0   0   0   0   0   0   0   0     0    0    0   0.826     27  0.00
  286  286    50   0  17   0   0   0   0   0  11   0   0   0   0   0   0   0   0  11   0  11     0    0    0   1.378     45  0.00
  287  287    11   0  11   0   0   0  56   0   0   6   0   0   0  11   0   6   0   0   0   0     0    0    0   1.380     46  0.00
  288  288     6   6   0   0   0   0   0   6  13  69   0   0   0   0   0   0   0   0   0   0     0    0    0   1.037     34  0.00
  289  289     0   0   0   0   0   0   0   0   6   0  11   0   0   6   0   0  11  67   0   0     0    0    0   1.080     36  0.00
  290  290     0   0   0   0   0   0   0   5   0   0   0   0   0   0   0   0   5   9   0  82     0    0    0   0.663     22  0.00
  291  291    33   0   0   0   0   0   0  10   0   0   0   0   0   0   5   0   0  52   0   0     0    0    0   1.074     35  0.00
  292  292     0   0   0   0   0   0   0  14  10   0  43   0   0   0   5   0  29   0   0   0     0    0    0   1.368     45  0.00
  293  293     0   0  33   0   0   0   0   0   5   0   0   0   0   0   0   0   0  10  48   5     0    0    0   1.233     41  0.00
  294  294     0  68  14   5   0   0   0   0   9   0   0   0   0   0   5   0   0   0   0   0     0    0    0   1.032     34  0.00
  295  295     0   0   0   0   9   0   0   0   5   5  18   0   9   0  45   5   0   0   5   0     0    0    0   1.666     55  0.00
  296  296     0   5   0   0   0   0   0   0  32   9  18   0   0   9   0  18   0   5   0   5     0    0    0   1.842     61  0.00
  297  297     0   0   0   0  91   5   0   0   0   0   0   0   0   5   0   0   0   0   0   0     0    0    0   0.368     12  0.00
  298  298    27  55   9   5   0   0   0   0   0   0   5   0   0   0   0   0   0   0   0   0     0    0    0   1.184     39  0.00
  299  299     0   0   0   0   0   0   0   0   0   5   5   0   0   0  36   5   5  45   0   0     0    0    0   1.288     43  0.00
  300  300     0   0   0   0   0   0   0   0   5   5   0  14   0   0   0   5   5  32   9  27     0    0    0   1.770     59  0.00
  301  301     9   5   5   0   0   0  50   0   0   0   0   0   0  27   5   0   0   0   0   0     0    0    0   1.340     44  0.00
  302  302     0  38   5  48   5   0   0   0   5   0   0   0   0   0   0   0   0   0   0   0     0    0    0   1.156     38  0.00
  303  303     0   0   0   0   0   0   0   5   0  91   0   0   0   0   5   0   0   0   0   0     0    0    0   0.368     12  0.00
  304  304     5   0   5   0   0   0   0  68   0   0   0   0   0   0   0   0   0   0   0  23     0    0    0   0.879     29  0.00
  305  305     5  32   9   0   0   0   0   0  45   0   5   0   0   0   0   0   5   0   0   0     0    0    0   1.362     45  0.00
  306  306     0   0   0   0   0   0   0   0   0   5   0  15   0   0  10  20   0  10  35   5     0    0    0   1.734     57  0.00
  307  307     0   0   0   0   0   0   5  68   9  18   0   0   0   0   0   0   0   0   0   0     0    0    0   0.930     31  0.00
  308  308     0   0   0   0   0   0   0   0   0   5   5   5   9   0   0   0   0  77   0   0     0    0    0   0.839     27  0.00
  309  309     9  45   0   0   5   0   0   0   5  27   0   0   9   0   0   0   0   0   0   0     0    0    0   1.430     47  0.00
  310  310     0  14   0   0   0   0   0   0  23   0   0   9   0   0   0  45   0   0   0   9     0    0    0   1.403     46  0.00
  311  311    18   0   9   0   0   0   9   0   0   0  14   5   0   0  32   9   0   5   0   0     0    0    0   1.881     62  0.00
  312  312     5   0  24  10   0   0   0  57   5   0   0   0   0   0   0   0   0   0   0   0     0    0    0   1.175     39  0.00
  313  313     5   0   0   0   0   0   0   0  55   0   0   0   0   0   0   0   5  27   0   9     0    0    0   1.184     39  0.00
  314  314    45   5   0   0   0   0   0   0   9   0  18   9   0   0   9   5   0   0   0   0     0    0    0   1.603     53  0.00
  315  315     0   0   0   0   0   0   0   0   0   0   0   0 100   0   0   0   0   0   0   0     0    0    0   0.000      0  0.00
  316  316     0   0   5  81   0   0   0   0   5   0   0  10   0   0   0   0   0   0   0   0     0    0    0   0.685     22  0.00
  317  317     0   0   0   0   0   0 100   0   0   0   0   0   0   0   0   0   0   0   0   0     0    0    0   0.000      0  0.00
  318  318     0   0   0   0   0   0   0   0   0   0   9  82   0   0   0   0   0   0   0   9     0    0    0   0.600     20  0.00
  319  319     0   0   0   5   5   0   0   0   0   0   0   0   0   0   0  45   0   0  45   0     0    0    0   0.998     33  0.00
  320  320     0   0   0   0   0   0   0   0   0   0  14  86   0   0   0   0   0   0   0   0     0    0    0   0.398     13  0.00
  321  321     5  27   0   0   0   0   0   0   0  68   0   0   0   0   0   0   0   0   0   0     0    0    0   0.756     25  0.00
  322  322     0   0   0   0   0   0   0   0   0   0   0   0   0   0   0   0   0   0   0 100     0    0    0   0.000      0  0.00
  323  323     0   0   0   0   0   0   0   0   0   0   0   0   0   0   0   0   0  95   0   5     0    0    0   0.185      6  0.00
  324  324     0   0   0   0   0   0   0   0   0   0   0   0   0  64   0   5  18   0   0  14     0    0    0   1.010     33  0.00
  325  325     0   0   0   0  95   0   5   0   0   0   0   0   0   0   0   0   0   0   0   0     0    0    0   0.185      6  0.00
  326  326    27   0  68   5   0   0   0   0   0   0   0   0   0   0   0   0   0   0   0   0     0    0    0   0.756     25  0.00
  327  327     0  27  68   0   0   0   0   0   5   0   0   0   0   0   0   0   0   0   0   0     0    0    0   0.756     25  0.00
  328  328     0   0   0   0   0   0   0   5   5   0   0   0   0   0   0   0   0   0   0  90     0    0    0   0.381     12  0.00
  329  329     0  50   0   0   0   5   0   0   0   0   0  15   5   0  25   0   0   0   0   0     0    0    0   1.277     42  0.00
  330  330     0  10   5   0   0   0   0   0   0   0   0   0   0  86   0   0   0   0   0   0     0    0    0   0.501     16  0.00
  331  331     0   0   0   0   0   0   0   0   5  95   0   0   0   0   0   0   0   0   0   0     0    0    0   0.191      6  0.00
  332  332     0   0   0   0   0   0   0  10   5   0   0   0   0   0   0  43  14  29   0   0     0    0    0   1.368     45  0.00
  333  333     0   0   0   0  14   0  33   5   0   0   0   0   0  43   0   0   0   0   5   0     0    0    0   1.297     43  0.00
  334  334     0   0   0   0   0   0   0   0   0   5  48   0   0   0   0   5   0   5   0  38     0    0    0   1.156     38  0.00
  335  335     0   0   0   0   0   0   0   0   0   0   5   0   5   0   0   0   0   0  90   0     0    0    0   0.381     12  0.00
  336  336    52   5  33   0   0   0   0   0   0   0   0  10   0   0   0   0   0   0   0   0     0    0    0   1.074     35  0.00
  337  337    62  14   0   0   0   0   0   0  19   0   0   5   0   0   0   0   0   0   0   0     0    0    0   1.036     34  0.00
  338  338    14  10  76   0   0   0   0   0   0   0   0   0   0   0   0   0   0   0   0   0     0    0    0   0.709     23  0.00
  339  339     0   0  10   0   0   0   0  33  52   0   5   0   0   0   0   0   0   0   0   0     0    0    0   1.074     35  0.00
  340  340     0   0   0   0   0   0   0   5  81   0   0  10   5   0   0   0   0   0   0   0     0    0    0   0.685     22  0.00
  341  341     0   0   0   0   0   0   0  95   0   0   0   0   5   0   0   0   0   0   0   0     0    0    0   0.199      6  0.00
  342  342     0  10   0   0  85   0   0   5   0   0   0   0   0   0   0   0   0   0   0   0     0    0    0   0.518     17  0.00
  343  343     0   0   0   0   0   0   0   0   0   0 100   0   0   0   0   0   0   0   0   0     0    0    0   0.000      0  0.00
  344  344     0   0   0   0   0   0   0 100   0   0   0   0   0   0   0   0   0   0   0   0     0    0    0   0.000      0  0.00
  345  345     0   0   0   0   0   0   0   0   0   0   5   0   0  95   0   0   0   0   0   0     0    0    0   0.199      6  0.00
  346  346     0   0   0   0   0   0   0 100   0   0   0   0   0   0   0   0   0   0   0   0     0    0    0   0.000      0  0.00
  347  347     0   0   0   0 100   0   0   0   0   0   0   0   0   0   0   0   0   0   0   0     0    0    0   0.000      0  0.00
  348  348     0   0   0   0   0   0   0   0   0   0   0   5   0   0   0  95   0   0   0   0     0    0    0   0.199      6  0.00
  349  349     5  30   0   0  65   0   0   0   0   0   0   0   0   0   0   0   0   0   0   0     0    0    0   0.791     26  0.00
  350  350     5   0   0   0   0   0   0   0  45   0  50   0   0   0   0   0   0   0   0   0     0    0    0   0.856     28  0.00
  351  351     0   0   0   0   0   0   0   0   0  40  60   0   0   0   0   0   0   0   0   0     0    0    0   0.673     22  0.00
  352  352    65   0   0   0   0   0   0  35   0   0   0   0   0   0   0   0   0   0   0   0     0    0    0   0.647     21  0.00
  353  353    85  10   5   0   0   0   0   0   0   0   0   0   0   0   0   0   0   0   0   0     0    0    0   0.518     17  0.00
  354  354     0   0   0   0   0   0   0 100   0   0   0   0   0   0   0   0   0   0   0   0     0    0    0   0.000      0  0.00
  355  355     0   0   0   0   0   0   0   0   0   0   0   0   0   0   0  35   0  65   0   0     0    0    0   0.647     21  0.00
  356  356    30   0  45   0   0   0   0   0   5   0   0  20   0   0   0   0   0   0   0   0     0    0    0   1.192     39  0.00
  357  357     0  90   0   0   0   0   0   0  10   0   0   0   0   0   0   0   0   0   0   0     0    0    0   0.325     10  0.00
  358  358     0   0   0   0   0   0  30   0  25   0  45   0   0   0   0   0   0   0   0   0     0    0    0   1.067     35  0.00
  359  359     0   0   0   0   0   0   0   0   0   0   0   0   0   0   0   0  50  35   0  15     0    0    0   0.999     33  0.00
  360  360     0  85   0   5  10   0   0   0   0   0   0   0   0   0   0   0   0   0   0   0     0    0    0   0.518     17  0.00
  361  361     0   0   0   0   0   0   0   0  70   0  30   0   0   0   0   0   0   0   0   0     0    0    0   0.611     20  0.00
  362  362    15  35   0  30   0   0   0   0   5   0   0   5   0   0   0   0  10   0   0   0     0    0    0   1.543     51  0.00
  363  363     0   0   0   0   0   0   0   5   0   0   0  55   0   0   0  30   0   0   0  10     0    0    0   1.070     35  0.00
  364  364     0  30   0   0   0   0   0  55   0   0   0   0   0   0   0  15   0   0   0   0     0    0    0   0.975     32  0.00
  365  365     0   0   0   0   0   0   0   0   5  10   0  20   0   0   0  65   0   0   0   0     0    0    0   0.982     32  0.00
  366  366     0   0   0   0   0   0   0   0   0  30  10  60   0   0   0   0   0   0   0   0     0    0    0   0.898     29  0.00
  367  367     0   0   0   0   0   0   0   0   5   0  30   5   0   0   0   0   0  50   0  10     0    0    0   1.238     41  0.00
  368  368     5   0   0   0  10   0  30   0   0   0   0   0   0  55   0   0   0   0   0   0     0    0    0   1.070     35  0.00
  369  369     0   0   0   0   0   0   0   0   0   5   0   0   0   0   0   0   0   0   0  95     0    0    0   0.199      6  0.00
  370  370     5  40  55   0   0   0   0   0   0   0   0   0   0   0   0   0   0   0   0   0     0    0    0   0.845     28  0.00
  371  371     0   0   0   0   0   0   0   5  30   0  55  10   0   0   0   0   0   0   0   0     0    0    0   1.070     35  0.00
  372  372     0   5  50   0   5   0   0   0   5  35   0   0   0   0   0   0   0   0   0   0     0    0    0   1.163     38  0.00
  373  373     0   0   0   0 100   0   0   0   0   0   0   0   0   0   0   0   0   0   0   0     0    0    0   0.000      0  0.00
  374  374     0   0   0   0   0   0   0   0   0   0  68   0   0   0  32   0   0   0   0   0     0    0    0   0.624     20  0.00
  375  375     0  17  67  11   0   0   0   0   6   0   0   0   0   0   0   0   0   0   0   0     0    0    0   0.974     32  0.00
  376  376     0   0   0   0   0   0   0   0   0   0  37   0   0   0   0   0   0   0  63   0     0    0    0   0.658     21  0.00
  377  377     0   0   0   0   0   0   0   0   0   0   0   0   0   0  95   0   5   0   0   0     0    0    0   0.206      6  0.00
  378  378     0   0   0   0   0   0   0   0   0  92   0   0   0   0   0   0   0   0   0   8     0    0    0   0.287      9  0.00
  379  379     0   0   0   0   0   0   0   0  91   0   9   0   0   0   0   0   0   0   0   0     0    0    0   0.305     10  0.00
  380  380     0 100   0   0   0   0   0   0   0   0   0   0   0   0   0   0   0   0   0   0     0    0    0   0.000      0  0.00
  381  381     0   0   0   0   0   0   0   0   9   0   0   0   0   0   0  91   0   0   0   0     0    0    0   0.305     10  0.00
  382  382     0   0   0   0   0   0   0   0   0   0   0   0   0   0   0  18  27  55   0   0     0    0    0   0.995     33  0.00
  383  383     0   0   0   0   0   0   0   0  14   0  86   0   0   0   0   0   0   0   0   0     0    0    0   0.410     13  0.00
  384  384     0 100   0   0   0   0   0   0   0   0   0   0   0   0   0   0   0   0   0   0     0    0    0   0.000      0  0.00
  385  385     0   0   0   0   0   0   0   0   0   0   0   0   0   0   0   0 100   0   0   0     0    0    0   0.000      0  0.00
//
