ID Pseudo hssp file.
SEQ 
SEQ gi|121017|sp|P02698|GBG1_BOVIN GUANINE NUCLEOTIDE-BINDING PROTEI...   106  5e-23
SEQ gi|11386179|ref|NP_068774.1| guanine nucleotide binding protein ...   103  3e-22
SEQ gi|12861578|dbj|BAB32232.1| (AK020863) putative [Mus musculus] >...   102  7e-22
SEQ gi|224267|prf||1101227A protein gamma,GTP binding [Bos taurus] >...   101  2e-21
SEQ gi|2392721|pdb|2TRC|G Chain G, PhosducinTRANSDUCIN BETA-Gamma Co...    99  7e-21
SEQ gi|2098455|pdb|1TBG|G Chain G, Beta-Gamma Dimer Of The Heterotri...    98  1e-20
SEQ gi|1942175|pdb|1GOT|G Chain G, Heterotrimeric Complex Of A Gt-Al...    97  3e-20
SEQ gi|4139470|pdb|1A0R|G Chain G, Heterotrimeric Complex Of Phosduc...    95  1e-19
SEQ gi|2842636|sp|Q61012|GBG1_MOUSE GUANINE NUCLEOTIDE-BINDING PROTE...    81  2e-15
SEQ gi|4758448|ref|NP_004117.1| guanine nucleotide binding protein 1...    79  9e-15
SEQ gi|3023844|sp|O14610|GBGU_HUMAN GUANINE NUCLEOTIDE-BINDING PROTE...    65  1e-10
SEQ gi|12846083|dbj|BAB27023.1| (AK010554) putative [Mus musculus]         64  3e-10
SEQ gi|1730221|sp|P50154|GBGU_BOVIN GUANINE NUCLEOTIDE-BINDING PROTE...    64  3e-10
SEQ gi|2695592|gb|AAB92387.1| (U41493) photoreceptor transducin gamm...    63  4e-10
SEQ gi|4090990|gb|AAC98924.1| (AF038862) transducin gamma subunit [C...    63  4e-10
SEQ gi|163775|gb|AAA30788.1| (K02436) transducin gamma subunit prope...    58  2e-08
SEQ gi|2494918|sp|Q28024|GBGC_BOVIN GUANINE NUCLEOTIDE-BINDING PROTE...    47  2e-05
SEQ gi|13384618|ref|NP_079554.1| guanine nucleotide binding protein ...    47  2e-05
SEQ gi|10047118|ref|NP_061329.1| G-protein gamma-12 subunit [Homo sa...    47  3e-05
SEQ gi|14456439|gb|AAG39271.1| (AY008790) g-transducing activity pol...    46  7e-05
SEQ gi|13162316|ref|NP_077052.1| guanine nucleotide binding protein ...    46  9e-05
SEQ gi|232148|sp|P30671|GBG7_BOVIN GUANINE NUCLEOTIDE-BINDING PROTEI...    46  1e-04
SEQ gi|2582406|gb|AAB82558.1| (AF022091) guanine nucleotide binding ...    45  1e-04
SEQ gi|4826746|ref|NP_005136.1| guanine nucleotide binding protein (...    45  1e-04
SEQ gi|13543571|gb|AAH05940.1|AAH05940 (BC005940) Similar to G-prote...    44  2e-04
SEQ gi|1942399|pdb|1GP2|G Chain G, G Protein Heterotrimer Gi_alpha_1...    44  2e-04
SEQ gi|6754020|ref|NP_034445.1| guanine nucleotide binding protein (...    44  2e-04
SEQ gi|1037115|gb|AAB34963.1| G protein gamma 2 subunit [cattle, bra...    44  4e-04
SEQ gi|2695590|gb|AAB92386.1| (U41492) photoreceptor transducin gamm...    43  5e-04
SEQ gi|6754022|ref|NP_034446.1| guanine nucleotide binding protein (...    42  9e-04
SEQ 
## SEQUENCE PROFILE AND ENTROPY
 SeqNo PDBNo   V   L   I   M   F   W   Y   G   A   P   S   T   C   H   R   K   Q   E   N   D  NOCC NDEL NINS ENTROPY RELENT WEIGHT
    1    1     0   0   0 100   0   0   0   0   0   0   0   0   0   0   0   0   0   0   0   0     0    0    0   0.000      0  0.00
    2    2     0   0   0   0   0   0   0   0   0 100   0   0   0   0   0   0   0   0   0   0     0    0    0   0.000      0  0.00
    3    3    92   0   0   0   0   0   0   0   8   0   0   0   0   0   0   0   0   0   0   0     0    0    0   0.287      9  0.00
    4    4     0   8  92   0   0   0   0   0   0   0   0   0   0   0   0   0   0   0   0   0     0    0    0   0.287      9  0.00
    5    5     0   0   0   0   0   0   0   0   0   0   0   0   0   8   0   0   0   0  92   0     0    0    0   0.287      9  0.00
    6    6     0   0 100   0   0   0   0   0   0   0   0   0   0   0   0   0   0   0   0   0     0    0    0   0.000      0  0.00
    7    7     0   0   0   0   0   0   0   0   0   0   0   0   0   0   0   0  25  75   0   0     0    0    0   0.562     18  0.00
    8    8     0   0   0   0   0   0   0   0   0   0   0   0   0   0   0   0   0  12   0  88     0    0    0   0.362     12  0.00
    9    9     0 100   0   0   0   0   0   0   0   0   0   0   0   0   0   0   0   0   0   0     0    0    0   0.000      0  0.00
   10   10     0   0   0   0   0   0   0   0   0   6  24  71   0   0   0   0   0   0   0   0     0    0    0   0.753     25  0.00
   11   11     0   0   0   0   0   0   0   0   0   0   0   0   0   0   0   0   0 100   0   0     0    0    0   0.000      0  0.00
   12   12     0   0   0   0   0   0   0   0   0   0   0   0   0   0   0 100   0   0   0   0     0    0    0   0.000      0  0.00
   13   13     0   0   0   0   0   0   0   0   0   0   0   0   0   0   0   0   0  24   0  76     0    0    0   0.546     18  0.00
   14   14     0  24   0   0   0   0   0   0   0   0   0   0   0   0   0  76   0   0   0   0     0    0    0   0.546     18  0.00
   15   15     0 100   0   0   0   0   0   0   0   0   0   0   0   0   0   0   0   0   0   0     0    0    0   0.000      0  0.00
   16   16     0   0   0   0   0   0   0   0   0   0   0   0   0   0   6  94   0   0   0   0     0    0    0   0.224      7  0.00
   17   17     0   0   0 100   0   0   0   0   0   0   0   0   0   0   0   0   0   0   0   0     0    0    0   0.000      0  0.00
   18   18     0   0   0   0   0   0   0   0   0   0   0   0   0   0   0   0   0 100   0   0     0    0    0   0.000      0  0.00
   19   19   100   0   0   0   0   0   0   0   0   0   0   0   0   0   0   0   0   0   0   0     0    0    0   0.000      0  0.00
   20   20     0   0   0   0   0   0   0   0   0   0   0   0   0   0   0   0  17  41   0  41     0    0    0   1.033     34  0.00
   21   21     0   0   0   0   0   0   0   0   0   0   0   0   0   0   0   0 100   0   0   0     0    0    0   0.000      0  0.00
   22   22     0 100   0   0   0   0   0   0   0   0   0   0   0   0   0   0   0   0   0   0     0    0    0   0.000      0  0.00
   23   23     0   0   0   0   0   0   0   0   0   0   0   0   0   0  31  69   0   0   0   0     0    0    0   0.619     20  0.00
   24   24     0  14  14  14   0   0   0   0   0   0   0   0   0   0   0  59   0   0   0   0     0    0    0   1.133     37  0.00
   25   25     0   0   0   0   0   0   0   0   0   0   0   0   0   0   0   0   0 100   0   0     0    0    0   0.000      0  0.00
   26   26    59   0   0   0   0   0   0   0  41   0   0   0   0   0   0   0   0   0   0   0     0    0    0   0.678     22  0.00
   27   27     0   0   0   0   0   0   0  10   0   0  21  41   0   0   0  17   0   0  10   0     0    0    0   1.464     48  0.00
   28   28     0  48  38   0   0   0   0   0   0   0   0   0   0   0   0   0   0   0  14   0     0    0    0   0.993     33  0.00
   29   29     0   0   0   0   0   0   0   0   0  10   0   3   3   0   0   0   3  69   0  10     0    0    0   1.074     35  0.00
   30   30     0   0   0   0   0   0   0   3   0   0   0   0   0   0  97   0   0   0   0   0     0    0    0   0.150      5  0.00
   31   31     0   0  45  41   0   0   0   0   7   0   0   0   0   0   0   0   3   0   0   3     0    0    0   1.141     38  0.00
   32   32     0  45   0   7   0   0   0   0   0   3   0   0   0   0   0  41   3   0   0   0     0    0    0   1.141     38  0.00
   33   33    86   0  14   0   0   0   0   0   0   0   0   0   0   0   0   0   0   0   0   0     0    0    0   0.401     13  0.00
   34   34     0   0   0   0   0   0   0   0   0   0 100   0   0   0   0   0   0   0   0   0     0    0    0   0.000      0  0.00
   35   35     0   0   0   0   0   0   0   0   0   0   0   0   0   0   0 100   0   0   0   0     0    0    0   0.000      0  0.00
   36   36     0   0   0   0   0   0   0   0  45   0   0  10  45   0   0   0   0   0   0   0     0    0    0   0.954     31  0.00
   37   37     0   0   0   0   0   0   0  14  17   0  28   0  41   0   0   0   0   0   0   0     0    0    0   1.297     43  0.00
   38   38     0   0   0   0   0   0   0   0  31   0  10   0   0   0   0  14   0  45   0   0     0    0    0   1.231     41  0.00
   39   39     0   0   0   0   0   0   0   0   0   0   0   0   0   0   0   0   0  66   0  34     0    0    0   0.644     21  0.00
   40   40    14  41  17   0  28   0   0   0   0   0   0   0   0   0   0   0   0   0   0   0     0    0    0   1.297     43  0.00
   41   41     0   0   0  41   0   0   0   0   0   0   0   0   0   0  41  17   0   0   0   0     0    0    0   1.033     34  0.00
   42   42     0   0   0   0   0   0   0   0  10   0  28   3   0   0   0   0   0   3   3  52     0    0    0   1.279     42  0.00
   43   43     0   0   0   0   0   0 100   0   0   0   0   0   0   0   0   0   0   0   0   0     0    0    0   0.000      0  0.00
   44   44    48   0  10   0   0   0   0   0   0   0   0   0  41   0   0   0   0   0   0   0     0    0    0   0.951     31  0.00
   45   45     0   0   0   0   0   0   0   0   0   0   0   0   0   0   0   0   0  97   0   3     0    0    0   0.150      5  0.00
   46   46     0   0   0   0   0   0   0   0  28   0   0   0   0   0   0   0  10  62   0   0     0    0    0   0.886     29  0.00
   47   47     0   0   0   0   0   0   0   0   0   0   0   0   0  41  45   0   7   7   0   0     0    0    0   1.094     36  0.00
   48   48     0   0   0   0   0   0   0   0  55   0  45   0   0   0   0   0   0   0   0   0     0    0    0   0.688     22  0.00
   49   49     0   0   0   0   0   0   0  59   0   0   0   0   3   0  28  10   0   0   0   0     0    0    0   1.019     34  0.00
   50   50     0   0   0   0   0   0   0   0   0   0  14   3   0   0   0   0   0  59  24   0     0    0    0   1.046     34  0.00
   51   51     0   0   0   0   0   0   0   0   0   0   0   0   0   0   0   0   0   0   0 100     0    0    0   0.000      0  0.00
   52   52     0   0   0   0   0   0   0   0   0 100   0   0   0   0   0   0   0   0   0   0     0    0    0   0.000      0  0.00
   53   53     0  97   0   0   3   0   0   0   0   0   0   0   0   0   0   0   0   0   0   0     0    0    0   0.150      5  0.00
   54   54    45  52   3   0   0   0   0   0   0   0   0   0   0   0   0   0   0   0   0   0     0    0    0   0.817     27  0.00
   55   55    10   0   7  10   0   0   0   0   0   0   0  14   0   0   0  59   0   0   0   0     0    0    0   1.240     41  0.00
   56   56     0   0   0   0   0   0   0  86   0  14   0   0   0   0   0   0   0   0   0   0     0    0    0   0.401     13  0.00
   57   57    24   0  76   0   0   0   0   0   0   0   0   0   0   0   0   0   0   0   0   0     0    0    0   0.553     18  0.00
   58   58     0   0   0   0   0   0   0   0   0 100   0   0   0   0   0   0   0   0   0   0     0    0    0   0.000      0  0.00
   59   59     0   0   0   0   0   0   0   0  21   0   0  21   0   0   0   0   0  59   0   0     0    0    0   0.965     32  0.00
   60   60     0   0   0   0   0   0   0   0   0   0  41   0   0   0   0   0   0   0   0  59     0    0    0   0.678     22  0.00
   61   61     0   0   0   0   0   0   0   0   0   0   0   0   0   0   0  59   0  41   0   0     0    0    0   0.678     22  0.00
   62   62     0   0   0   0   0   0   0   0   0   0   0   0   0   0   0   0   0   0 100   0     0    0    0   0.000      0  0.00
   63   63     0   0   0   0   0   0   0   0   0 100   0   0   0   0   0   0   0   0   0   0     0    0    0   0.000      0  0.00
   64   64     0   0   0   0 100   0   0   0   0   0   0   0   0   0   0   0   0   0   0   0     0    0    0   0.000      0  0.00
   65   65     0   0   0   0   0   0   0   0   0   0   0   0   0   0  14  86   0   0   0   0     0    0    0   0.410     13  0.00
   66   66     0   0   0   0   0   0   0   0   0   0   0   0   0   0   0   0   0  75   0  25     0    0    0   0.562     18  0.00
   67   67     0  45   0   0   0   0   0   0   0   0   0   0   0   0   0  55   0   0   0   0     0    0    0   0.688     22  0.00
   68   68     0   0   0   0   0   0   0   0   0   0   0   0   0   0   0 100   0   0   0   0     0    0    0   0.000      0  0.00
//
