ID Pseudo hssp file.
SEQ 
SEQ gi|339504|gb|AAA61151.1| (M16553) tissue factor precursor [Homo ...   382  e-105
SEQ gi|4503641|ref|NP_001984.1| coagulation factor III precursor; Co...   382  e-105
SEQ gi|1633541|pdb|1BOY|    Extracellular Region Of Human Tissue Fac...   370  e-102
SEQ gi|6730435|pdb|1FAK|T Chain T, Human Tissue Factor Complexed Wit...   361  6e-99
SEQ gi|1310737|pdb|2HFT|    Mol_id: 1; Molecule: Human Tissue Factor...   359  1e-98
SEQ gi|401175|sp|P30931|TF_BOVIN TISSUE FACTOR PRECURSOR (TF) (COAGU...   297  1e-79
SEQ gi|135668|sp|P24055|TF_RABIT TISSUE FACTOR PRECURSOR (TF) (COAGU...   291  6e-78
SEQ gi|3980170|emb|CAA37597.1| (X53521) brain tissue factor [Oryctol...   288  4e-77
SEQ gi|3212253|pdb|1A21|B Chain B, Tissue Factor (Tf) From Rabbit >g...   284  6e-76
SEQ gi|13124578|sp|Q9JLU8|TF_CAVPO TISSUE FACTOR PRECURSOR (TF) (COA...   246  2e-64
SEQ gi|6753804|ref|NP_034301.1| coagulation factor III; tissue facto...   213  2e-54
SEQ gi|418692|pir||KFMS3 tissue factor precursor - mouse >gi|201925|...   213  2e-54
SEQ gi|6978823|ref|NP_037189.1| coagulation factor III (thromboplast...   210  1e-53
SEQ gi|2554907|pdb|1DAN|U Chain U, Complex Of Active Site Inhibited ...   204  1e-51
SEQ gi|2554906|pdb|1DAN|T Chain T, Complex Of Active Site Inhibited ...   152  3e-36
SEQ 
## SEQUENCE PROFILE AND ENTROPY
 SeqNo PDBNo   V   L   I   M   F   W   Y   G   A   P   S   T   C   H   R   K   Q   E   N   D  NOCC NDEL NINS ENTROPY RELENT WEIGHT
    1    1     0   0   0   0   0   0   0   0   0   0   0 100   0   0   0   0   0   0   0   0     0    0    0   0.000      0  0.00
    2    2     0   0   0   0   0   0   0   0   0   0   0 100   0   0   0   0   0   0   0   0     0    0    0   0.000      0  0.00
    3    3     0   0   0   0   0   0   0   0   0   0   0   0   0   0   0   0   0   0  88  13     0    0    0   0.377     12  0.00
    4    4     9   0   0   0   0   0   0   0   0   0   0  91   0   0   0   0   0   0   0   0     0    0    0   0.305     10  0.00
    5    5    75   0   0   0   0   0   0  25   0   0   0   0   0   0   0   0   0   0   0   0     0    0    0   0.562     18  0.00
    6    6     8   0   0   0   0   0   0   0  58   0   0   0   0   0  25   8   0   0   0   0     0    0    0   1.075     35  0.00
    7    7     0   0   0   0   0   0   0   0  93   7   0   0   0   0   0   0   0   0   0   0     0    0    0   0.245      8  0.00
    8    8     0   0   0   0  20   0  80   0   0   0   0   0   0   0   0   0   0   0   0   0     0    0    0   0.500     16  0.00
    9    9     0   0   0   0   0   0   0   0   0   0   0   0   0   0   0   0   0   0 100   0     0    0    0   0.000      0  0.00
   10   10     0  93   7   0   0   0   0   0   0   0   0   0   0   0   0   0   0   0   0   0     0    0    0   0.245      8  0.00
   11   11     0   0   0   0   0   0   0   0   0   0   0 100   0   0   0   0   0   0   0   0     0    0    0   0.000      0  0.00
   12   12     0   0   0   0   0 100   0   0   0   0   0   0   0   0   0   0   0   0   0   0     0    0    0   0.000      0  0.00
   13   13     0   0  20   0   0   0   0   0   0   0   0   0   0   0   0  80   0   0   0   0     0    0    0   0.500     16  0.00
   14   14     0   0   0   0   0   0   0   0   0   0 100   0   0   0   0   0   0   0   0   0     0    0    0   0.000      0  0.00
   15   15     0   0   0   0   0   0   0   0   0   0   0 100   0   0   0   0   0   0   0   0     0    0    0   0.000      0  0.00
   16   16     0   0   0   0   0   0   0   0   0   0   0   0   0   0   0   0   0   0  80  20     0    0    0   0.500     16  0.00
   17   17     0   0   0   0 100   0   0   0   0   0   0   0   0   0   0   0   0   0   0   0     0    0    0   0.000      0  0.00
   18   18     0   0   0   0   0   0   0   0   0   0   0   0   0   0   0 100   0   0   0   0     0    0    0   0.000      0  0.00
   19   19     0   0   0   0   0   0   0   0   0   0   0 100   0   0   0   0   0   0   0   0     0    0    0   0.000      0  0.00
   20   20     0   0 100   0   0   0   0   0   0   0   0   0   0   0   0   0   0   0   0   0     0    0    0   0.000      0  0.00
   21   21     0 100   0   0   0   0   0   0   0   0   0   0   0   0   0   0   0   0   0   0     0    0    0   0.000      0  0.00
   22   22     0   0   0   0   0   0   0   0   0   0   0   0   0   0   0   0   0 100   0   0     0    0    0   0.000      0  0.00
   23   23     0   0   0   0   0 100   0   0   0   0   0   0   0   0   0   0   0   0   0   0     0    0    0   0.000      0  0.00
   24   24     0   0   0   0   0   0   0   0   0   0   0   0   0   0   0   0  20  80   0   0     0    0    0   0.500     16  0.00
   25   25     0   0   0   0   0   0   0   0   0 100   0   0   0   0   0   0   0   0   0   0     0    0    0   0.000      0  0.00
   26   26     0   0   0   0   0   0   0   0   0   0   0   0   0   0   0 100   0   0   0   0     0    0    0   0.000      0  0.00
   27   27     0   0   0   0   0   0   0   0   0  80  20   0   0   0   0   0   0   0   0   0     0    0    0   0.500     16  0.00
   28   28    47   0  33   0   0   0   0   0   0   0   0  20   0   0   0   0   0   0   0   0     0    0    0   1.044     34  0.00
   29   29     0   0   0   0   0   0   0   0   0   0   0   0   0   0   0   0   0   0  80  20     0    0    0   0.500     16  0.00
   30   30     0   0   0   0   0   0  20   0   0   0   0   0   0  27   0   0  47   0   7   0     0    0    0   1.211     40  0.00
   31   31    80   0   0   0   0   0   0   0   0   0   0  20   0   0   0   0   0   0   0   0     0    0    0   0.500     16  0.00
   32   32     0   0   0   0   0   0 100   0   0   0   0   0   0   0   0   0   0   0   0   0     0    0    0   0.000      0  0.00
   33   33     0   0   0   0   0   0   0   0   0   0   0 100   0   0   0   0   0   0   0   0     0    0    0   0.000      0  0.00
   34   34   100   0   0   0   0   0   0   0   0   0   0   0   0   0   0   0   0   0   0   0     0    0    0   0.000      0  0.00
   35   35     0   0   0   0   0   0   0   0   0   0   0   0   0   0   0   0 100   0   0   0     0    0    0   0.000      0  0.00
   36   36     0   0 100   0   0   0   0   0   0   0   0   0   0   0   0   0   0   0   0   0     0    0    0   0.000      0  0.00
   37   37     0   0   0   0   0   0   0   0   0   0 100   0   0   0   0   0   0   0   0   0     0    0    0   0.000      0  0.00
   38   38     0   0   0   0   0   0   0   0   0   7   0  73   0   0   0   0   0   0   0  20     0    0    0   0.730     24  0.00
   39   39     0   0   0   0   0   0   0   0   7   0   0   0   0   0  47  47   0   0   0   0     0    0    0   0.892     29  0.00
   40   40     0  33   0   0   0   0   0   0   0   0  67   0   0   0   0   0   0   0   0   0     0    0    0   0.637     21  0.00
   41   41     0   0   0   0   0   0   0  53   0   0   0   0   0   0  20   0   0  27   0   0     0    0    0   1.010     33  0.00
   42   42     0   0   0   0   0   0   0   0   0   0   0   0   0   0   0   0   0   0  47  53     0    0    0   0.691     23  0.00
   43   43     0   0   0   0   0 100   0   0   0   0   0   0   0   0   0   0   0   0   0   0     0    0    0   0.000      0  0.00
   44   44     0   0   0   0   0   0   0   0   0   0   0   0   0   0   0 100   0   0   0   0     0    0    0   0.000      0  0.00
   45   45     0   0   0   0   0   0   7   0   0   0  73   0   0   0   0   0   0   0  20   0     0    0    0   0.730     24  0.00
   46   46     0   0   7   0   0   0   0   0   0   0   0   0   0   0   0  93   0   0   0   0     0    0    0   0.245      8  0.00
   47   47     0   0   0   0   0   0   0   0   0   0   0   0 100   0   0   0   0   0   0   0     0    0    0   0.000      0  0.00
   48   48     0   0   0   0  93   0   0   0   0   0   0   7   0   0   0   0   0   0   0   0     0    0    0   0.245      8  0.00
   49   49     0  20   0   0   0   0  53   7   0   0  20   0   0   0   0   0   0   0   0   0     0    0    0   1.160     38  0.00
   50   50     0   0   7   0   0   0   0   0   0   0   0  93   0   0   0   0   0   0   0   0     0    0    0   0.245      8  0.00
   51   51     0   0   0   0   0   0   0   0  20   0   0  80   0   0   0   0   0   0   0   0     0    0    0   0.500     16  0.00
   52   52     0   0   0   0   0   0   0   0   7   0   0   0   0   0   0   0   0  20   7  67     0    0    0   0.953     31  0.00
   53   53     0   0   0   0   0   0   0   0   0   0   0 100   0   0   0   0   0   0   0   0     0    0    0   0.000      0  0.00
   54   54     0   0   0   0   0   0   0   0   0   0   0   0   0   0   0   0   0 100   0   0     0    0    0   0.000      0  0.00
   55   55     0   0   0   0   0   0   0   0   0   0   0   0 100   0   0   0   0   0   0   0     0    0    0   0.000      0  0.00
   56   56     0   0   0   0   0   0   0   0   0   0   0   0   0   0   0   0   0   0   0 100     0    0    0   0.000      0  0.00
   57   57     7  93   0   0   0   0   0   0   0   0   0   0   0   0   0   0   0   0   0   0     0    0    0   0.245      8  0.00
   58   58     0   0   0   0   0   0   0   0   0   0   0 100   0   0   0   0   0   0   0   0     0    0    0   0.000      0  0.00
   59   59     0   0   0   0   0   0   0   0   0   0   7   0   0   0   0   0   0   0   0  93     0    0    0   0.245      8  0.00
   60   60     0   0   0   0   0   0   0   0   0   0   0   0   0   0   0   0   0 100   0   0     0    0    0   0.000      0  0.00
   61   61    20   0  73   7   0   0   0   0   0   0   0   0   0   0   0   0   0   0   0   0     0    0    0   0.730     24  0.00
   62   62    93   0   0   0   0   0   0   0   7   0   0   0   0   0   0   0   0   0   0   0     0    0    0   0.245      8  0.00
   63   63     0   0   0   0   0   0   0   0   0   7   0   0   0   0   0  93   0   0   0   0     0    0    0   0.245      8  0.00
   64   64     0   0   0   0   0   0   0   0   0   0   0   0   0   0   0   0   0   0  13  87     0    0    0   0.393     13  0.00
   65   65   100   0   0   0   0   0   0   0   0   0   0   0   0   0   0   0   0   0   0   0     0    0    0   0.000      0  0.00
   66   66     0   0   0   0   0   0   0  20   0   0   0  13   0   0   7  47   7   0   7   0     0    0    0   1.488     49  0.00
   67   67     0   0   0   0   0  20   0   0   0   0   0   0   0   0   0   0  73   7   0   0     0    0    0   0.730     24  0.00
   68   68     0   0   0   0   0   0   0   0  13   0   0  87   0   0   0   0   0   0   0   0     0    0    0   0.393     13  0.00
   69   69     0   0   0   0   0   0 100   0   0   0   0   0   0   0   0   0   0   0   0   0     0    0    0   0.000      0  0.00
   70   70     0  60   0  20   0   0   0   0   0   0   0   0   0   0   0   0   0  20   0   0     0    0    0   0.950     31  0.00
   71   71     0   0   0   0   0   0   0   0 100   0   0   0   0   0   0   0   0   0   0   0     0    0    0   0.000      0  0.00
   72   72     0   0   0   0   0   0   0   0   0   0   0   0   0   0  87  13   0   0   0   0     0    0    0   0.393     13  0.00
   73   73   100   0   0   0   0   0   0   0   0   0   0   0   0   0   0   0   0   0   0   0     0    0    0   0.000      0  0.00
   74   74     0  47   7   0  47   0   0   0   0   0   0   0   0   0   0   0   0   0   0   0     0    0    0   0.892     29  0.00
   75   75     0   0   0   0   0   0   0   0   0   0 100   0   0   0   0   0   0   0   0   0     0    0    0   0.000      0  0.00
   76   76    20   7   0   0   0   0  73   0   0   0   0   0   0   0   0   0   0   0   0   0     0    0    0   0.730     24  0.00
   77   77     0   7   0   0   0   0   0   0   0  93   0   0   0   0   0   0   0   0   0   0     0    0    0   0.245      8  0.00
   78   78     0   0   0   0   0   0   0   0  73   7   0   0   0   7  13   0   0   0   0   0     0    0    0   0.857     28  0.00
   79   79     0   0   0   0   0   0   0  62   0   0   0   0   0   0  38   0   0   0   0   0     0    0    0   0.666     22  0.00
   80   80     0   0   0   0   0   0   0   0   0   0   0   0   0   0   0   8   0   0  92   0     0    0    0   0.271      9  0.00
   81   81    69   0   0   0   0   0   0  23   0   0   0   0   0   0   0   0   0   8   0   0     0    0    0   0.790     26  0.00
   82   82     0   0   0   0   0   0   0   0   0   0   0   7   0  13   0   0   0  47  27   7     0    0    0   1.338     44  0.00
   83   83     0   7   0   0   0   0   0  14   0   0  50  29   0   0   0   0   0   0   0   0     0    0    0   1.171     39  0.00
   84   84     0   0   0   0   7   0   0   0   0   0   7  71   0   0   0   0   0   0   0  14     0    0    0   0.895     29  0.00
   85   85     0   0   0   0   0   0   0  93   0   0   7   0   0   0   0   0   0   0   0   0     0    0    0   0.257      8  0.00
   86   86     0   0   0   0  29   0   0   0   0   0  50   7   0   0   0   0   0   0   0  14     0    0    0   1.171     39  0.00
   87   87     0   7   0   0   0   0   0  14  43  21   0   7   0   7   0   0   0   0   0   0     0    0    0   1.537     51  0.00
   88   88     7   0   0   0   0   0   0  53   0   0   0   0   0   0   0   0   0  40   0   0     0    0    0   0.882     29  0.00
   89   89     0   0   0   0   0   0   0   0   0   0   0   0   0   0   0   0   0  93   0   7     0    0    0   0.245      8  0.00
   90   90     0   0   0   0   0   0   0   0   7  93   0   0   0   0   0   0   0   0   0   0     0    0    0   0.245      8  0.00
   91   91     7  47   0   0   0   0   0   0   0  47   0   0   0   0   0   0   0   0   0   0     0    0    0   0.892     29  0.00
   92   92     0   0   0   0  47   0  53   0   0   0   0   0   0   0   0   0   0   0   0   0     0    0    0   0.691     23  0.00
   93   93     0   0   0   0   0   0   0   0   0   0   7  27   0   0  20   0   0  47   0   0     0    0    0   1.211     40  0.00
   94   94     0   0   0   0   0   0   0   0   0   0   0   0   0   0   0   0   0   0 100   0     0    0    0   0.000      0  0.00
   95   95     0   0   0   0   0   0   0   0  20   0  80   0   0   0   0   0   0   0   0   0     0    0    0   0.500     16  0.00
   96   96     0   0   0   0   0   0   0   0   0  93   0   0   0   0   7   0   0   0   0   0     0    0    0   0.245      8  0.00
   97   97     0   0   0   0   0   0   0   0   0   0   0   0   0   0   0  20   0  80   0   0     0    0    0   0.500     16  0.00
   98   98     0   0   0   0 100   0   0   0   0   0   0   0   0   0   0   0   0   0   0   0     0    0    0   0.000      0  0.00
   99   99     0  20   0   0   0   0   0   0   0   0   0  80   0   0   0   0   0   0   0   0     0    0    0   0.500     16  0.00
  100  100     0   0   0   0   0   0   0   0   0 100   0   0   0   0   0   0   0   0   0   0     0    0    0   0.000      0  0.00
  101  101     0   0   0   0   0   0 100   0   0   0   0   0   0   0   0   0   0   0   0   0     0    0    0   0.000      0  0.00
  102  102     0  73   0   0   0   0   0   0   0   0   0   0   0   0  20   0   7   0   0   0     0    0    0   0.730     24  0.00
  103  103     0   0   0   0   0   0   0   0   0   0   0   0   0   0   0   0   0  60   0  40     0    0    0   0.673     22  0.00
  104  104     0   0   0   0   0   0   0   0   0   0   0 100   0   0   0   0   0   0   0   0     0    0    0   0.000      0  0.00
  105  105     0   0   0   0   0   0   0   0   0   0   0   0   0   0   0   7   0   0  93   0     0    0    0   0.245      8  0.00
  106  106     0  93   7   0   0   0   0   0   0   0   0   0   0   0   0   0   0   0   0   0     0    0    0   0.245      8  0.00
  107  107     0   0   0   0   0   0   0 100   0   0   0   0   0   0   0   0   0   0   0   0     0    0    0   0.000      0  0.00
  108  108     0   0   0   0   0   0   0   0   0   0   0   0   0   0   0   0 100   0   0   0     0    0    0   0.000      0  0.00
  109  109     0   0   0   0   0   0   0   0   0 100   0   0   0   0   0   0   0   0   0   0     0    0    0   0.000      0  0.00
  110  110    20   0   0   0   0   0   0   0   0   0   0  73   0   0   0   7   0   0   0   0     0    0    0   0.730     24  0.00
  111  111     0   0 100   0   0   0   0   0   0   0   0   0   0   0   0   0   0   0   0   0     0    0    0   0.000      0  0.00
  112  112     0   0   0   0   0   0   0   0   0   0   0   0   0   0   0   0  93   7   0   0     0    0    0   0.245      8  0.00
  113  113     0   0   0   0   0   0   0   0   0   0  80   0   0   0   0   7  13   0   0   0     0    0    0   0.628     20  0.00
  114  114     0   0   0   0  93   0   7   0   0   0   0   0   0   0   0   0   0   0   0   0     0    0    0   0.245      8  0.00
  115  115     0   0   0   0   0   0   0   0   0   0   0   0   0   0   0   7   0  93   0   0     0    0    0   0.245      8  0.00
  116  116     0   7   0   0   0   0   0   0   0   0   0   0   0   0   0   0  93   0   0   0     0    0    0   0.245      8  0.00
  117  117    80   0   0   0   0   0   0   7   0   0   0   0   0   0   0   0   0   0   0  13     0    0    0   0.628     20  0.00
  118  118     0   0   0   0   0   0   0 100   0   0   0   0   0   0   0   0   0   0   0   0     0    0    0   0.000      0  0.00
  119  119     0   0   0   0   0   0   0   0   0   0   0  87   0   0  13   0   0   0   0   0     0    0    0   0.393     13  0.00
  120  120     0   0   0   0   0   0   0   0   0   0   0   0   0   0   0 100   0   0   0   0     0    0    0   0.000      0  0.00
  121  121    47  53   0   0   0   0   0   0   0   0   0   0   0   0   0   0   0   0   0   0     0    0    0   0.691     23  0.00
  122  122     0   0   0   0   0   0   0   0   0   0   0   0   0   0   0   7   0   0  93   0     0    0    0   0.245      8  0.00
  123  123   100   0   0   0   0   0   0   0   0   0   0   0   0   0   0   0   0   0   0   0     0    0    0   0.000      0  0.00
  124  124    13   0   0   0   0   0   0   0   0   0   0  87   0   0   0   0   0   0   0   0     0    0    0   0.393     13  0.00
  125  125   100   0   0   0   0   0   0   0   0   0   0   0   0   0   0   0   0   0   0   0     0    0    0   0.000      0  0.00
  126  126     0   0   0   0   0   0   0   0   0   0   0   0   0   0   7  20  27  47   0   0     0    0    0   1.211     40  0.00
  127  127     0   0   0   0   0   0   0   0   0   0   0   0   0   0   0   0   0   0   0 100     0    0    0   0.000      0  0.00
  128  128     0   0   0   0   0   0   0   0  27   0  20   7   0   0   0   0   0  47   0   0     0    0    0   1.211     40  0.00
  129  129     0  13   0   0   7   0   0   0   0   0   0   0   0   0  73   0   7   0   0   0     0    0    0   0.857     28  0.00
  130  130     0   0   0   0   0   0   0   0   0   0   0 100   0   0   0   0   0   0   0   0     0    0    0   0.000      0  0.00
  131  131     0 100   0   0   0   0   0   0   0   0   0   0   0   0   0   0   0   0   0   0     0    0    0   0.000      0  0.00
  132  132    93   0   0   0   0   0   0   0   7   0   0   0   0   0   0   0   0   0   0   0     0    0    0   0.245      8  0.00
  133  133     0   0   0   0   0   0   0   0   0   0   0   0   0   0 100   0   0   0   0   0     0    0    0   0.000      0  0.00
  134  134     0   0   0   0   0   0   0   0   7   0   7   0   0   0  67  20   0   0   0   0     0    0    0   0.953     31  0.00
  135  135     0   0   0   0   0   0   0   0   0   0   0   0   0   0   0   0   0   0 100   0     0    0    0   0.000      0  0.00
  136  136     0   0   0   0   0   0   0  47   0   0   7   0   0   0   0   0   0   0  47   0     0    0    0   0.892     29  0.00
  137  137     0   0   0   0   0   0   0   0   7   0   0  93   0   0   0   0   0   0   0   0     0    0    0   0.245      8  0.00
  138  138     0   0   0   0 100   0   0   0   0   0   0   0   0   0   0   0   0   0   0   0     0    0    0   0.000      0  0.00
  139  139     0 100   0   0   0   0   0   0   0   0   0   0   0   0   0   0   0   0   0   0     0    0    0   0.000      0  0.00
  140  140     0   0   0   0   0   0   0   0   0   0  80  20   0   0   0   0   0   0   0   0     0    0    0   0.500     16  0.00
  141  141     0 100   0   0   0   0   0   0   0   0   0   0   0   0   0   0   0   0   0   0     0    0    0   0.000      0  0.00
  142  142     0   0   0   0   0   0   0   0   0   0   0   0   0   0 100   0   0   0   0   0     0    0    0   0.000      0  0.00
  143  143     0   0   0   0   0   0   0   0  20   0   0   0   0   0   0   0  20   0   0  60     0    0    0   0.950     31  0.00
  144  144    93   0   7   0   0   0   0   0   0   0   0   0   0   0   0   0   0   0   0   0     0    0    0   0.245      8  0.00
  145  145     0   0   0   0 100   0   0   0   0   0   0   0   0   0   0   0   0   0   0   0     0    0    0   0.000      0  0.00
  146  146     0   0   0   0   0   0   0 100   0   0   0   0   0   0   0   0   0   0   0   0     0    0    0   0.000      0  0.00
  147  147     0   0   0   0   0   0   0   0   0   0   0   0   0   0   0  93   0   0   7   0     0    0    0   0.245      8  0.00
  148  148     0   0   0   0   0   0   0   0   0   0   0   0   0   0   0   0   0   0   7  93     0    0    0   0.245      8  0.00
  149  149     0 100   0   0   0   0   0   0   0   0   0   0   0   0   0   0   0   0   0   0     0    0    0   0.000      0  0.00
  150  150     0   0  47   0   0   0   0  20   0   0   0   0   0   0   0   0   7   0  27   0     0    0    0   1.211     40  0.00
  151  151     0   0   0   0   0   0 100   0   0   0   0   0   0   0   0   0   0   0   0   0     0    0    0   0.000      0  0.00
  152  152     0   0  20   7   0   0   0   0   0   0   0  73   0   0   0   0   0   0   0   0     0    0    0   0.730     24  0.00
  153  153     0  87  13   0   0   0   0   0   0   0   0   0   0   0   0   0   0   0   0   0     0    0    0   0.393     13  0.00
  154  154     0   0   0   0   0   0  80   0   0   0   0  20   0   0   0   0   0   0   0   0     0    0    0   0.500     16  0.00
  155  155     0   0   0   0   0   0 100   0   0   0   0   0   0   0   0   0   0   0   0   0     0    0    0   0.000      0  0.00
  156  156     0   0   0   0   0  80   0   0   0   0   0   0   0   0  20   0   0   0   0   0     0    0    0   0.500     16  0.00
  157  157     0   0   0   0   0   0   0   7   0   0   0   0   0   0  27  67   0   0   0   0     0    0    0   0.803     26  0.00
  158  158     0   0   0   0   0   0   0  13  27   0  47   0   0   0   0   0   0   7   0   7     0    0    0   1.338     44  0.00
  159  159     0   0   0   0   7   0   0   0   0   0  93   0   0   0   0   0   0   0   0   0     0    0    0   0.245      8  0.00
  160  160     0   0   0   0   0   0   0   0   0   0  87   7   0   0   7   0   0   0   0   0     0    0    0   0.485     16  0.00
  161  161     0   0   0   0   0   0   0   0   0   0  47  53   0   0   0   0   0   0   0   0     0    0    0   0.691     23  0.00
  162  162     0   0   0   0   0   0   0 100   0   0   0   0   0   0   0   0   0   0   0   0     0    0    0   0.000      0  0.00
  163  163     0   0   0   0   0   0   0   0   0   0   0   0   0   0   7  93   0   0   0   0     0    0    0   0.245      8  0.00
  164  164     0   0   0   0   0   0   0   0   0   0   0   0   0   0   0 100   0   0   0   0     0    0    0   0.000      0  0.00
  165  165     0   0   0   0   0   0   0   0   0   0   0  93   0   0   0   7   0   0   0   0     0    0    0   0.245      8  0.00
  166  166     0   0   0   0   0   0   0   0  80   0   0   0   0   0   0   0   0   0  20   0     0    0    0   0.500     16  0.00
  167  167     0   0  13   7   0   0   0   0   0   0   0  33   0   0   0  47   0   0   0   0     0    0    0   1.171     39  0.00
  168  168     0   0   0   0   0   0   0   0   0   0   0 100   0   0   0   0   0   0   0   0     0    0    0   0.000      0  0.00
  169  169     0   0   0   0   0   0   0   0   0   0   0   0   0   7   0   0   0   0  93   0     0    0    0   0.245      8  0.00
  170  170     0   0   0   0   0   0   0   0   0   0   0 100   0   0   0   0   0   0   0   0     0    0    0   0.000      0  0.00
  171  171     0   0   0   0   0   0   0   0   0   0   0   0   0   0   0   0   0   0 100   0     0    0    0   0.000      0  0.00
  172  172     0   0   0   0   0   0   0   7   0   0   0   0   0   0   0   0   0  93   0   0     0    0    0   0.245      8  0.00
  173  173     0   0   0   0 100   0   0   0   0   0   0   0   0   0   0   0   0   0   0   0     0    0    0   0.000      0  0.00
  174  174     0  87   0   0   0   0   0   0   0   0  13   0   0   0   0   0   0   0   0   0     0    0    0   0.393     13  0.00
  175  175     0   0 100   0   0   0   0   0   0   0   0   0   0   0   0   0   0   0   0   0     0    0    0   0.000      0  0.00
  176  176     0   0   0   0   0   0   0   0   0   0   0   0   0   0   0   0   0   0   0 100     0    0    0   0.000      0  0.00
  177  177   100   0   0   0   0   0   0   0   0   0   0   0   0   0   0   0   0   0   0   0     0    0    0   0.000      0  0.00
  178  178     0   0   0   0   0   0   0   0   0   0   0   0   0   0   0   0   0  20   0  80     0    0    0   0.500     16  0.00
  179  179     0   0   0   0   0   0   0   0   0   0   0   0   0   0   0  87   0  13   0   0     0    0    0   0.393     13  0.00
  180  180     0   0   0   0   0   0   0 100   0   0   0   0   0   0   0   0   0   0   0   0     0    0    0   0.000      0  0.00
  181  181    20   0   0   0   0   0   0   0   0   0   0   0   0   0   0   0   7  73   0   0     0    0    0   0.730     24  0.00
  182  182     0   0   0   0   0   0   0   0   0   0  20   0   0   0   0   0   0   0  73   7     0    0    0   0.730     24  0.00
  183  183     0   0   0   0   0   0 100   0   0   0   0   0   0   0   0   0   0   0   0   0     0    0    0   0.000      0  0.00
  184  184     0   0   0   0   0   0   0   0   0   0   0   0 100   0   0   0   0   0   0   0     0    0    0   0.000      0  0.00
  185  185     0   0   0   0 100   0   0   0   0   0   0   0   0   0   0   0   0   0   0   0     0    0    0   0.000      0  0.00
  186  186     0   0   0   0  27   0   0   0   0   0  67   0   0   7   0   0   0   0   0   0     0    0    0   0.803     26  0.00
  187  187    93   0   0   0   0   0   0   0   7   0   0   0   0   0   0   0   0   0   0   0     0    0    0   0.245      8  0.00
  188  188     0   0   0   0   0   0   0   0   0   0   0   0   0   0   0   0 100   0   0   0     0    0    0   0.000      0  0.00
  189  189     0   0   0   0   0   0   0   0 100   0   0   0   0   0   0   0   0   0   0   0     0    0    0   0.000      0  0.00
  190  190    87   0   0  13   0   0   0   0   0   0   0   0   0   0   0   0   0   0   0   0     0    0    0   0.393     13  0.00
  191  191     0   0 100   0   0   0   0   0   0   0   0   0   0   0   0   0   0   0   0   0     0    0    0   0.000      0  0.00
  192  192     0   7   0   0  20   0   0   0   0  73   0   0   0   0   0   0   0   0   0   0     0    0    0   0.730     24  0.00
  193  193     0   0   0   0   0   0   0   0   0   0 100   0   0   0   0   0   0   0   0   0     0    0    0   0.000      0  0.00
  194  194     0   0   0   0   0   0   0   0   0   0   0   0   0   0 100   0   0   0   0   0     0    0    0   0.000      0  0.00
  195  195     0   0   0   0   0   0   0   0   0   0   0  47   0   0   7  47   0   0   0   0     0    0    0   0.892     29  0.00
  196  196    53   0   0   0   0   0   0   0   0   0   0  20   0   0  20   0   0   0   0   7     0    0    0   1.160     38  0.00
  197  197     0   0   0   0   0   0   0   0   0   0   0   0   0   0   0  20   0   0  80   0     0    0    0   0.500     16  0.00
  198  198     0   0   0   0   0   0   0   0   0   0   0   0   0   7  47   7  40   0   0   0     0    0    0   1.083     36  0.00
  199  199     0   0   0   0   0   0   0   0   0   0   0   0   0   0  20  67   0   0  13   0     0    0    0   0.861     28  0.00
  200  200     0   0   0   0   0   0   0   0   0   0 100   0   0   0   0   0   0   0   0   0     0    0    0   0.000      0  0.00
  201  201     0   0   0   0   0   0   0   0   0  53   0  47   0   0   0   0   0   0   0   0     0    0    0   0.691     23  0.00
  202  202     0   0   0   0   0   0   0  13   0   0   0   0   0   0   0   0   0  40   0  47     0    0    0   0.991     33  0.00
  203  203     0   0   0   0   0   0   0   0   0   0 100   0   0   0   0   0   0   0   0   0     0    0    0   0.000      0  0.00
  204  204     0  20  13   0   0   0   0   0   0  53  13   0   0   0   0   0   0   0   0   0     0    0    0   1.194     39  0.00
  205  205    47   0   7   0   0   0   0   0   0   0   0  47   0   0   0   0   0   0   0   0     0    0    0   0.892     29  0.00
  206  206    20   0   0   0   0   0   0   0   0   0   0   0   0   0   0  13   0  67   0   0     0    0    0   0.861     28  0.00
  207  207     0   0   0   0   0   0   0   0   0   0   0   0 100   0   0   0   0   0   0   0     0    0    0   0.000      0  0.00
  208  208     0   0   0  50   0   0   0   0   0   0   0  50   0   0   0   0   0   0   0   0     0    0    0   0.693     23  0.00
  209  209     0   0   0   0   0   0   0  42   0   0  33   0   0   0   0   0   0  25   0   0     0    0    0   1.078     35  0.00
  210  210     0   0   0   0   0   0   0   0   0   0   0   0   0   9  27   0  64   0   0   0     0    0    0   0.860     28  0.00
  211  211     0   0   0   0   0   0   0   0   0   0   0   0   0   0   0   0   0 100   0   0     0    0    0   0.000      0  0.00
//
