ID Pseudo hssp file.
SEQ 
SEQ gi|9506497|ref|NP_062172.1| clathrin, heavy polypeptide (Hc) [Ra...   930  0.0
SEQ gi|4758012|ref|NP_004850.1| clathrin heavy chain; clathrin, heav...   930  0.0
SEQ gi|1705915|sp|P49951|CLH_BOVIN CLATHRIN HEAVY CHAIN >gi|969024|g...   930  0.0
SEQ gi|4139629|pdb|1BPO|B Chain B, Clathrin Heavy-Chain Terminal Dom...   930  0.0
SEQ gi|13632405|ref|XP_008305.3| clathrin heavy chain [Homo sapiens]      874  0.0
SEQ gi|9257202|ref|NP_009029.1| clathrin, heavy polypeptide-like 1 i...   775  0.0
SEQ gi|4502903|ref|NP_001826.1| clathrin, heavy polypeptide-like 1 i...   775  0.0
SEQ gi|2506298|sp|P53675|CLH2_HUMAN CLATHRIN HEAVY CHAIN 2 (CLH-22)       775  0.0
SEQ gi|7441348|pir||T09522 clathrin heavy chain - human >gi|1359719|...   773  0.0
SEQ gi|1335854|gb|AAC50494.1| (U41763) muscle clathrin heavy chain [...   768  0.0
SEQ gi|231811|sp|P29742|CLH_DROME CLATHRIN HEAVY CHAIN >gi|1079060|p...   729  0.0
SEQ gi|7245840|pdb|1C9I|A Chain A, Peptide-In-Groove Interactions Li...   704  0.0
SEQ gi|7245844|pdb|1C9L|A Chain A, Peptide-In-Groove Interactions Li...   700  0.0
SEQ gi|461752|sp|P34574|CLH_CAEEL PROBABLE CLATHRIN HEAVY CHAIN >gi|...   626  e-178
SEQ gi|1705917|sp|Q10161|CLH_SCHPO PROBABLE CLATHRIN HEAVY CHAIN >gi...   518  e-146
SEQ gi|116512|sp|P25870|CLH_DICDI CLATHRIN HEAVY CHAIN >gi|167688|gb...   500  e-140
SEQ gi|12322717|gb|AAG51341.1|AC012562_2 (AC012562) putative clathri...   488  e-137
SEQ gi|6016683|gb|AAF01510.1|AC009991_6 (AC009991) putative clathrin...   480  e-134
SEQ gi|7441347|pir||T06779 clathrin heavy chain - soybean >gi|133586...   458  e-128
SEQ gi|6321232|ref|NP_011309.1| presumed vesicle coat protein; Chc1p...   379  e-104
SEQ gi|12321552|gb|AAG50828.1|AC074395_2 (AC074395) clathrin heavy c...   307  3e-82
SEQ 
## SEQUENCE PROFILE AND ENTROPY
 SeqNo PDBNo   V   L   I   M   F   W   Y   G   A   P   S   T   C   H   R   K   Q   E   N   D  NOCC NDEL NINS ENTROPY RELENT WEIGHT
    1    1     0   0   0 100   0   0   0   0   0   0   0   0   0   0   0   0   0   0   0   0     0    0    0   0.000      0  0.00
    2    2     0   0   0   0   0   0   0   0  93   0   0   7   0   0   0   0   0   0   0   0     0    0    0   0.257      8  0.00
    3    3     0   0   0   0   0   0   0   0   0   0   0   0   0   0   0   0 100   0   0   0     0    0    0   0.000      0  0.00
    4    4     0   0  87   0   0   0   0   0   0   7   0   0   0   0   0   0   7   0   0   0     0    0    0   0.485     16  0.00
    5    5     0 100   0   0   0   0   0   0   0   0   0   0   0   0   0   0   0   0   0   0     0    0    0   0.000      0  0.00
    6    6     0   0   0   0   0   0   0   0   0 100   0   0   0   0   0   0   0   0   0   0     0    0    0   0.000      0  0.00
    7    7    24   0  76   0   0   0   0   0   0   0   0   0   0   0   0   0   0   0   0   0     0    0    0   0.549     18  0.00
    8    8     0   0   5   0   0   0   0   0   5   0   0   5   0   0  76   5   0   5   0   0     0    0    0   0.932     31  0.00
    9    9     0   0   0  14  86   0   0   0   0   0   0   0   0   0   0   0   0   0   0   0     0    0    0   0.410     13  0.00
   10   10     0   0   0   0   0   0   0   0   0   0   5   5   0   5   5  10  71   0   0   0     0    0    0   1.044     34  0.00
   11   11     0   0   0   0   0   0   0   0   0   0   0   0   0   0   0   0   0 100   0   0     0    0    0   0.000      0  0.00
   12   12    19   5   0   0   0   0   0   0   0   0   0   5   0  71   0   0   0   0   0   0     0    0    0   0.846     28  0.00
   13   13     5  71   0   0  24   0   0   0   0   0   0   0   0   0   0   0   0   0   0   0     0    0    0   0.727     24  0.00
   14   14     0   0   0   0   0   0   0   0   0   0   0  14   0   0   0   0  81   0   0   5     0    0    0   0.594     19  0.00
   15   15     0  95   0   0   5   0   0   0   0   0   0   0   0   0   0   0   0   0   0   0     0    0    0   0.191      6  0.00
   16   16     0   0   0   5   0   0   0   0   5  19   0  10   0   0   0   0  62   0   0   0     0    0    0   1.127     37  0.00
   17   17     0   0   0   0   0   0   0   0   0   0  19   5   0   0   0   0   0   0  76   0     0    0    0   0.668     22  0.00
   18   18    14  71  10   0   0   0   0   0   5   0   0   0   0   0   0   0   0   0   0   0     0    0    0   0.887     29  0.00
   19   19     0   0   0   0   0   0   0 100   0   0   0   0   0   0   0   0   0   0   0   0     0    0    0   0.000      0  0.00
   20   20     0   0 100   0   0   0   0   0   0   0   0   0   0   0   0   0   0   0   0   0     0    0    0   0.000      0  0.00
   21   21     0   0   0   0   0   0   0  10   0   0   5   0   0   0   5   0   5   0  76   0     0    0    0   0.866     28  0.00
   22   22     5   0   0   0   0   0   0   0   5  76   5   0   0   0   0   0  10   0   0   0     0    0    0   0.866     28  0.00
   23   23     0   0   0   0   0   0   0   0  62   5   5   0   0   0   0   0  19   0  10   0     0    0    0   1.127     37  0.00
   24   24     0   0   0   0  19   0   0   0   0   0  14   0   0   0   0   0   0   0  67   0     0    0    0   0.864     28  0.00
   25   25     0   5  86   0  10   0   0   0   0   0   0   0   0   0   0   0   0   0   0   0     0    0    0   0.501     16  0.00
   26   26     0   0   0   0   0   0   0  71   0   0   5  19   0   0   0   0   0   0   0   5     0    0    0   0.846     28  0.00
   27   27     0   0   0   0 100   0   0   0   0   0   0   0   0   0   0   0   0   0   0   0     0    0    0   0.000      0  0.00
   28   28     0   0   0   0   0   0   0   0   5   0  76  14   0   0   5   0   0   0   0   0     0    0    0   0.775     25  0.00
   29   29     0   0   0   0   0   0   0   0   0   0   5  71   0   5   0   0   0   0  19   0     0    0    0   0.846     28  0.00
   30   30    24  71   0   0   0   0   0   0   0   0   0   5   0   0   0   0   0   0   0   0     0    0    0   0.727     24  0.00
   31   31     0   0   0   0   0   0   0   0   0   0   0 100   0   0   0   0   0   0   0   0     0    0    0   0.000      0  0.00
   32   32     0   5   0  90   5   0   0   0   0   0   0   0   0   0   0   0   0   0   0   0     0    0    0   0.381     12  0.00
   33   33     0   0   0   0   0   0   0   0   0   0   0   0   0   0   0   0   0 100   0   0     0    0    0   0.000      0  0.00
   34   34     0   0   0   0   0   0   0   0   0   0 100   0   0   0   0   0   0   0   0   0     0    0    0   0.000      0  0.00
   35   35     0   0   0   0   0   0   0   0   0   0   0   0   0   0   0   0   0   5   0  95     0    0    0   0.191      6  0.00
   36   36     0   0   0   0   0   0   0   0   0   0   0   0   0   5   0  95   0   0   0   0     0    0    0   0.191      6  0.00
   37   37     0   0   0   0  71   0  24   0   0   0   0   0   0   0   0   0   0   0   5   0     0    0    0   0.727     24  0.00
   38   38    10   0  90   0   0   0   0   0   0   0   0   0   0   0   0   0   0   0   0   0     0    0    0   0.314     10  0.00
   39   39     5   0   0   0   0   0   0   0   0   0   5   5  86   0   0   0   0   0   0   0     0    0    0   0.567     18  0.00
   40   40    33   0  67   0   0   0   0   0   0   0   0   0   0   0   0   0   0   0   0   0     0    0    0   0.637     21  0.00
   41   41     0   0   0   0   0   0   0   0   0   0   0   0   0   0 100   0   0   0   0   0     0    0    0   0.000      0  0.00
   42   42     0   0   0   0   0   0   0   0   0   0   0   0   0   0   0   0   0  95   0   5     0    0    0   0.191      6  0.00
   43   43     0   0   0   6   0   0   0   0   0   0   0  11   0   0   0  78   0   0   6   0     0    0    0   0.761     25  0.00
   44   44    67   0   5   0   0   0   0   0   0   5   0  19   0   0   0   5   0   0   0   0     0    0    0   1.021     34  0.00
   45   45     0   0   0   0   0   0   0  67  10   0   5   0   0   0   0   0   0   0  10  10     0    0    0   1.087     36  0.00
   46   46     0   0   0   0   0   0   0  10   0  14   0   0   0   0   0   0   0  62   0  14     0    0    0   1.077     35  0.00
   47   47     5   0   0   0   0   0   0   0   0   0   0  10   0   0   0   5  81   0   0   0     0    0    0   0.685     22  0.00
   48   48     0   0   0   0   0   0   0   0  67   0   0   0   0   0   0   0   5   0  24   5     0    0    0   0.902     30  0.00
   49   49     0   0   0   0   0   0   0   0   0   0  19   0   0   0   0   0  76   0   5   0     0    0    0   0.668     22  0.00
   50   50   100   0   0   0   0   0   0   0   0   0   0   0   0   0   0   0   0   0   0   0     0    0    0   0.000      0  0.00
   51   51    71   0   0   0   0   0   0   0   5   0   0  24   0   0   0   0   0   0   0   0     0    0    0   0.727     24  0.00
   52   52     0   0 100   0   0   0   0   0   0   0   0   0   0   0   0   0   0   0   0   0     0    0    0   0.000      0  0.00
   53   53    10   0  90   0   0   0   0   0   0   0   0   0   0   0   0   0   0   0   0   0     0    0    0   0.314     10  0.00
   54   54     0   0   0   0   0   0   0   0   0   0   0   0   0   0   0   0   0   0   0 100     0    0    0   0.000      0  0.00
   55   55     0  14   0  81   0   0   0   0   0   0   0   5   0   0   0   0   0   0   0   0     0    0    0   0.594     19  0.00
   56   56     0   0   0   0   0   0   0   0  10   0  24   0   0   0   0   0   0   5  57   5     0    0    0   1.175     39  0.00
   57   57     0   0   0  14   0   0   0   0   0   0   0   0   0   0   0   5   0   0   5  76     0    0    0   0.775     25  0.00
   58   58     0   0   0   0   0   0   0   5   5  86   0   5   0   0   0   0   0   0   0   0     0    0    0   0.567     18  0.00
   59   59     0   0   0  33   0   0   0   0   5   0  48   5   0   0   0   0   0   0  10   0     0    0    0   1.233     41  0.00
   60   60     0   0   0   0   0   0   0   0  24   0   0   0   0   0   0   0  19   5  52   0     0    0    0   1.141     38  0.00
   61   61    10   0   5   0   0   0   0   0   0  86   0   0   0   0   0   0   0   0   0   0     0    0    0   0.501     16  0.00
   62   62     0  24  62   0   0   0   0   0   0   0   0  14   0   0   0   0   0   0   0   0     0    0    0   0.917     30  0.00
   63   63     0   0   0   0   0   0   0   0   0   0   0   0   0   0 100   0   0   0   0   0     0    0    0   0.000      0  0.00
   64   64     0   0   0   0   0   0   0   0   0   0   0   0   0   0  90  10   0   0   0   0     0    0    0   0.314     10  0.00
   65   65     0   0   0   0   0   0   0   0   0  90   0   0   0   0   0   0   5   0   5   0     0    0    0   0.381     12  0.00
   66   66     0   0  90  10   0   0   0   0   0   0   0   0   0   0   0   0   0   0   0   0     0    0    0   0.314     10  0.00
   67   67     0   0   0   0   0   0   0   5   0   0  76  14   0   0   0   5   0   0   0   0     0    0    0   0.775     25  0.00
   68   68     0   0   0   0   0   0   0   5  90   0   0   5   0   0   0   0   0   0   0   0     0    0    0   0.381     12  0.00
   69   69     0   0   0   0   0   0   0   0   0   0   0   0   0   0   0   0   0  24   0  76     0    0    0   0.549     18  0.00
   70   70     0   0   0   0   0   0   0   0   5   0  95   0   0   0   0   0   0   0   0   0     0    0    0   0.191      6  0.00
   71   71    10   0   0   0   0   0   0   0  90   0   0   0   0   0   0   0   0   0   0   0     0    0    0   0.314     10  0.00
   72   72     0  14  86   0   0   0   0   0   0   0   0   0   0   0   0   0   0   0   0   0     0    0    0   0.410     13  0.00
   73   73     0   5   0  95   0   0   0   0   0   0   0   0   0   0   0   0   0   0   0   0     0    0    0   0.191      6  0.00
   74   74     0   0   0   0   0   0   0   0   0   0   0   0   0  14   0   0   0   0  86   0     0    0    0   0.410     13  0.00
   75   75     0   0   0   0   0   0   0   0   0 100   0   0   0   0   0   0   0   0   0   0     0    0    0   0.000      0  0.00
   76   76     0   0   0   0   0   0   0   0  67   0   5   5   0   0   0  10   0   0  14   0     0    0    0   1.062     35  0.00
   77   77     0   0   0   0   0   0   0   0   5   0  81   0   0   0   0   5   5   5   0   0     0    0    0   0.751     25  0.00
   78   78     0   0   0   5   0   0   0   0   0   5   0   0   0   0  10  81   0   0   0   0     0    0    0   0.685     22  0.00
   79   79    71   0  24   0   0   0   0   0   0   0   5   0   0   0   0   0   0   0   0   0     0    0    0   0.727     24  0.00
   80   80     0  24  76   0   0   0   0   0   0   0   0   0   0   0   0   0   0   0   0   0     0    0    0   0.549     18  0.00
   81   81     0   0   0   0   0   0   0   0  95   0   5   0   0   0   0   0   0   0   0   0     0    0    0   0.191      6  0.00
   82   82     5  95   0   0   0   0   0   0   0   0   0   0   0   0   0   0   0   0   0   0     0    0    0   0.191      6  0.00
   83   83     0   0   0   0   0   0   0   0   0   0   0   0   0   0   5  95   0   0   0   0     0    0    0   0.191      6  0.00
   84   84     0   0   5   0   0   0   0   0  86   0   5   5   0   0   0   0   0   0   0   0     0    0    0   0.567     18  0.00
   85   85     0   0   0   0   0   0   0  90   0   0   0   0   0   0   0   0  10   0   0   0     0    0    0   0.314     10  0.00
   86   86     0   0   0   0   0   0   0   0   0   0   0  19   0   0   5  71   5   0   0   0     0    0    0   0.846     28  0.00
   87   87     5   0   5   0   0   0   0   0   0   0   0  86   0   0   0   0   5   0   0   0     0    0    0   0.567     18  0.00
   88   88     5  95   0   0   0   0   0   0   0   0   0   0   0   0   0   0   0   0   0   0     0    0    0   0.191      6  0.00
   89   89     0   0   0   0   0   0   0   0   0   0   0   0   0   0   0   0 100   0   0   0     0    0    0   0.000      0  0.00
   90   90     5   5  90   0   0   0   0   0   0   0   0   0   0   0   0   0   0   0   0   0     0    0    0   0.381     12  0.00
   91   91     0   0   5   0  95   0   0   0   0   0   0   0   0   0   0   0   0   0   0   0     0    0    0   0.191      6  0.00
   92   92     0   0   0   0   0   0   0   0   0   0   5   0   0   0   0   0   0   0  90   5     0    0    0   0.381     12  0.00
   93   93     0  10  90   0   0   0   0   0   0   0   0   0   0   0   0   0   0   0   0   0     0    0    0   0.314     10  0.00
   94   94     0   0   0   0   0   0   0   0   0   0   0   0   0   0   0   0   0 100   0   0     0    0    0   0.000      0  0.00
   95   95     0   5   0  67   5   0   0   0  14   0   0   5   0   0   0   0   5   0   0   0     0    0    0   1.128     37  0.00
   96   96     0   0   0   0   0   0   0   0   0   0   0   0   0   0   0 100   0   0   0   0     0    0    0   0.000      0  0.00
   97   97     0   0   0   5   0   0   0   0  19   0  76   0   0   0   0   0   0   0   0   0     0    0    0   0.668     22  0.00
   98   98     0   0   0   0   0   0   0   0   0   0   0   0   0   0   0  95   5   0   0   0     0    0    0   0.191      6  0.00
   99   99     5  19   5  71   0   0   0   0   0   0   0   0   0   0   0   0   0   0   0   0     0    0    0   0.846     28  0.00
  100  100     0   0   0   0   0   0   0   0   0   0   0   0   0   0   0  95   0   0   5   0     0    0    0   0.191      6  0.00
  101  101     0   0   0   0   0   0   0   0  71   0  29   0   0   0   0   0   0   0   0   0     0    0    0   0.598     19  0.00
  102  102     0   0   0   0   5   0  10   0   0   0   0   0   5  81   0   0   0   0   0   0     0    0    0   0.685     22  0.00
  103  103     5   0   0   0   0   0   0   0   0   0   0  71   0   0   0   0  24   0   0   0     0    0    0   0.727     24  0.00
  104  104     0   5   5  86   0   0   0   0   0   0   0   0   0   0   0   0   0   0   5   0     0    0    0   0.567     18  0.00
  105  105     5   0   0   0   0   0   0   0  24  14   0  38   0   0   0   0   5   0  10   5     0    0    0   1.646     54  0.00
  106  106     0   0   0   0   0   0   0   0   0   0   0   0   0   0   0   0   5  57   0  38     0    0    0   0.832     27  0.00
  107  107     0   0   0   0   0   0   0   0   0  10   0   0   0   0   0   0  14  24   0  52     0    0    0   1.182     39  0.00
  108  108    95   5   0   0   0   0   0   0   0   0   0   0   0   0   0   0   0   0   0   0     0    0    0   0.191      6  0.00
  109  109    19   0  29   0   0   0   0   0   5   0   5  38   0   0   0   0   0   5   0   0     0    0    0   1.476     49  0.00
  110  110     0   0   0   0  90   0  10   0   0   0   0   0   0   0   0   0   0   0   0   0     0    0    0   0.314     10  0.00
  111  111     0   0   0   0   0 100   0   0   0   0   0   0   0   0   0   0   0   0   0   0     0    0    0   0.000      0  0.00
  112  112     0   0   0   0   0   0   0   0   0   0   0   5   0   0   5  90   0   0   0   0     0    0    0   0.381     12  0.00
  113  113     0   0   0   0   0 100   0   0   0   0   0   0   0   0   0   0   0   0   0   0     0    0    0   0.000      0  0.00
  114  114    24   5  71   0   0   0   0   0   0   0   0   0   0   0   0   0   0   0   0   0     0    0    0   0.727     24  0.00
  115  115     0   0   0   0   0   0   0   0   0   0  86  14   0   0   0   0   0   0   0   0     0    0    0   0.410     13  0.00
  116  116    24  43   0   0   0   0   0   0   0  19   0   0   0   0   0   0   0  10   0   5     0    0    0   1.390     46  0.00
  117  117     0   0   0   0   0   0   0   0   0   0   5   5   0   0   0  19   0   0  71   0     0    0    0   0.846     28  0.00
  118  118     5   5   0  10   0   0   0   0   0   0   0  81   0   0   0   0   0   0   0   0     0    0    0   0.685     22  0.00
  119  119    62  29  10   0   0   0   0   0   0   0   0   0   0   0   0   0   0   0   0   0     0    0    0   0.879     29  0.00
  120  120     0   0   0   0   0   0   0  24  76   0   0   0   0   0   0   0   0   0   0   0     0    0    0   0.549     18  0.00
  121  121     0  86   5   5   5   0   0   0   0   0   0   0   0   0   0   0   0   0   0   0     0    0    0   0.567     18  0.00
  122  122   100   0   0   0   0   0   0   0   0   0   0   0   0   0   0   0   0   0   0   0     0    0    0   0.000      0  0.00
  123  123     0   0   0   0   0   0   0   0   0   0   5  95   0   0   0   0   0   0   0   0     0    0    0   0.191      6  0.00
  124  124     0   0   0   0   0   0   0   0  10   0   0   0   0   0   0   0  14  29   0  48     0    0    0   1.213     40  0.00
  125  125     0   0   0   0   0   0   0   0   0   0   0  52   0   0   5   0   0   0  43   0     0    0    0   0.847     28  0.00
  126  126     0   0   0   0   0   0   0   0  67   0  33   0   0   0   0   0   0   0   0   0     0    0    0   0.637     21  0.00
  127  127    95   0   5   0   0   0   0   0   0   0   0   0   0   0   0   0   0   0   0   0     0    0    0   0.191      6  0.00
  128  128     0   5   0   0  14   0  81   0   0   0   0   0   0   0   0   0   0   0   0   0     0    0    0   0.594     19  0.00
  129  129     0   0   0   0   0   0   0   0   0   0   0   5   0  95   0   0   0   0   0   0     0    0    0   0.191      6  0.00
  130  130     0   0   0   0   0  95   0   0   0   0   5   0   0   0   0   0   0   0   0   0     0    0    0   0.191      6  0.00
  131  131     0   0   0   0   0   0   0   0   0   0  86  10   0   0   0   0   0   0   5   0     0    0    0   0.501     16  0.00
  132  132    10   0  19  67   0   0   0   0   0   0   0   0   0   0   0   5   0   0   0   0     0    0    0   0.955     31  0.00
  133  133     0   0   0   0   0   0   0   0   0   0   5   0   0   0   0   0   0  90   5   0     0    0    0   0.381     12  0.00
  134  134     5   0   0   0   0   0   0  95   0   0   0   0   0   0   0   0   0   0   0   0     0    0    0   0.191      6  0.00
  135  135     0   0   0   0   0   0   0   0   0   0   0   0   0   0   0   0   0  40  10  50     0    0    0   0.943     31  0.00
  136  136     0   0   0   0   0   0   0   0  10   0  90   0   0   0   0   0   0   0   0   0     0    0    0   0.314     10  0.00
  137  137     0   0   0   5   0   0   0   0   5   0   0   0   0   0   0   5  62  14   0  10     0    0    0   1.234     41  0.00
  138  138     0   0   0   0   0   0   0   0   0 100   0   0   0   0   0   0   0   0   0   0     0    0    0   0.000      0  0.00
  139  139    67   0   0  24   0   0   0   0   0   0   0   0   0   0   0   0  10   0   0   0     0    0    0   0.836     27  0.00
  140  140     0   5   0   0   0   0   0   0   0   0   0   0   0   0   0  95   0   0   0   0     0    0    0   0.191      6  0.00
  141  141     5   5   0  90   0   0   0   0   0   0   0   0   0   0   0   0   0   0   0   0     0    0    0   0.381     12  0.00
  142  142     0   0   0   0  95   0   0   0   0   0   0   5   0   0   0   0   0   0   0   0     0    0    0   0.191      6  0.00
  143  143     0   5   0   0   0   0   0   0   0   0   0   0   0   0   0   0   0   5   0  90     0    0    0   0.381     12  0.00
  144  144     0   0   0   0   0   0   0   0   0   0   0   0   0   0 100   0   0   0   0   0     0    0    0   0.000      0  0.00
  145  145     0   0   0   0   0   0   0   0   0   0   0  14   0  86   0   0   0   0   0   0     0    0    0   0.410     13  0.00
  146  146     0   0   0   0   0   0   0   0  19   5  48  24   0   0   0   0   5   0   0   0     0    0    0   1.301     43  0.00
  147  147     0   0   0   0   0   0   0   0   0   0  76   0   0   0   0   0   0   0  19   5     0    0    0   0.668     22  0.00
  148  148     0 100   0   0   0   0   0   0   0   0   0   0   0   0   0   0   0   0   0   0     0    0    0   0.000      0  0.00
  149  149    24   0   0   0   0   0   0   0  52   5   0   0   0   0   0   0   5   0  14   0     0    0    0   1.248     41  0.00
  150  150     0   0   0   0   0   0   0  76   0   0   0   0   0   0   0   0   0   0  24   0     0    0    0   0.549     18  0.00
  151  151     0   0   0   0   0   0   0   0   0   0   0  19  67   0   0   0   0   0  14   0     0    0    0   0.864     28  0.00
  152  152     0   0   0   0   0   0   0   0   0   0   0   0   0   0   0   0  95   5   0   0     0    0    0   0.191      6  0.00
  153  153    24   0  76   0   0   0   0   0   0   0   0   0   0   0   0   0   0   0   0   0     0    0    0   0.549     18  0.00
  154  154     0   0 100   0   0   0   0   0   0   0   0   0   0   0   0   0   0   0   0   0     0    0    0   0.000      0  0.00
  155  155     0   0   0   0   0   0   0   0   0   0   5   0   0  24   0   0   0   0  71   0     0    0    0   0.727     24  0.00
  156  156     0   0   0   0   5   0  95   0   0   0   0   0   0   0   0   0   0   0   0   0     0    0    0   0.191      6  0.00
  157  157     5   0   0   0   0   0   0   0   0   0   0   0   0   0  81  14   0   0   0   0     0    0    0   0.594     19  0.00
  158  158     0   0   0   0   0   0   0   0  10   0  10  62  19   0   0   0   0   0   0   0     0    0    0   1.061     35  0.00
  159  159     0   0   0   0   0   0   0   0   0   0  10   0   0   0   0   0   0   0  14  76     0    0    0   0.709     23  0.00
  160  160     0   0   0   0   0   0   5   0  48  14   5   0   0   0   0   5   0  24   0   0     0    0    0   1.408     46  0.00
  161  161     0   0   0   0   0   0  24   0   0   0   5  10   0   0   0  38   0   5  19   0     0    0    0   1.539     51  0.00
  162  162     0   5   0   0   0   0   0   0   0   0   0   0   0   0   0   0  71  19   5   0     0    0    0   0.846     28  0.00
  163  163     0   0   0   0   0   0   0   0   0   0   0   0   0   0   0  81   5   5   5   5     0    0    0   0.751     25  0.00
  164  164     0   0   0   0   0 100   0   0   0   0   0   0   0   0   0   0   0   0   0   0     0    0    0   0.000      0  0.00
  165  165     0  90   0   0  10   0   0   0   0   0   0   0   0   0   0   0   0   0   0   0     0    0    0   0.314     10  0.00
  166  166    24  67   0   0   0   0   0   0   5   0   0   5   0   0   0   0   0   0   0   0     0    0    0   0.902     30  0.00
  167  167     5  95   0   0   0   0   0   0   0   0   0   0   0   0   0   0   0   0   0   0     0    0    0   0.191      6  0.00
  168  168    38   0  24   0   0   0   0   0   0   0   0  38   0   0   0   0   0   0   0   0     0    0    0   1.077     35  0.00
  169  169     0   0   0   0   0   0   0  95   5   0   0   0   0   0   0   0   0   0   0   0     0    0    0   0.191      6  0.00
  170  170     0   0 100   0   0   0   0   0   0   0   0   0   0   0   0   0   0   0   0   0     0    0    0   0.000      0  0.00
  171  171     0   5   0   0   0   0   0   0  10   0  81   0   0   5   0   0   0   0   0   0     0    0    0   0.685     22  0.00
  172  172     0   0   0   0   0   0   0   0  71  14   5   0   0   0   0   0  10   0   0   0     0    0    0   0.887     29  0.00
  173  173     0   5   0   0   0   0   0   0   0   0   0   0   0   0  19   5  62  10   0   0     0    0    0   1.127     37  0.00
  174  174     0   0   0   0   0   0   0   0   0  10   0   0   0   0   5   0  67   0   5  14     0    0    0   1.062     35  0.00
  175  175     0   0   0   0   0   0   0  10   0   5  10   0   0   0   0   0  10   0  67   0     0    0    0   1.087     36  0.00
  176  176     0  10   0   0   0   0   0   0   0   0   0   0   0   0  86   0   5   0   0   0     0    0    0   0.501     16  0.00
  177  177    86   5  10   0   0   0   0   0   0   0   0   0   0   0   0   0   0   0   0   0     0    0    0   0.501     16  0.00
  178  178    76   0   0   0   0   0   0   0  14   0   0   0   0   0   0  10   0   0   0   0     0    0    0   0.709     23  0.00
  179  179     0   0   0   0   0   0   0 100   0   0   0   0   0   0   0   0   0   0   0   0     0    0    0   0.000      0  0.00
  180  180     0   0   0   0   0   0   0   0  67   0   5   0   0   0  14   0   0   0  14   0     0    0    0   0.971     32  0.00
  181  181     0   5   9  86   0   0   0   0   0   0   0   0   0   0   0   0   0   0   0   0     0    0    0   0.485     16  0.00
  182  182     0   0   0   0   0   0   0   0   0   0   0   0   0   0   0   0 100   0   0   0     0    0    0   0.000      0  0.00
  183  183     0 100   0   0   0   0   0   0   0   0   0   0   0   0   0   0   0   0   0   0     0    0    0   0.000      0  0.00
  184  184     0   0   0   0  23   0  77   0   0   0   0   0   0   0   0   0   0   0   0   0     0    0    0   0.536     17  0.00
  185  185     0   0   0   0   0   0   0   0   0   0 100   0   0   0   0   0   0   0   0   0     0    0    0   0.000      0  0.00
  186  186    86   0   0   0   0   0   0   0   0   0   0   5   0   0   0   9   0   0   0   0     0    0    0   0.485     16  0.00
  187  187     0   0   0   0   0   0   0   0   0   0   0   0   0   0   0   5   5  18   0  73     0    0    0   0.823     27  0.00
  188  188     0   0   0   0   0   0   0   0   0   0   0   0   0   0  77   5  18   0   0   0     0    0    0   0.650     21  0.00
  189  189     0   0   0   0   0   0   0   0   0   0   0   0   0   0   0  73  23   0   5   0     0    0    0   0.709     23  0.00
  190  190    73   0   9   0   0   0   0   0   0   0   0   0   0   0  18   0   0   0   0   0     0    0    0   0.760     25  0.00
  191  191     0   0   0   0   0   0   0   0   0   0 100   0   0   0   0   0   0   0   0   0     0    0    0   0.000      0  0.00
  192  192     0   0   0   0   0   0   0   0   0   0   0   0   0   0   0   0 100   0   0   0     0    0    0   0.000      0  0.00
  193  193     0   0   0   0   0   0   0   0  27  64   5   0   0   5   0   0   0   0   0   0     0    0    0   0.923     30  0.00
  194  194     0  23  77   0   0   0   0   0   0   0   0   0   0   0   0   0   0   0   0   0     0    0    0   0.536     17  0.00
  195  195     0   0   0   0   0   0   0   0   0   0   0   0   0   0   0   0   0  95   0   5     0    0    0   0.185      6  0.00
  196  196     0   0   0   0   0   0   0  77  18   0   5   0   0   0   0   0   0   0   0   0     0    0    0   0.650     21  0.00
  197  197     0   0   0   0   0   0   0   0   0   0   0   0   0 100   0   0   0   0   0   0     0    0    0   0.000      0  0.00
  198  198     5   0   0   0   0   0   0   0  95   0   0   0   0   0   0   0   0   0   0   0     0    0    0   0.185      6  0.00
  199  199     0   0   0   0   0   0   0   0  95   0   5   0   0   0   0   0   0   0   0   0     0    0    0   0.185      6  0.00
  200  200     0   0   5   0   0   0   0   0  27   0  59   0   9   0   0   0   0   0   0   0     0    0    0   1.024     34  0.00
  201  201     0   0   0   0 100   0   0   0   0   0   0   0   0   0   0   0   0   0   0   0     0    0    0   0.000      0  0.00
  202  202     5   0   0   0   0   0   0   0  91   0   0   5   0   0   0   0   0   0   0   0     0    0    0   0.368     12  0.00
  203  203     5   0   0   0   0   0   0   0   0   0   0   5   0   0   5   0  55  23   9   0     0    0    0   1.307     43  0.00
  204  204     0   0   9   0  86   0   5   0   0   0   0   0   0   0   0   0   0   0   0   0     0    0    0   0.485     16  0.00
  205  205     0   5   5   0   0   0   0   0   0   0   0   0   0   0   0  86   5   0   0   0     0    0    0   0.548     18  0.00
  206  206    27   5   5  59   0   0   0   0   0   5   0   0   0   0   0   0   0   0   0   0     0    0    0   1.087     36  0.00
  207  207     0   0   0   0   0   0   0   0   0  23   0   0   0   0   0   0   0  68   0   9     0    0    0   0.816     27  0.00
  208  208     0   0   0   0   0   0   0  95   5   0   0   0   0   0   0   0   0   0   0   0     0    0    0   0.185      6  0.00
  209  209     5   0   0   0   0   0   0   0   5   0   0   0   0   0   0   0   0   0  91   0     0    0    0   0.368     12  0.00
  210  210     0   0   0   0   0   0   0   5  59   0   0   5   0   0   0   5   5  18   0   5     0    0    0   1.323     44  0.00
  211  211     0   0   0   0   0   0   0   0   0   0   5   0   0   5   5  23   0  41  23   0     0    0    0   1.461     48  0.00
  212  212     0   0   0   0   0   0   0   0   0  55   0   5   0   0   0   0   0  41   0   0     0    0    0   0.837     27  0.00
  213  213     5   0   0   0   0   0   0   0  23   5  64   5   0   0   0   0   0   0   0   0     0    0    0   1.046     34  0.00
  214  214     5   0  14   0   0   0   0   0   0   0   0  73   0   0   0   0   5   0   5   0     0    0    0   0.925     30  0.00
  215  215     9  86   0   0   0   0   0   0   0   0   0   0   0   5   0   0   0   0   0   0     0    0    0   0.485     16  0.00
  216  216     0   5  14   0  82   0   0   0   0   0   0   0   0   0   0   0   0   0   0   0     0    0    0   0.576     19  0.00
  217  217     5   5   0   0   0   0   0   0   9   0  14   0  68   0   0   0   0   0   0   0     0    0    0   1.032     34  0.00
  218  218     0   5   5   0  86   0   0   0   0   0   0   5   0   0   0   0   0   0   0   0     0    0    0   0.548     18  0.00
  219  219     0   0   0   0   0   0   0   5  86   0   9   0   0   0   0   0   0   0   0   0     0    0    0   0.485     16  0.00
  220  220    68   0   0   0   0   0   0   0   0   0  23   5   0   0   0   0   0   0   5   0     0    0    0   0.879     29  0.00
  221  221     0   0   0   0   0   0   0   0   0   0   0   0   0   0  77  18   0   0   5   0     0    0    0   0.650     21  0.00
  222  222     0   5   0   0   0   0   0  50   0   5   0  14   0   0   0   0   0   0  27   0     0    0    0   1.254     41  0.00
  223  223     0   0   0   0   0   0   0   0   5  27   0   5   0   0   0   0  55   0   5   5     0    0    0   1.247     41  0.00
  224  224     0   0  14   0   0   0   0   5  41   0   0  32   0   0   0   0   0   0   9   0     0    0    0   1.360     45  0.00
  225  225     0   0   0   0   0   0   0  77   9   0   0  14   0   0   0   0   0   0   0   0     0    0    0   0.689     22  0.00
  226  226     0   0   0   0   0   0   0  73   0   0  23   5   0   0   0   0   0   0   0   0     0    0    0   0.709     23  0.00
  227  227     0   0   0   0   0   0   0   0   0   0   0   0   0   0   0  95   0   5   0   0     0    0    0   0.185      6  0.00
  228  228     0  95   5   0   0   0   0   0   0   0   0   0   0   0   0   0   0   0   0   0     0    0    0   0.185      6  0.00
  229  229     0   5   0   0   0   0   0   0   0   0   5   0   0  86   5   0   0   0   0   0     0    0    0   0.548     18  0.00
  230  230    27   0  73   0   0   0   0   0   0   0   0   0   0   0   0   0   0   0   0   0     0    0    0   0.586     19  0.00
  231  231     5   5  91   0   0   0   0   0   0   0   0   0   0   0   0   0   0   0   0   0     0    0    0   0.368     12  0.00
  232  232     0   0   0   0   0   0   0   0   0   0   0   0   0   0   0   0   0 100   0   0     0    0    0   0.000      0  0.00
  233  233    77  18   5   0   0   0   0   0   0   0   0   0   0   0   0   0   0   0   0   0     0    0    0   0.650     21  0.00
  234  234     0   0   0   0   0   0   0  86   0   0   5   0   0   0   0   0   0   0   0   9     0    0    0   0.485     16  0.00
  235  235     0   0   0   0   0   0   0   0  24   0   0  43   0   5   5   0  24   0   0   0     0    0    0   1.336     44  0.00
  236  236     0   0   0   0   0   0   0   0   0  71   0   0   0   0   0   0  19   0   5   5     0    0    0   0.846     28  0.00
  237  237     0   0   0   0   0   0   0   0  33  67   0   0   0   0   0   0   0   0   0   0     0    0    0   0.637     21  0.00
  238  238     0   0   0   0   0   0   0   0  33   0   6  44   0   0   0   6   0   0  11   0     0    0    0   1.292     43  0.00
  239  239     0   5   0   0   0   0   0  95   0   0   0   0   0   0   0   0   0   0   0   0     0    0    0   0.191      6  0.00
  240  240     0   0   0   0   0   0   0   0   0   5   0   0   0   0   0  14   0   0  77   5     0    0    0   0.752     25  0.00
  241  241     0   0   0   0   0   0   0   5   0  18   5   5   0   5   0   0  64   0   0   0     0    0    0   1.160     38  0.00
  242  242     0   0   0   0   0   0   0   0   5  73  14   0   0   5   0   0   5   0   0   0     0    0    0   0.925     30  0.00
  243  243     0   5   0   0  91   0   5   0   0   0   0   0   0   0   0   0   0   0   0   0     0    0    0   0.368     12  0.00
  244  244    23   0   0   0   0   0   0   0   9  41   0  14   0   0   0   0  14   0   0   0     0    0    0   1.464     48  0.00
  245  245     0   0   0   0   0   0   0   0   0   0   0   5   0   0   5  91   0   0   0   0     0    0    0   0.368     12  0.00
  246  246     0   0   0   0   0   0   0   0   0   0   0   0   0   0   5  86   0   5   5   0     0    0    0   0.548     18  0.00
  247  247     0   0   0   0   0   0   0   0  68   0   0   9   0   0   0   5  14   0   5   0     0    0    0   1.032     34  0.00
  248  248    73   0   0   0   0   0   0   0  14   0   5   5   0   0   0   0   5   0   0   0     0    0    0   0.925     30  0.00
  249  249     0   0   5   0   0   0   0   0   0   0   0   0   0   0   0   0   0   0   0  95     0    0    0   0.185      6  0.00
  250  250    73  18   5   0   5   0   0   0   0   0   0   0   0   0   0   0   0   0   0   0     0    0    0   0.823     27  0.00
  251  251     0   0   0   0  91   0   0   0   0   5   5   0   0   0   0   0   0   0   0   0     0    0    0   0.368     12  0.00
  252  252     0   0   0   0  86   0   9   0   0   0   5   0   0   0   0   0   0   0   0   0     0    0    0   0.485     16  0.00
  253  253     0   0   0   0   0   0   0   0   0  95   0   5   0   0   0   0   0   0   0   0     0    0    0   0.185      6  0.00
  254  254     0   0   0   0   0   0   0   0   5  91   0   0   0   0   0   0   5   0   0   0     0    0    0   0.368     12  0.00
  255  255     0   0   5   0   0   0   0   0   0   0   0   0   0   0   0   0   0  73   0  23     0    0    0   0.709     23  0.00
  256  256     0   0   0   0  18   0   0   5  73   0   0   5   0   0   0   0   0   0   0   0     0    0    0   0.823     27  0.00
  257  257     5   0   0   0   0   0   0   0  23   0   5   5   0   0   0   0  64   0   0   0     0    0    0   1.046     34  0.00
  258  258     0   0   0   0   0   0   0   5   0   0   5   0   0   0   0   0   0   0  73  18     0    0    0   0.823     27  0.00
  259  259     0   0   0   0   0   0   0   0   0   0   0   0   0   0   0   0   0   0   0 100     0    0    0   0.000      0  0.00
  260  260     0   0   0   0 100   0   0   0   0   0   0   0   0   0   0   0   0   0   0   0     0    0    0   0.000      0  0.00
  261  261     0   0   0   0   0   0   0   0   0 100   0   0   0   0   0   0   0   0   0   0     0    0    0   0.000      0  0.00
  262  262    91   0   9   0   0   0   0   0   0   0   0   0   0   0   0   0   0   0   0   0     0    0    0   0.305     10  0.00
  263  263     0   0   0   0   0   0   0   0  95   0   5   0   0   0   0   0   0   0   0   0     0    0    0   0.185      6  0.00
  264  264     5   0   5  91   0   0   0   0   0   0   0   0   0   0   0   0   0   0   0   0     0    0    0   0.368     12  0.00
  265  265     0   0   0   0   0   0   0   0   0   0   0   0   0   0   0   0  95   5   0   0     0    0    0   0.185      6  0.00
  266  266    32   0  68   0   0   0   0   0   0   0   0   0   0   0   0   0   0   0   0   0     0    0    0   0.625     20  0.00
  267  267     0   0   0   0   0   0   0  27   0   0  73   0   0   0   0   0   0   0   0   0     0    0    0   0.586     19  0.00
  268  268     0   0   0   0   0   0   0   0  32   0   5   0   0  18   0   0   0  45   0   0     0    0    0   1.173     39  0.00
  269  269     0   0   0   0   0   0   0   0   0   0   0   5   0   0   0  95   0   0   0   0     0    0    0   0.185      6  0.00
  270  270     0   0   0   0  14   0  23   0   0   0   0   0   0  59   0   0   5   0   0   0     0    0    0   1.060     35  0.00
  271  271     0   0   0   0   0   0   0  32   0   0   0   0   0   0   0   0   0   5  23  41     0    0    0   1.207     40  0.00
  272  272    68  18   9   0   0   0   0   0   0   0   0   5   0   0   0   0   0   0   0   0     0    0    0   0.930     31  0.00
  273  273    36   0  59   0   0   0   0   0   5   0   0   0   0   0   0   0   0   0   0   0     0    0    0   0.819     27  0.00
  274  274     0   0   0   0  36   0  64   0   0   0   0   0   0   0   0   0   0   0   0   0     0    0    0   0.655     21  0.00
  275  275    23  73   0   5   0   0   0   0   0   0   0   0   0   0   0   0   0   0   0   0     0    0    0   0.709     23  0.00
  276  276    14   5  82   0   0   0   0   0   0   0   0   0   0   0   0   0   0   0   0   0     0    0    0   0.576     19  0.00
  277  277     0   0   0   0   0   0   0   0   0   0   0 100   0   0   0   0   0   0   0   0     0    0    0   0.000      0  0.00
  278  278     0   0   0   0   0   0   0   0   0   0   0   0   0   0   0 100   0   0   0   0     0    0    0   0.000      0  0.00
  279  279     0  23   0   0   0   0  73   0   0   0   0   0   0   0   0   0   5   0   0   0     0    0    0   0.709     23  0.00
  280  280     0   0   0   0   0   0   0 100   0   0   0   0   0   0   0   0   0   0   0   0     0    0    0   0.000      0  0.00
  281  281     0  18   0   0   9   0  73   0   0   0   0   0   0   0   0   0   0   0   0   0     0    0    0   0.760     25  0.00
  282  282     5  41  55   0   0   0   0   0   0   0   0   0   0   0   0   0   0   0   0   0     0    0    0   0.837     27  0.00
  283  283     0   0   0   0  18   0   0   0   0   0   0   0   0  82   0   0   0   0   0   0     0    0    0   0.474     15  0.00
  284  284    23  77   0   0   0   0   0   0   0   0   0   0   0   0   0   0   0   0   0   0     0    0    0   0.536     17  0.00
  285  285     0   0   0   0   5   0  95   0   0   0   0   0   0   0   0   0   0   0   0   0     0    0    0   0.185      6  0.00
  286  286     0   0   0   0   0   0   0   0   0   0   0   0   0   0   0   0   0   5   0  95     0    0    0   0.185      6  0.00
  287  287     5  91   0   5   0   0   0   0   0   0   0   0   0   0   0   0   0   0   0   0     0    0    0   0.368     12  0.00
  288  288     0   0   0   0   0   0   0   5   0   0   0   0   0   0   0   0   0  95   0   0     0    0    0   0.185      6  0.00
  289  289     0   0   0   0   0   0   0   0   0   0  27  73   0   0   0   0   0   0   0   0     0    0    0   0.586     19  0.00
  290  290     0   0   0   0   0   0   0  68  32   0   0   0   0   0   0   0   0   0   0   0     0    0    0   0.625     20  0.00
  291  291    23   0   0   0   0   0   0   0   0   0  14  55   0   0   0   5   0   0   5   0     0    0    0   1.220     40  0.00
  292  292     0   5   0   0   0   0   0   0  18   0   0   0  68   0   5   0   0   0   5   0     0    0    0   0.993     33  0.00
  293  293     5   5  91   0   0   0   0   0   0   0   0   0   0   0   0   0   0   0   0   0     0    0    0   0.368     12  0.00
  294  294     0   0   0   0   5   0  73   0   0   0   0   0  23   0   0   0   0   0   0   0     0    0    0   0.709     23  0.00
  295  295     5   0   0  68   0   0   0   0   0   0   5   0   0   0  23   0   0   0   0   0     0    0    0   0.879     29  0.00
  296  296     0   0   0   0   0   0   0   0   0   0   0   0   0   0   0   0   0   0 100   0     0    0    0   0.000      0  0.00
  297  297     0   0   0   0   0   0   0   0   0   0   0   0   0   0 100   0   0   0   0   0     0    0    0   0.000      0  0.00
  298  298     5   0  95   0   0   0   0   0   0   0   0   0   0   0   0   0   0   0   0   0     0    0    0   0.185      6  0.00
  299  299     0   0   0   0   0   0   0   0   0   0  95   5   0   0   0   0   0   0   0   0     0    0    0   0.185      6  0.00
  300  300     0   0   0   0   0   0   0  41  32  18   0   5   0   0   0   0   0   0   5   0     0    0    0   1.321     44  0.00
  301  301     0   0   0   0   0   0   0   0   0   0   0   0   0   0   0   0   0  50   0  50     0    0    0   0.693     23  0.00
  302  302     0   0   0   0   0   0   0   0   0  18   9  68   0   0   0   0   0   0   5   0     0    0    0   0.930     31  0.00
  303  303     9   0  91   0   0   0   0   0   0   0   0   0   0   0   0   0   0   0   0   0     0    0    0   0.305     10  0.00
  304  304     0   0   0   0 100   0   0   0   0   0   0   0   0   0   0   0   0   0   0   0     0    0    0   0.000      0  0.00
  305  305    77  18   0   0   0   0   0   0   0   0   0   5   0   0   0   0   0   0   0   0     0    0    0   0.650     21  0.00
  306  306     0   0   0   0   0   0   0   0   5   0   0  95   0   0   0   0   0   0   0   0     0    0    0   0.185      6  0.00
  307  307     0   0   0   0   0   0   0   0  73   0  18   5   5   0   0   0   0   0   0   0     0    0    0   0.823     27  0.00
  308  308     0   0   0   0   5   0   0   0   5  68   0   0   0   0   0   0   0  23   0   0     0    0    0   0.879     29  0.00
  309  309     0   0   0   0   0   0   9   0  18   0   0   0   0  68   0   0   0   5   0   0     0    0    0   0.930     31  0.00
  310  310     0   0   0   0   0   0   0   0   0   0  14   9   0   0   0  27   0  45   5   0     0    0    0   1.343     44  0.00
  311  311     0   0   0   0   0   0   0   0  45  23  27   0   0   5   0   0   0   0   0   0     0    0    0   1.190     39  0.00
  312  312    23   0   0   0   0   0   0   0   0   0   5  68   0   0   0   0   0   5   0   0     0    0    0   0.879     29  0.00
  313  313     0   0   0   0   0   0   0  27  36   0  23   0   0   0   0   0   0   0  14   0     0    0    0   1.331     44  0.00
  314  314     0   0   0   0   0   0   0 100   0   0   0   0   0   0   0   0   0   0   0   0     0    0    0   0.000      0  0.00
  315  315     0   5  77   0  18   0   0   0   0   0   0   0   0   0   0   0   0   0   0   0     0    0    0   0.650     21  0.00
  316  316     0   0  68   9   0   0  18   0   5   0   0   0   0   0   0   0   0   0   0   0     0    0    0   0.930     31  0.00
  317  317     0   0   0   0   0   0   0  68  27   0   0   0   5   0   0   0   0   0   0   0     0    0    0   0.756     25  0.00
  318  318    68   0  32   0   0   0   0   0   0   0   0   0   0   0   0   0   0   0   0   0     0    0    0   0.625     20  0.00
  319  319     0   0   0   0   0   0   0   0   0   0   0   0   0   0   0   0   0   0 100   0     0    0    0   0.000      0  0.00
  320  320     0   0   0   0   0   0   0   0   0   0   0   5   0   0  73  23   0   0   0   0     0    0    0   0.709     23  0.00
  321  321     0   0   0   0   0   0   0   0   0   0   0   0   0   0  18  82   0   0   0   0     0    0    0   0.474     15  0.00
  322  322     0   0   0   0   0   0   0 100   0   0   0   0   0   0   0   0   0   0   0   0     0    0    0   0.000      0  0.00
  323  323     0   0   0   0   0   0   0   0   0   0   0   0   0   0   0   0 100   0   0   0     0    0    0   0.000      0  0.00
  324  324   100   0   0   0   0   0   0   0   0   0   0   0   0   0   0   0   0   0   0   0     0    0    0   0.000      0  0.00
  325  325     0 100   0   0   0   0   0   0   0   0   0   0   0   0   0   0   0   0   0   0     0    0    0   0.000      0  0.00
  326  326     0  18   0   0   0   0   0   0   5   0  77   0   0   0   0   0   0   0   0   0     0    0    0   0.650     21  0.00
  327  327    82   0   0   0   0   0   0   0  18   0   0   0   0   0   0   0   0   0   0   0     0    0    0   0.474     15  0.00
  328  328     0   0   0   0   0   0   0   0   0   0  14  23  59   0   0   0   0   5   0   0     0    0    0   1.060     35  0.00
  329  329    82   0  18   0   0   0   0   0   0   0   0   0   0   0   0   0   0   0   0   0     0    0    0   0.474     15  0.00
  330  330     0   0   0   0   0   0   0   0   0   0   5   0   0   0   0   0   0  59  23  14     0    0    0   1.060     35  0.00
  331  331     0   0   0   0   0   0   0   0   0   5   0   5   0   0   0   0   0  86   0   5     0    0    0   0.548     18  0.00
  332  332     0   0   0   0   0   0   0   0  18   0   5   0   0   0   0   5   5  45   0  23     0    0    0   1.427     47  0.00
  333  333     0   0   0   0   0   0   0   0   0   0   0  23   0   0   0   0   9   0  68   0     0    0    0   0.816     27  0.00
  334  334     0   5  95   0   0   0   0   0   0   0   0   0   0   0   0   0   0   0   0   0     0    0    0   0.185      6  0.00
  335  335    36   0  64   0   0   0   0   0   0   0   0   0   0   0   0   0   0   0   0   0     0    0    0   0.655     21  0.00
  336  336     0   0   0   0   0   0   0   0   0  73   0   0   0   0   0   0   0   0  27   0     0    0    0   0.586     19  0.00
  337  337     0   0   0   0  23   0  77   0   0   0   0   0   0   0   0   0   0   0   0   0     0    0    0   0.536     17  0.00
  338  338     9   0  68   0   0   0   0   0  23   0   0   0   0   0   0   0   0   0   0   0     0    0    0   0.816     27  0.00
  339  339     0   9   0   0   0   0   0   0   0   0  18  64   5   0   0   0   0   0   5   0     0    0    0   1.097     36  0.00
  340  340     0   0   0   0   0   0   0  18   0   0   5   5   0   0   0   0   0   0  73   0     0    0    0   0.823     27  0.00
  341  341    64   0   0   0   0   0   0   0   0   0   0   5   0   0   0   5  23   0   5   0     0    0    0   1.046     34  0.00
  342  342     0 100   0   0   0   0   0   0   0   0   0   0   0   0   0   0   0   0   0   0     0    0    0   0.000      0  0.00
  343  343     0   0   0   0   0   0   0   0   0   0   5   0   0   0   0   0  68   0  27   0     0    0    0   0.756     25  0.00
  344  344     0   0   0   0   0   0   0   0   0   0   0   0   0   0   0   0   0   0  95   5     0    0    0   0.185      6  0.00
  345  345     5  23   0   0   0   0   0   0   0  73   0   0   0   0   0   0   0   0   0   0     0    0    0   0.709     23  0.00
  346  346     0   0   0   0   0   0   0   5   5   0   0   0   0   0   0   0   0  23   0  68     0    0    0   0.879     29  0.00
  347  347     0 100   0   0   0   0   0   0   0   0   0   0   0   0   0   0   0   0   0   0     0    0    0   0.000      0  0.00
  348  348     0   0   0   0   0   0   0  23  77   0   0   0   0   0   0   0   0   0   0   0     0    0    0   0.536     17  0.00
  349  349    23  73   5   0   0   0   0   0   0   0   0   0   0   0   0   0   0   0   0   0     0    0    0   0.709     23  0.00
  350  350     0   0   5   0   0   0   0   0   0   0   5   0   0   0  68   5   0   0  18   0     0    0    0   0.993     33  0.00
  351  351     5  45   0  50   0   0   0   0   0   0   0   0   0   0   0   0   0   0   0   0     0    0    0   0.845     28  0.00
  352  352     0   0   0   0   0   0   0   0 100   0   0   0   0   0   0   0   0   0   0   0     0    0    0   0.000      0  0.00
  353  353    68   0   0   0   0   0   0   0   0   0   5   5   5   0   0  18   0   0   0   0     0    0    0   0.993     33  0.00
  354  354     0   0   0   0   0   0   0   0   0   0   0   0   0   5  91   5   0   0   0   0     0    0    0   0.368     12  0.00
  355  355     0   0   0   0   0   0   0  23   5   0  23   0   5   0   0   0   0   0  45   0     0    0    0   1.313     43  0.00
  356  356     0   0   0   0   0   0   0   5   0   0   0   0   0   0   0   0   0   0  91   5     0    0    0   0.368     12  0.00
  357  357     0 100   0   0   0   0   0   0   0   0   0   0   0   0   0   0   0   0   0   0     0    0    0   0.000      0  0.00
  358  358     0   0   0   0   0   0   0   0  64  36   0   0   0   0   0   0   0   0   0   0     0    0    0   0.655     21  0.00
  359  359     0   0   0   0   0   0   0 100   0   0   0   0   0   0   0   0   0   0   0   0     0    0    0   0.000      0  0.00
  360  360     0   0   0   0   0   0   0   0 100   0   0   0   0   0   0   0   0   0   0   0     0    0    0   0.000      0  0.00
  361  361     0   0   0   0   0   0   0   0   0   0   0   0   0   0   0   0   0  90   0  10     0    0    0   0.325     10  0.00
  362  362     0   0   0   0   0   0   0   5   0   0   0   0   0   0   0  30   0  35  20  10     0    0    0   1.431     47  0.00
  363  363     0 100   0   0   0   0   0   0   0   0   0   0   0   0   0   0   0   0   0   0     0    0    0   0.000      0  0.00
  364  364    20   5   0   0  70   0   5   0   0   0   0   0   0   0   0   0   0   0   0   0     0    0    0   0.871     29  0.00
  365  365    55   0   0   5   0   0   0   0  30   0   0   5   0   0   0   0   5   0   0   0     0    0    0   1.139     38  0.00
  366  366     0   0   0   0   0   0   0   0   0   0   0   5   0   0  65   5  20   5   0   0     0    0    0   1.051     35  0.00
  367  367     0   0   0   0   0   0   0   0   0   0   0   0   0   0  20  65  15   0   0   0     0    0    0   0.886     29  0.00
  368  368     0   0   0   0 100   0   0   0   0   0   0   0   0   0   0   0   0   0   0   0     0    0    0   0.000      0  0.00
  369  369     0   0   0   0   0   0   0   0   0   0   0   0   0   5   0   0  20  10  65   0     0    0    0   0.982     32  0.00
  370  370     0   5   0   0   0   0   0   0  30   0   5  25   0   0   5   5   5  20   0   0     0    0    0   1.779     59  0.00
  371  371     0  95   0   0   0   0   5   0   0   0   0   0   0   0   0   0   0   0   0   0     0    0    0   0.199      6  0.00
  372  372     0   5   0   5  90   0   0   0   0   0   0   0   0   0   0   0   0   0   0   0     0    0    0   0.394     13  0.00
  373  373     0   5   0   0   0   0   0   0  80   0   5   5   0   0   0   0   5   0   0   0     0    0    0   0.778     25  0.00
  374  374     0   0   0   0   0   0   0   0   5   0   0   0   0   0   0   0  90   0   5   0     0    0    0   0.394     13  0.00
  375  375     0   0   0   0   0   0   0  75   0   0   0  20   0   0   0   0   0   0   5   0     0    0    0   0.687     22  0.00
  376  376     0   0   0   0   0   0   0   0   0   0  25   0   0   0   0  20  15   0  35   5     0    0    0   1.470     49  0.00
  377  377     0   0   0   0   5   0  95   0   0   0   0   0   0   0   0   0   0   0   0   0     0    0    0   0.199      6  0.00
  378  378     0   0   0   0   0   0   0   5  30   0  35   0   0   0   0  25   5   0   0   0     0    0    0   1.375     45  0.00
  379  379     0   0   0   0   0   0   0   0   0   0   0   0   0   0   0   0   0  95   5   0     0    0    0   0.199      6  0.00
  380  380     0   0   0   0   0   0   0   0  95   0   5   0   0   0   0   0   0   0   0   0     0    0    0   0.199      6  0.00
  381  381     0   0   0   0   0   0   0   0 100   0   0   0   0   0   0   0   0   0   0   0     0    0    0   0.000      0  0.00
  382  382     0   0   0   0   0   0   0   0   0   0   0   0   0   0   0  80   0  20   0   0     0    0    0   0.500     16  0.00
  383  383    80  20   0   0   0   0   0   0   0   0   0   0   0   0   0   0   0   0   0   0     0    0    0   0.500     16  0.00
  384  384     0   0   0   0   0   0   0   0 100   0   0   0   0   0   0   0   0   0   0   0     0    0    0   0.000      0  0.00
  385  385     0   0   0   0   0   0   0   0 100   0   0   0   0   0   0   0   0   0   0   0     0    0    0   0.000      0  0.00
  386  386     0   5   0   0   0   0   0   0   0   0  40   0   0   0   0   0   0  20  30   5     0    0    0   1.349     45  0.00
  387  387     0   0   0   0   0   0   0   0  65   0  35   0   0   0   0   0   0   0   0   0     0    0    0   0.647     21  0.00
  388  388     0   0   0   0   0   0   0   0   0  95   0   5   0   0   0   0   0   0   0   0     0    0    0   0.199      6  0.00
  389  389     0   0   0   0   0   0   0   5   0   0   5   0   0   0   5  60  25   0   0   0     0    0    0   1.102     36  0.00
  390  390     0   0   0   0   0   0   0  89   5   0   5   0   0   0   0   0   0   0   0   0     0    0    0   0.409     13  0.00
  391  391     0   0 100   0   0   0   0   0   0   0   0   0   0   0   0   0   0   0   0   0     0    0    0   0.000      0  0.00
  392  392     0 100   0   0   0   0   0   0   0   0   0   0   0   0   0   0   0   0   0   0     0    0    0   0.000      0  0.00
  393  393     0   0   0   0   0   0   0   0   0   0   0   0   0   0 100   0   0   0   0   0     0    0    0   0.000      0  0.00
  394  394     0   0   0   0   0   0   0   0   0   0   0  90   0   0   0   0   0   0  10   0     0    0    0   0.325     10  0.00
  395  395     0   5   0   0   0   0   0   0   0  60   5   0   0   0  25   0   5   0   0   0     0    0    0   1.102     36  0.00
  396  396     0   0   0   0   0   0   0   0   5   0   0   0   0   0   0   0  15  25   5  50     0    0    0   1.277     42  0.00
  397  397     5   0   0   0   0   0   0   0   0   0   0  95   0   0   0   0   0   0   0   0     0    0    0   0.199      6  0.00
  398  398    45   0  55   0   0   0   0   0   0   0   0   0   0   0   0   0   0   0   0   0     0    0    0   0.688     22  0.00
  399  399     0   0   0   0   0   0   0   0  20   0   0   0   0   0  30   0  40   0   5   5     0    0    0   1.349     45  0.00
  400  400     0   0   0   0   0   0   0   0   0   0   0   0   0   0  40  55   5   0   0   0     0    0    0   0.845     28  0.00
  401  401     0   5   0   0  95   0   0   0   0   0   0   0   0   0   0   0   0   0   0   0     0    0    0   0.199      6  0.00
  402  402     0   0   0   0   0   0   0   0   0   0   0   0   0   0   0  10  90   0   0   0     0    0    0   0.325     10  0.00
  403  403     0   5   0   0   0   0   0   0   0   0  80   0   0   0   0   0  10   0   5   0     0    0    0   0.708     23  0.00
  404  404    55   0  40   0   0   0   0   0   0   0   0   0   5   0   0   0   0   0   0   0     0    0    0   0.845     28  0.00
  405  405     0   0   0   0   0   0   0   0   0  85   0   0   0   0   0   0  15   0   0   0     0    0    0   0.423     14  0.00
  406  406    20   0   0   0   0   0   0   0  65   5   5   5   0   0   0   0   0   0   0   0     0    0    0   1.051     35  0.00
  407  407     0   0   5   0   0   0   0   0   5  10   0   5   0   0   0   0  75   0   0   0     0    0    0   0.895     29  0.00
  408  408     0   0   0   0   0   0   0   5  25  45  25   0   0   0   0   0   0   0   0   0     0    0    0   1.202     40  0.00
  409  409     0   0   0   0   0   0   0  90   0   5   0   0   0   0   0   0   0   0   0   5     0    0    0   0.394     13  0.00
  410  410     0   0   0   0   0   0   0   5   5   0   5   0   0   0   0   0  85   0   0   0     0    0    0   0.588     19  0.00
  411  411     0   0  10   0   0   0   0   0  25  10   0  55   0   0   0   0   0   0   0   0     0    0    0   1.136     37  0.00
  412  412     0   0   0   0   0   0   0   0   5  20  70   5   0   0   0   0   0   0   0   0     0    0    0   0.871     29  0.00
  413  413     0   0   0   0   0   0   0   0   5  95   0   0   0   0   0   0   0   0   0   0     0    0    0   0.199      6  0.00
  414  414     0  90  10   0   0   0   0   0   0   0   0   0   0   0   0   0   0   0   0   0     0    0    0   0.325     10  0.00
  415  415     0 100   0   0   0   0   0   0   0   0   0   0   0   0   0   0   0   0   0   0     0    0    0   0.000      0  0.00
  416  416     0   5   0   0   0   0   0   0   0   0   0   0   0   0   0   0  95   0   0   0     0    0    0   0.199      6  0.00
  417  417     0   0   0   0   0   0 100   0   0   0   0   0   0   0   0   0   0   0   0   0     0    0    0   0.000      0  0.00
  418  418     0   0   0   0 100   0   0   0   0   0   0   0   0   0   0   0   0   0   0   0     0    0    0   0.000      0  0.00
  419  419     0   0   0   0   0   0   0  95   0   0   5   0   0   0   0   0   0   0   0   0     0    0    0   0.199      6  0.00
  420  420     0   0  65   5   0   0   0   0   0   0   0  30   0   0   0   0   0   0   0   0     0    0    0   0.791     26  0.00
  421  421     0 100   0   0   0   0   0   0   0   0   0   0   0   0   0   0   0   0   0   0     0    0    0   0.000      0  0.00
  422  422     0 100   0   0   0   0   0   0   0   0   0   0   0   0   0   0   0   0   0   0     0    0    0   0.000      0  0.00
  423  423     0   0   0   0   0   0   0   0   0   0   0  20   0   0   0   0   0   5   0  75     0    0    0   0.687     22  0.00
  424  424     0   0   0   0   0   0   0   0   0   0   0   0   0   0  20  15  65   0   0   0     0    0    0   0.886     29  0.00
  425  425     0   0   0   0   0   0   0 100   0   0   0   0   0   0   0   0   0   0   0   0     0    0    0   0.000      0  0.00
  426  426     0   0   0   0   0   0   0   0   0   5   0   0   0   0   0  40  55   0   0   0     0    0    0   0.845     28  0.00
  427  427     0 100   0   0   0   0   0   0   0   0   0   0   0   0   0   0   0   0   0   0     0    0    0   0.000      0  0.00
  428  428     0   0   0   0   0   0   0   0   0   0   0   0   0   0   0   0   0   0 100   0     0    0    0   0.000      0  0.00
  429  429     0   0   0   0   0   0   0   0   5   0  15   0   0   0   0  75   0   5   0   0     0    0    0   0.800     26  0.00
  430  430     5  30   0   0   5   0  50   0   0   0   0   0   0   5   0   0   0   5   0   0     0    0    0   1.307     43  0.00
  431  431     0   0   0   0   0   0   0   0   0   0   0   0   0   0   0   0   0 100   0   0     0    0    0   0.000      0  0.00
  432  432     0   0   0   0   0   0   0   0   0   0  85  15   0   0   0   0   0   0   0   0     0    0    0   0.423     14  0.00
  433  433     0  90  10   0   0   0   0   0   0   0   0   0   0   0   0   0   0   0   0   0     0    0    0   0.325     10  0.00
  434  434     0   0   0   0   0   0   0   0   0   0   0   0   0   0   0   0   0 100   0   0     0    0    0   0.000      0  0.00
  435  435     0 100   0   0   0   0   0   0   0   0   0   0   0   0   0   0   0   0   0   0     0    0    0   0.000      0  0.00
  436  436     5   0   0   0   0   0   0   0  10   0  20   0  65   0   0   0   0   0   0   0     0    0    0   0.982     32  0.00
  437  437     0   0   0   0   0   0   0   0   0   0   0   0   0  25  75   0   0   0   0   0     0    0    0   0.562     18  0.00
  438  438     0  45   0   0   0   0   0   0   0  55   0   0   0   0   0   0   0   0   0   0     0    0    0   0.688     22  0.00
  439  439   100   0   0   0   0   0   0   0   0   0   0   0   0   0   0   0   0   0   0   0     0    0    0   0.000      0  0.00
  440  440    20  80   0   0   0   0   0   0   0   0   0   0   0   0   0   0   0   0   0   0     0    0    0   0.500     16  0.00
  441  441     0   5   0   0   0   0   0   0  15   0   0   0   0   0   0   0  60   0  20   0     0    0    0   1.063     35  0.00
  442  442     0   0   0   0   0   0   0   0   0   0   0   0   0   0   0   0 100   0   0   0     0    0    0   0.000      0  0.00
  443  443     0   0   0   0   0   0   0  70   0   0   0   0   0   0   0   0   0   0  25   5     0    0    0   0.746     24  0.00
  444  444     0   0   0   0   0   0   0   0   0   0   0   0   0   0  70  30   0   0   0   0     0    0    0   0.611     20  0.00
  445  445     0   0   5   0   0   0   0   0   0   0   0   0   0   0   0  95   0   0   0   0     0    0    0   0.199      6  0.00
  446  446     0   0   0   0   0   0   0   0   0   5   0   0   0   0   0   0  70   5  20   0     0    0    0   0.871     29  0.00
  447  447     0  95   5   0   0   0   0   0   0   0   0   0   0   0   0   0   0   0   0   0     0    0    0   0.199      6  0.00
  448  448     0  85   5   0   5   0   0   0   0   0   0   0   5   0   0   0   0   0   0   0     0    0    0   0.588     19  0.00
  449  449     0   0   0   0   0   0   0   0   0   0   0   5   0   0   0   0   0  95   0   0     0    0    0   0.199      6  0.00
  450  450     0   0   0   0   0   0   0   0   0   0   0   0   0   0   0  80   0   0  20   0     0    0    0   0.500     16  0.00
  451  451     0   0   0   0   0 100   0   0   0   0   0   0   0   0   0   0   0   0   0   0     0    0    0   0.000      0  0.00
  452  452     0  95   0   0   0   0   5   0   0   0   0   0   0   0   0   0   0   0   0   0     0    0    0   0.199      6  0.00
  453  453     0   0   0   0   0   0   0   5  20   0   0   5   0   0   0  65   0   0   5   0     0    0    0   1.051     35  0.00
  454  454     0   0   0   0   0   0   0   0   0   0   0   0   0   0   0   0   0  95   0   5     0    0    0   0.199      6  0.00
  455  455     0   0   0   0   0   0   0   0   0   0   0   0   0   0   0   0   5   5   5  85     0    0    0   0.588     19  0.00
  456  456     0   0   0   0   0   0   0   0   0   0   0   0   0   0   0 100   0   0   0   0     0    0    0   0.000      0  0.00
  457  457     0 100   0   0   0   0   0   0   0   0   0   0   0   0   0   0   0   0   0   0     0    0    0   0.000      0  0.00
  458  458     0   0   0   0   0   0   0   0   5   0   0   0   0   0   0   0   0  95   0   0     0    0    0   0.199      6  0.00
  459  459     0   0   0   0   0   0   0   0   0   0   0   0 100   0   0   0   0   0   0   0     0    0    0   0.000      0  0.00
  460  460     0   0   0   0   0   0   0   0   0   0  90   5   5   0   0   0   0   0   0   0     0    0    0   0.394     13  0.00
  461  461     0   0   0   0   0   0   0   0   0   0   0   0   0   0   0   0   0 100   0   0     0    0    0   0.000      0  0.00
  462  462     0   0   0   0   0   0   0   0   5   0   0   0   0   0   0   0   5  90   0   0     0    0    0   0.394     13  0.00
  463  463     0 100   0   0   0   0   0   0   0   0   0   0   0   0   0   0   0   0   0   0     0    0    0   0.000      0  0.00
  464  464     0   0   0   0   0   0   0 100   0   0   0   0   0   0   0   0   0   0   0   0     0    0    0   0.000      0  0.00
  465  465     0   0   0   0   0   0   0   0   0   0   0   0   0   0   0   0   0   0   0 100     0    0    0   0.000      0  0.00
  466  466     0  89   5   0   0   0   0   0   0   0   0   0   0   0   0   0   0   5   0   0     0    0    0   0.409     13  0.00
  467  467    95   0   5   0   0   0   0   0   0   0   0   0   0   0   0   0   0   0   0   0     0    0    0   0.206      6  0.00
  468  468     0   0   0   0   0   0   0   0   0   0   0   0   0   0   5  95   0   0   0   0     0    0    0   0.206      6  0.00
  469  469     0   0   0   0   0   0   0   0   5  21  26  47   0   0   0   0   0   0   0   0     0    0    0   1.188     39  0.00
  470  470    47   0   0   0   5   0   5   0   0   0   5  26   0  11   0   0   0   0   0   0     0    0    0   1.407     46  0.00
  471  471     0   0   0   0   0   0   0   0   0   0   0   0   0   0   0   0   0   0   5  95     0    0    0   0.206      6  0.00
  472  472     5   5   0   0   0   0   0   0   0  53   0  11   0   0   5   0   0   0  21   0     0    0    0   1.368     45  0.00
  473  473     0   0   0  26   0   0   0   0   0   5   0  37   0   0   0   5   0   0   5  21     0    0    0   1.512     50  0.00
  474  474     0  89   0   0   5   0   0   0   0   0   0   5   0   0   0   0   0   0   0   0     0    0    0   0.409     13  0.00
  475  475     0   0   0   0   0   0   0   0 100   0   0   0   0   0   0   0   0   0   0   0     0    0    0   0.000      0  0.00
  476  476     0 100   0   0   0   0   0   0   0   0   0   0   0   0   0   0   0   0   0   0     0    0    0   0.000      0  0.00
  477  477     0   0   0   0   0   0   0   0   5   0  68   0   0   0   0  26   0   0   0   0     0    0    0   0.766     25  0.00
  478  478    58   0  37   0   0   0   0   0   0   0   0   0   5   0   0   0   0   0   0   0     0    0    0   0.839     28  0.00
  479  479     0   0   0   0   0   0 100   0   0   0   0   0   0   0   0   0   0   0   0   0     0    0    0   0.000      0  0.00
  480  480     0  68  21   0   0   0   5   0   0   0   0   0   0   0   0   0   0   5   0   0     0    0    0   0.898     29  0.00
  481  481     0   0   0   0   0   0   0   0   0   0   0   5   0   0  74  21   0   0   0   0     0    0    0   0.708     23  0.00
  482  482     0   0   0   0   0   0   0   5  95   0   0   0   0   0   0   0   0   0   0   0     0    0    0   0.206      6  0.00
  483  483     0   0   0   0   0   0   0   5   0   0   0   0   0   0  21   0   0   0  74   0     0    0    0   0.708     23  0.00
  484  484    68   0   0   0   0   0   0   0  32   0   0   0   0   0   0   0   0   0   0   0     0    0    0   0.624     20  0.00
  485  485     0   0   0   0   0   0   0   0   0  68   5  21   0   5   0   0   0   0   0   0     0    0    0   0.898     29  0.00
  486  486     0   0   0   0   0   0   0   0   5  21  26   0   0   5   0   0   0   0  37   5     0    0    0   1.512     50  0.00
  487  487     0   0   0   0   0   0   0   0   0   0   0   0   0   0   0 100   0   0   0   0     0    0    0   0.000      0  0.00
  488  488   100   0   0   0   0   0   0   0   0   0   0   0   0   0   0   0   0   0   0   0     0    0    0   0.000      0  0.00
  489  489    32   0  68   0   0   0   0   0   0   0   0   0   0   0   0   0   0   0   0   0     0    0    0   0.624     20  0.00
  490  490     0   0   0   5   0   0   0   0  21   0   5   5   0   0   0   0  63   0   0   0     0    0    0   1.083     36  0.00
  491  491     0   5   0   0   0   0   0   0  21   0   5   0  68   0   0   0   0   0   0   0     0    0    0   0.898     29  0.00
  492  492     0  11   0   0  89   0   0   0   0   0   0   0   0   0   0   0   0   0   0   0     0    0    0   0.336     11  0.00
  493  493     0   0   0   0   0   0   0   0  95   0   5   0   0   0   0   0   0   0   0   0     0    0    0   0.206      6  0.00
//
