ID Pseudo hssp file.
SEQ 
SEQ gi|113693|sp|P22364|AMCY_PARDE AMICYANIN PRECURSOR >gi|94677|pir...   204  3e-52
SEQ gi|6729760|pdb|1BXA|A Chain A, Amicyanin Reduced, Ph 4.4, 1.3 An...   200  3e-51
SEQ gi|443119|pdb|1MDA|A Chain A, Methylamine Dehydrogenase (E.C.1.4...   196  7e-50
SEQ gi|1703261|sp|P22365|AMCY_PARVE AMICYANIN PRECURSOR >gi|2117428|...   121  2e-27
SEQ gi|14278664|pdb|1ID2|A Chain A, Crystal Structure Of Amicyanin F...   121  2e-27
SEQ gi|461505|sp|P04172|AMCY_METEX AMICYANIN-ALPHA PRECURSOR >gi|107...   110  7e-24
SEQ gi|130286|sp|P21697|PLAS_SYNY3 PLASTOCYANIN PRECURSOR >gi|97669|...    59  1e-08
SEQ gi|2781074|pdb|1PCS|    The 2.15 A Crystal Structure Of A Triple...    56  1e-07
SEQ gi|13399980|pdb|1I0W|A Chain A, Solution Structure Of Oxidized P...    55  3e-07
SEQ gi|13399985|pdb|1I0Y|A Chain A, Solution Structure Of Oxidized P...    55  3e-07
SEQ gi|1709653|sp|P55020|PLAS_SYNP7 PLASTOCYANIN PRECURSOR >gi|83693...    53  8e-07
SEQ gi|2493320|sp|Q51883|PLAS_PHOLA PLASTOCYANIN PRECURSOR >gi|10861...    52  1e-06
SEQ gi|5542145|pdb|1BXV|A Chain A, Reduced Plastocyanin From Synecho...    52  2e-06
SEQ gi|4138881|gb|AAD03610.1| (AF114235) plastocyanin [Scenedesmus o...    50  1e-05
SEQ gi|4557936|pdb|1BAW|A Chain A, Plastocyanin From Phormidium Lami...    50  1e-05
SEQ gi|130263|sp|P00300|PLAS_CHLFU PLASTOCYANIN >gi|65845|pir||CUKLC...    49  2e-05
SEQ gi|13476732|ref|NP_108301.1| unknown protein [Mesorhizobium loti...    49  2e-05
SEQ gi|130281|sp|P26956|PLAS_SCEOB PLASTOCYANIN >gi|81303|pir||JW001...    48  3e-05
SEQ gi|130259|sp|P14114|PLAS_ANASQ PLASTOCYANIN PRECURSOR >gi|97708|...    45  2e-04
SEQ gi|11250075|pir||T44426 plastocyanin precursor [imported] - Pedi...    45  2e-04
SEQ gi|443425|pdb|2PLT|    Plastocyanin                                    45  3e-04
SEQ gi|600496|gb|AAD09144.1| (U13912) plastocyanin precursor [Prochl...    44  4e-04
SEQ gi|130264|sp|P18068|PLAS_CHLRE PLASTOCYANIN PRECURSOR (PC6-2) >g...    44  4e-04
SEQ gi|2911541|emb|CAA05338.1| (AJ002362) plastocyanin [Nostoc sp. P...    44  5e-04
SEQ gi|6686322|sp|P50057|PLAS_PROHO PLASTOCYANIN PRECURSOR                 44  6e-04
SEQ gi|625848|pir||A44637 plastocyanin - Prochlorothrix hollandica (...    44  7e-04
SEQ gi|1172525|sp|P46444|PLAS_ANASP PLASTOCYANIN PRECURSOR >gi|21265...    44  7e-04
SEQ gi|4929868|pdb|1B3I|A Chain A, Nmr Solution Structure Of Plastoc...    43  9e-04
SEQ 
## SEQUENCE PROFILE AND ENTROPY
 SeqNo PDBNo   V   L   I   M   F   W   Y   G   A   P   S   T   C   H   R   K   Q   E   N   D  NOCC NDEL NINS ENTROPY RELENT WEIGHT
    1    1     0   0   0   0   0   0   0   0   0   0   0   0   0   0   0   0   0   0   0 100     0    0    0   0.000      0  0.00
    2    2     0   0   0   0   0   0   0   0   0   0   0   0   0   0   0 100   0   0   0   0     0    0    0   0.000      0  0.00
    3    3     0   0  33   0   0   0   0   0  67   0   0   0   0   0   0   0   0   0   0   0     0    0    0   0.637     21  0.00
    4    4     0   0   0   0   0   0   0   0   0   0   0 100   0   0   0   0   0   0   0   0     0    0    0   0.000      0  0.00
    5    5    33   0  67   0   0   0   0   0   0   0   0   0   0   0   0   0   0   0   0   0     0    0    0   0.637     21  0.00
    6    6     0   0   0   0   0   0   0   0   0  67   0  33   0   0   0   0   0   0   0   0     0    0    0   0.637     21  0.00
    7    7     0   0   0   0   0   0   0   0   0   0 100   0   0   0   0   0   0   0   0   0     0    0    0   0.000      0  0.00
    8    8    14   0   0   0   0   0   0   0   0   0   0   0   0   0   0   0   0  86   0   0     0    0    0   0.410     13  0.00
    9    9     0   0   0   0   0   0   0   0   0   0  50  30   0   0   0  20   0   0   0   0     0    0    0   1.030     34  0.00
   10   10     0   0   0   0   0   0   0   0   0 100   0   0   0   0   0   0   0   0   0   0     0    0    0   0.000      0  0.00
   11   11    18   0   0   0  45   0   0   0   9   0  27   0   0   0   0   0   0   0   0   0     0    0    0   1.241     41  0.00
   12   12     0   0   0   0   0   0   0   0 100   0   0   0   0   0   0   0   0   0   0   0     0    0    0   0.000      0  0.00
   13   13     6   0   0   0   0   0   0   0  69   0  25   0   0   0   0   0   0   0   0   0     0    0    0   0.777     25  0.00
   14   14     0   0   0   0   0   0   0   6  88   0   0   0   0   0   0   0   6   0   0   0     0    0    0   0.463     15  0.00
   15   15     0   0   0   0   0   0   0   0   6   6   0   0   0   0   0   0   6  56  13  13     0    0    0   1.363     45  0.00
   16   16    40   0   0   0   0   0   0   0  20   0   0  33   0   0   0   0   0   0   0   7     0    0    0   1.235     41  0.00
   17   17     6   0   0   0   6   0  19   0  50  19   0   0   0   0   0   0   0   0   0   0     0    0    0   1.321     44  0.00
   18   18     0   0   0   0   0   0   0   0  31   0   0  38   0   0   0   0   0   0   6  25     0    0    0   1.251     41  0.00
   19   19    44   0   6   0   0   0   0  31   6   0   0   0   0   0   0   0   0   0   0  13     0    0    0   1.332     44  0.00
   20   20     0   0   0   0   0   0   0   0  38   0   6   6   0   0   0  50   0   0   0   0     0    0    0   1.061     35  0.00
   21   21    13  31  31  19   0   0   0   0   0   0   0   6   0   0   0   0   0   0   0   0     0    0    0   1.474     49  0.00
   22   22    38   0   0   0   0   0   0  50   0   0   0   0   0   0   0   0   0  13   0   0     0    0    0   0.974     32  0.00
   23   23    50   0   0   0   0   0   0   0  25   0  25   0   0   0   0   0   0   0   0   0     0    0    0   1.040     34  0.00
   24   24     0   0   0   0   0   0   0   8   0   0   0   4   0   0   0   4   0   0   0  84     0    0    0   0.606     20  0.00
   25   25     0   0  32   0   0   0   0   0   0   0  48   0   0   0   0  12   0   0   8   0     0    0    0   1.173     39  0.00
   26   26     0   0   0   0   0   0   0  68  20   0   0   0   0   0   0   0   0   8   0   4     0    0    0   0.915     30  0.00
   27   27     0  20   0   8   0   0   0   0  40   0   0   0   0   0   0  32   0   0   0   0     0    0    0   1.255     41  0.00
   28   28     0  72   0  28   0   0   0   0   0   0   0   0   0   0   0   0   0   0   0   0     0    0    0   0.593     19  0.00
   29   29    48   0   0   0   0   0   0   0   8   0   0   0   0   0   0  28   8   8   0   0     0    0    0   1.315     43  0.00
   30   30     0   0   0   0  66   0  34   0   0   0   0   0   0   0   0   0   0   0   0   0     0    0    0   0.644     21  0.00
   31   31     7   7   0   0   0   0   0   0   0   0   3   0   0   0   0   0   3  76   0   3     0    0    0   0.927     30  0.00
   32   32     0   0   0   0   0   0   0   0   0  76   0  24   0   0   0   0   0   0   0   0     0    0    0   0.553     18  0.00
   33   33     0   0   0   0   0   0   0   0  31  24  24   0   0   0   0  21   0   0   0   0     0    0    0   1.375     45  0.00
   34   34     0   0   0   0   0   0   0   0  14   0   3  41   0   0   0  10   0  24   7   0     0    0    0   1.517     50  0.00
   35   35    48  45   7   0   0   0   0   0   0   0   0   0   0   0   0   0   0   0   0   0     0    0    0   0.896     29  0.00
   36   36     0   0   0   0   0   0   0   0   0   0  14  59   0  14   3   0   0  10   0   0     0    0    0   1.210     40  0.00
   37   37    21   0  76   0   0   0   0   0   3   0   0   0   0   0   0   0   0   0   0   0     0    0    0   0.652     21  0.00
   38   38     0   0   0   0   0   0   0   0   0   0  14   0   0   7   0  72   7   0   0   0     0    0    0   0.876     29  0.00
   39   39    17   0   0   0   0   0   0   0  59  17   7   0   0   0   0   0   0   0   0   0     0    0    0   1.104     36  0.00
   40   40     0   0   0   0   0   0   0 100   0   0   0   0   0   0   0   0   0   0   0   0     0    0    0   0.000      0  0.00
   41   41     0   0   0   0   0   0   0   0   0   0   3   0   0   0   0   0   0  34   0  62     0    0    0   0.779     26  0.00
   42   42     0   0   0   0   0   0   0   0   3   0  10  72   0   0   0   0   0  14   0   0     0    0    0   0.858     28  0.00
   43   43    97   0   3   0   0   0   0   0   0   0   0   0   0   0   0   0   0   0   0   0     0    0    0   0.150      5  0.00
   44   44     0   0   0   0   0   0   7   0   0   0   3  28   0   0   0  21   7  28   7   0     0    0    0   1.706     56  0.00
   45   45     0   0   0   0  31  69   0   0   0   0   0   0   0   0   0   0   0   0   0   0     0    0    0   0.619     20  0.00
   46   46    66  10  14   0   0   0   0   0   0   0   0  10   0   0   0   0   0   0   0   0     0    0    0   1.020     34  0.00
   47   47     0   0   0  14   0   0   0   0   0   0   0   0   0   0   0   0   0   0  86   0     0    0    0   0.401     13  0.00
   48   48     0   0   0   0   0   0   0   7   0   0   0   3   0   0  14   0   0   0  76   0     0    0    0   0.783     26  0.00
   49   49     0   0   0   0   0   0   0   0  21   0   0   0   0   0   0  52   0  24   0   3     0    0    0   1.126     37  0.00
   50   50    34  28   0   0   0   0   0  21  17   0   0   0   0   0   0   0   0   0   0   0     0    0    0   1.351     45  0.00
   51   51     3   3   0  21  17   0   3  14   7  17  14   0   0   0   0   0   0   0   0   0     0    0    0   2.011     67  0.00
   52   52     0   0   0   0   0   0   0   0   3  97   0   0   0   0   0   0   0   0   0   0     0    0    0   0.150      5  0.00
   53   53     0   0   0   0   0   0   0   0   0   0   0   0   0 100   0   0   0   0   0   0     0    0    0   0.000      0  0.00
   54   54     0   0   0   0   0   0   0   0   0   0   0   3   0   0   0   0   0   0  97   0     0    0    0   0.150      5  0.00
   55   55    57   0  43   0   0   0   0   0   0   0   0   0   0   0   0   0   0   0   0   0     0    0    0   0.683     22  0.00
   56   56    50   8  15   0   0   0   0   0   8   0   0   0   0  19   0   0   0   0   0   0     0    0    0   1.346     44  0.00
   57   57     0   0   0   0 100   0   0   0   0   0   0   0   0   0   0   0   0   0   0   0     0    0    0   0.000      0  0.00
   58   58    29   0   4   0   0   0   0   0  11  14  11   0   0   0   0  11   0   0   0  21     0    0    0   1.803     60  0.00
   59   59     7   0   0   0   0   0   0   0  46  11  11   0   0   0   0  21   0   4   0   0     0    0    0   1.472     49  0.00
   60   60    14   0   0   0   0   0   0  64   0   0   0   0   0   0   0   0   0   7   0  14     0    0    0   1.029     34  0.00
   61   61    43  11   7   0   0   0   0  11   7  18   0   0   0   0   0   0   0   4   0   0     0    0    0   1.645     54  0.00
   62   62    11  14   0   0   0   0   0   4  25   4   7   0   0   0   0   0   7   4  14  11     0    0    0   2.115     70  0.00
   63   63     4   0   0   0   0   0   0  36  29  11   0   0   0   0   0  18   0   0   4   0     0    0    0   1.511     50  0.00
   64   64     0   0   0   0   0   0   0   0   4   0  14   0   0   0   0   0   0  54   0  29     0    0    0   1.089     36  0.00
   65   65     0  24   0   0   0   0   0   3  31   0  14  14   0   0   0   3   0   0   0  10     0    0    0   1.720     57  0.00
   66   66     0   7   7   0   0   0   0   0  62   0  17   3   0   0   0   0   0   0   0   3     0    0    0   1.200     40  0.00
   67   67     7  17   0   0   7   0   0   0  14  14  14   0   0  17   0   0   0   0   3   7     0    0    0   2.095     69  0.00
   68   68     0   0   0   0   0   0   0   0  17   0   3   0   0   7  14  55   0   3   0   0     0    0    0   1.321     44  0.00
   69   69     0  21   0   0   0   0   0  41   0   0   0   0   0   3   0   0  10   3   0  21     0    0    0   1.484     49  0.00
   70   70     0  31   0   0   0   0   0   3   3  17  21   0   0   0   0   0   0  10   0  14     0    0    0   1.732     57  0.00
   71   71     0  21   0  34   0   0  14   0  17   0   0   0   0   0   0   0   0   0  14   0     0    0    0   1.543     51  0.00
   72   72     0  17   3  31  28   0   0   0   0   0   3  14   0   0   0   0   0   0   3   0     0    0    0   1.643     54  0.00
   73   73     0   0   0   0   0   0   0   0  17   3  24   7   0   3   3  28   0   0  14   0     0    0    0   1.807     60  0.00
   74   74     0  14   0   0   0   0   0   0  28  31   3   0   0   0   0  21   0   3   0   0     0    0    0   1.550     51  0.00
   75   75     0   0   0   0   0   0   0  41   7  14   0   0   0   0   7   3   0  14   3  10     0    0    0   1.747     58  0.00
   76   76     0   0  14   0   0   0   0   0   0   0   0   0   0   0   0   3  34  48   0   0     0    0    0   1.108     36  0.00
   77   77     0   0   0   0   0   0   0   0  34   0  45  21   0   0   0   0   0   0   0   0     0    0    0   1.053     35  0.00
   78   78     3   0   0   0  21   0  62   0   3   0   0  10   0   0   0   0   0   0   0   0     0    0    0   1.089     36  0.00
   79   79     0   0   0   0   0   0   0   0   7   0  59  21   0   0   0   0   0  14   0   0     0    0    0   1.097     36  0.00
   80   80    24  17  14   0   0   0   0   0  17   0  17  10   0   0   0   0   0   0   0   0     0    0    0   1.760     58  0.00
   81   81     0   0   0   0   0   0   0   0   0   0   0  76   0   0   0  24   0   0   0   0     0    0    0   0.553     18  0.00
   82   82     0  24   0   0  76   0   0   0   0   0   0   0   0   0   0   0   0   0   0   0     0    0    0   0.553     18  0.00
   83   83     0   0   0   0   0   0   0  14  14   0  14  34   0   0   0   3   0   0  10  10     0    0    0   1.772     59  0.00
   84   84     0   0   0   0   0   0   0   0  14  10   7  28   0   0   0   0   0  41   0   0     0    0    0   1.413     47  0.00
   85   85     0   0   0   0   0   0   0   0  62  38   0   0   0   0   0   0   0   0   0   0     0    0    0   0.664     22  0.00
   86   86     0   0   0   0   0   0   0 100   0   0   0   0   0   0   0   0   0   0   0   0     0    0    0   0.000      0  0.00
   87   87     0   0   0   0   0   0   0   0   3   0   7  66   0   0   0   0   0  21   0   3     0    0    0   1.020     34  0.00
   88   88     3   0   0   0   0   0  97   0   0   0   0   0   0   0   0   0   0   0   0   0     0    0    0   0.150      5  0.00
   89   89     0   0   0   0   0   0   0  17   0   0  17  34   0   0   0   0   0   3   0  28     0    0    0   1.445     48  0.00
   90   90     0   0   0   0  24   0  76   0   0   0   0   0   0   0   0   0   0   0   0   0     0    0    0   0.553     18  0.00
   91   91     0   0   3   0  21   0  62   0   0   0   0   0   0  14   0   0   0   0   0   0     0    0    0   1.011     33  0.00
   92   92     0   0   0   0   0   0   0   0   0   0   0   0 100   0   0   0   0   0   0   0     0    0    0   0.000      0  0.00
   93   93     0   0   0   0   0   0   0   0   7   0   0  38   0   0   3   0   0  52   0   0     0    0    0   1.009     33  0.00
   94   94     0   0   0   0   3   0   0   0   0  97   0   0   0   0   0   0   0   0   0   0     0    0    0   0.150      5  0.00
   95   95     0   0   0   0   0   0   0   0   0   0   0   0   0 100   0   0   0   0   0   0     0    0    0   0.000      0  0.00
   96   96     0   0   0   0   0   0   0   0  72  28   0   0   0   0   0   0   0   0   0   0     0    0    0   0.589     19  0.00
   97   97     0   0   0   0  24   0   0  72   0   0   0   0   0   0   0   0   0   0   3   0     0    0    0   0.693     23  0.00
   98   98     0   0   0 100   0   0   0   0   0   0   0   0   0   0   0   0   0   0   0   0     0    0    0   0.000      0  0.00
   99   99    62   0   0   0   0   0   0   3   0   0   0   0   0   0  24  10   0   0   0   0     0    0    0   0.990     33  0.00
  100  100     0   0   0   0   0   0   0 100   0   0   0   0   0   0   0   0   0   0   0   0     0    0    0   0.000      0  0.00
  101  101     0   0   0   0   0   0   0   0   0   0   0  17   0   3   0  79   0   0   0   0     0    0    0   0.603     20  0.00
  102  102    48   3  48   0   0   0   0   0   0   0   0   0   0   0   0   0   0   0   0   0     0    0    0   0.819     27  0.00
  103  103    41   0  21   0   0   0   0   0   0   0   0  34   0   0   0   0   0   0   0   3     0    0    0   1.174     39  0.00
  104  104   100   0   0   0   0   0   0   0   0   0   0   0   0   0   0   0   0   0   0   0     0    0    0   0.000      0  0.00
  105  105     0   0   0   0   0   0   0   0   0   0   0   0   0   0   0   0  29  63   0   8     0    0    0   0.860     28  0.00
//
