ID Pseudo hssp file.
SEQ 
SEQ gi|732340|sp|P39593|THIM_BACSU HYDROXYETHYLTHIAZOLE KINASE (4-ME...   460  e-129
SEQ gi|10121009|pdb|1ESJ|A Chain A, Crystal Structure Of Thiazole Ki...   455  e-127
SEQ gi|10120992|pdb|1EKK|A Chain A, Crystal Structure Of Hydroxyethy...   455  e-127
SEQ gi|13431928|sp|P57931|THIM_PASMU HYDROXYETHYLTHIAZOLE KINASE (4-...   212  4e-54
SEQ gi|10175972|dbj|BAB07068.1| (AP001518) hydroxyethylthiazole kina...   210  1e-53
SEQ gi|2499012|sp|Q57233|THIM_HAEIN HYDROXYETHYLTHIAZOLE KINASE (4-M...   210  2e-53
SEQ gi|14521296|ref|NP_126771.1| hydroxyethylthiazole kinase [Pyroco...   193  2e-48
SEQ gi|9910886|sp|O58877|THIM_PYRHO HYDROXYETHYLTHIAZOLE KINASE (4-M...   191  7e-48
SEQ gi|9910897|sp|Q9RGS6|THIM_STACA HYDROXYETHYLTHIAZOLE KINASE (4-M...   179  3e-44
SEQ gi|13701887|dbj|BAB43179.1| (AP003136) hydroxyethyl thiazole kin...   169  4e-41
SEQ gi|11499657|ref|NP_070899.1| hydroxyethylthiazole kinase (thiM) ...   163  3e-39
SEQ gi|12516310|gb|AAG57161.1|AE005436_8 (AE005436) hydoxyethylthiaz...   151  8e-36
SEQ gi|13362376|dbj|BAB36330.1| (AP002560) hydoxyethylthiazole kinas...   151  1e-35
SEQ gi|2499010|sp|P76423|THIM_ECOLI HYDROXYETHYLTHIAZOLE KINASE (4-M...   149  4e-35
SEQ gi|9910903|sp|Q9ZKZ9|THIM_HELPJ HYDROXYETHYLTHIAZOLE KINASE (4-M...   144  1e-33
SEQ gi|7427962|pir||E64625 hydroxyethylthiazole kinase (EC 2.7.1.50)...   142  6e-33
SEQ gi|9910882|sp|O25516|THIM_HELPY HYDROXYETHYLTHIAZOLE KINASE (4-M...   142  6e-33
SEQ gi|2499011|sp|P55883|THIM_SALTY HYDROXYETHYLTHIAZOLE KINASE (4-M...   139  4e-32
SEQ gi|730942|sp|P40386|THI4_SCHPO PROBABLE THIAMINE BIOSYNTHETIC BI...   135  8e-31
SEQ gi|9294672|dbj|BAB03021.1| (AP001297) hydoxyethylthiazole kinase...   134  1e-30
SEQ gi|4589384|dbj|BAA76743.1| (D88442) hydoxyethylthiazole kinase [...   132  5e-30
SEQ gi|6683572|dbj|BAA89257.1| (AB024693) OrfG [Leptospira interroga...   127  1e-28
SEQ gi|13486771|dbj|BAB40004.1| (AP003021) putative hydoxyethylthiaz...   115  7e-25
SEQ gi|12724238|gb|AAK05362.1|AE006358_8 (AE006358) hydroxyethylthia...   109  3e-23
SEQ gi|6325042|ref|NP_015110.1| TMP pyrophosphorylase, hydroxyethylt...   106  3e-22
SEQ 
## SEQUENCE PROFILE AND ENTROPY
 SeqNo PDBNo   V   L   I   M   F   W   Y   G   A   P   S   T   C   H   R   K   Q   E   N   D  NOCC NDEL NINS ENTROPY RELENT WEIGHT
    1    1     0  43   0  57   0   0   0   0   0   0   0   0   0   0   0   0   0   0   0   0     0    0    0   0.683     22  0.00
    2    2     0   0   0   0   0   0   0  14   0   0  29   0   0   0   0   0   0   0   0  57     0    0    0   0.956     31  0.00
    3    3     0   0   0   0   0   0   0   0  57   0  43   0   0   0   0   0   0   0   0   0     0    0    0   0.683     22  0.00
    4    4     0   0   0   0   0   0   0   0  43   0   0   0   0   0   0   0  57   0   0   0     0    0    0   0.683     22  0.00
    5    5     0   0   0   0   0   0   0   0   0   0  63   0   0   0   0   0  38   0   0   0     0    0    0   0.662     22  0.00
    6    6     0   0  10   0   0   0   0   0  60   0  30   0   0   0   0   0   0   0   0   0     0    0    0   0.898     29  0.00
    7    7     0   0   0   0   0  10   0   0  80   0   0   0   0   0   0   0  10   0   0   0     0    0    0   0.639     21  0.00
    8    8     0   0   0   0   0   0   0   0   0   0   0   0   0  31   0  38   0  23   8   0     0    0    0   1.266     42  0.00
    9    9     8   8   8   0   0   0   0   0  23   0   0  23  31   0   0   0   0   0   0   0     0    0    0   1.631     54  0.00
   10   10     0  91   9   0   0   0   0   0   0   0   0   0   0   0   0   0   0   0   0   0     0    0    0   0.295      9  0.00
   11   11     0   0   0   0   0   0   0   0   4   0  13  22   0  13   0  22   9   4   9   4     0    0    0   2.029     67  0.00
   12   12     0  13   0   0   0   0   0   0  26   0   0   0   0   4   9  17  13  17   0   0     0    0    0   1.839     61  0.00
   13   13    38  21  25   0  17   0   0   0   0   0   0   0   0   0   0   0   0   0   0   0     0    0    0   1.340     44  0.00
   14   14     0   0   0   0   0   0   0   0   4   0   4   0   0  13  71   4   4   0   0   0     0    0    0   1.034     34  0.00
   15   15     0   0   4   0   0   0   0   0   8   0   4   4   0   0  17   8  29  17   4   4     0    0    0   2.033     67  0.00
   16   16     0   4   0   0   8   0   0   0   0   0   4   0   0  29  13  17  13   8   4   0     0    0    0   1.989     66  0.00
   17   17     0   0   0   0   0   0   0   0   4   0  38   4   0   4  21   8   4   0  17   0     0    0    0   1.730     57  0.00
   18   18     0   0   0   0   0   0   0   0   0 100   0   0   0   0   0   0   0   0   0   0     0    0    0   0.000      0  0.00
   19   19     4  96   0   0   0   0   0   0   0   0   0   0   0   0   0   0   0   0   0   0     0    0    0   0.173      5  0.00
   20   20    71   0  21   0   0   0   0   0   0   0   0   8   0   0   0   0   0   0   0   0     0    0    0   0.778     25  0.00
   21   21     0   4   8   0   0   0   0   0   0   0   0   0   0  79   0   0   8   0   0   0     0    0    0   0.732     24  0.00
   22   22     0   0   0   0   0   0   0   0   0   0  17   0  38  13   0   0   0   0  33   0     0    0    0   1.293     43  0.00
   23   23     4   8  56  24   0   0   8   0   0   0   0   0   0   0   0   0   0   0   0   0     0    0    0   1.200     40  0.00
   24   24     0   0   0   0   0   0   0   0   4   0   0  96   0   0   0   0   0   0   0   0     0    0    0   0.168      5  0.00
   25   25     0   0   0   0   0   0   0   0   0   0   0   0   0   0   0   0   0   0 100   0     0    0    0   0.000      0  0.00
   26   26     8   4   4   0  16   0  16   0   4   0   0   0   0   0   0   4   0   0  16  28     0    0    0   1.953     65  0.00
   27   27   100   0   0   0   0   0   0   0   0   0   0   0   0   0   0   0   0   0   0   0     0    0    0   0.000      0  0.00
   28   28    60   0   0   0   0   0   0   0  24   0   8   4   0   4   0   0   0   0   0   0     0    0    0   1.109     37  0.00
   29   29     0   0   0  20   0   0   0   0  20   4   0  20   0   0   0  12  24   0   0   0     0    0    0   1.691     56  0.00
   30   30     0   0   0   0   0   0   0   0   0   0   0  20   0   0   0   0  16   0  56   8     0    0    0   1.142     38  0.00
   31   31     0   4   4   0  76   0   0   0   0   0   0   8   0   0   4   0   0   0   0   4     0    0    0   0.926     30  0.00
   32   32    20   0   0   0   0   0   0   4   4   0  16  56   0   0   0   0   0   0   0   0     0    0    0   1.197     39  0.00
   33   33     0   0   0   0   0   0   0   0 100   0   0   0   0   0   0   0   0   0   0   0     0    0    0   0.000      0  0.00
   34   34     0   0   0   0   0   0   0   0   0   0   0   0   0   0   0   0   0   0  96   4     0    0    0   0.168      5  0.00
   35   35     8   0   4   0   0   0   0  48  16   0   0  24   0   0   0   0   0   0   0   0     0    0    0   1.319     44  0.00
   36   36     0  84   4   0   0   0   0   0   0   0   0  12   0   0   0   0   0   0   0   0     0    0    0   0.530     17  0.00
   37   37     0  92   4   0   0   0   0   0   0   0   4   0   0   0   0   0   0   0   0   0     0    0    0   0.334     11  0.00
   38   38     0   0   0   0   4   0   0   0  84   0  12   0   0   0   0   0   0   0   0   0     0    0    0   0.530     17  0.00
   39   39     4  68  12   0   0   0   0   0  16   0   0   0   0   0   0   0   0   0   0   0     0    0    0   0.939     31  0.00
   40   40     0   0   0   0   0   0   4  96   0   0   0   0   0   0   0   0   0   0   0   0     0    0    0   0.168      5  0.00
   41   41     4   0   0   0   0   0   0   8  84   0   4   0   0   0   0   0   0   0   0   0     0    0    0   0.606     20  0.00
   42   42     0   0   0   0   0   0   0   0   0   0 100   0   0   0   0   0   0   0   0   0     0    0    0   0.000      0  0.00
   43   43     0   0   0   0   0   0   0   0   0 100   0   0   0   0   0   0   0   0   0   0     0    0    0   0.000      0  0.00
   44   44    28  24   8   0   0   0   0   0  32   0   0   8   0   0   0   0   0   0   0   0     0    0    0   1.468     48  0.00
   45   45     0   0   0 100   0   0   0   0   0   0   0   0   0   0   0   0   0   0   0   0     0    0    0   0.000      0  0.00
   46   46    31   0   0   0   0   0   0   4  27   0  35   4   0   0   0   0   0   0   0   0     0    0    0   1.334     44  0.00
   47   47     0   0  23   0   4   0  19   0  12   0   0   0   0  15   0   0   0  15   0  12     0    0    0   1.855     61  0.00
   48   48     0   0   4   0   0   0   0   0  58   0  12   0   0   0   0   0   0  19   4   4     0    0    0   1.259     42  0.00
   49   49     8   4  15   4   0   0   4   0   0  12   0  15   0   4   0  23   0  12   0   0     0    0    0   2.111     70  0.00
   50   50     8   0   0   0   0   0   0   4   4   0   8   0   0   0   4   0   4  58   0  12     0    0    0   1.462     48  0.00
   51   51     0   0   0   0   0   0   0   0   0   0   0   0   0   0   0   0   0 100   0   0     0    0    0   0.000      0  0.00
   52   52    31   8   8  19   0   0   0   0  31   0   4   0   0   0   0   0   0   0   0   0     0    0    0   1.562     52  0.00
   53   53     0   0   0   0   0   0   0   4  23  12  19   0   0   4  12   0   4  19   0   4     0    0    0   1.972     65  0.00
   54   54     0   0   0   0   0   0   0   0   0   4   0   4   0   0   0   0  15  35   0  42     0    0    0   1.270     42  0.00
   55   55     8  23   0  27  42   0   0   0   0   0   0   0   0   0   0   0   0   0   0   0     0    0    0   1.253     41  0.00
   56   56     8   0   8   0   0   0   8   0  62   8   0   8   0   0   0   0   0   0   0   0     0    0    0   1.285     42  0.00
   57   57     0   0   0   0   0   0   0   4  19  12   4   0   0   0  12  46   0   4   0   0     0    0    0   1.548     51  0.00
   58   58    12  12  65   0   0   0   0   0   4   0   0   0   0   4   4   0   0   0   0   0     0    0    0   1.152     38  0.00
   59   59     0   0   4   0   0   0   0   0  65   8  19   0   4   0   0   0   0   0   0   0     0    0    0   1.043     34  0.00
   60   60     0   0   0   0   0   0   0  23   0   0  23   0   0   4   0   0  12   0  12  27     0    0    0   1.654     55  0.00
   61   61     0   0   0   0   0   0   0   4  88   0   8   0   0   0   0   0   0   0   0   0     0    0    0   0.431     14  0.00
   62   62    19  81   0   0   0   0   0   0   0   0   0   0   0   0   0   0   0   0   0   0     0    0    0   0.490     16  0.00
   63   63    38  42   0   0   0   0   0   0  12   0   0   0   8   0   0   0   0   0   0   0     0    0    0   1.178     39  0.00
   64   64    12  27  62   0   0   0   0   0   0   0   0   0   0   0   0   0   0   0   0   0     0    0    0   0.901     30  0.00
   65   65     0   0   0   0   0   0   0   0   0   0   0   0   0   0   0   0   0   0 100   0     0    0    0   0.000      0  0.00
   66   66    27   0  69   0   0   0   0   0   0   0   0   4   0   0   0   0   0   0   0   0     0    0    0   0.733     24  0.00
   67   67     0   0   0   0   0   0   0 100   0   0   0   0   0   0   0   0   0   0   0   0     0    0    0   0.000      0  0.00
   68   68     0   0   4   0   0   0   0   0   0   0   4  92   0   0   0   0   0   0   0   0     0    0    0   0.325     10  0.00
   69   69     8  88   4   0   0   0   0   0   0   0   0   0   0   0   0   0   0   0   0   0     0    0    0   0.431     14  0.00
   70   70     0   0   4   4   0   0   0   0   4   0  28  36   0   0   0   0   0   0  12  12     0    0    0   1.619     54  0.00
   71   71     0   0   0   0   0   0   0   8  13   4  13   0   0   0   0  21  17  17   0   8     0    0    0   1.990     66  0.00
   72   72     0   0   0   0   0   4   4   8   0  16   4   0   0   4  12  12   4  24   4   4     0    0    0   2.248     75  0.00
   73   73     0   0   4   0   0  15   0   0   8   4  19   4   0   4  19   0   0   4   8  12     0    0    0   2.192     73  0.00
   74   74    19   8  23   0   0   0   4   0  23   0   0   4   0   0  12   0   0   8   0   0     0    0    0   1.888     63  0.00
   75   75     0  12   4   0   0   0   0   0   0  12   0   0   0   4   4   8  23  23   0  12     0    0    0   1.998     66  0.00
   76   76     0   4   0   4   0   0   0   0  50   0  15   8  12   0   0   0   0   0   4   4     0    0    0   1.582     52  0.00
   77   77     4   4   4  69   4   0   4   0  12   0   0   0   0   0   0   0   0   0   0   0     0    0    0   1.130     37  0.00
   78   78     8  12  32   4   0   0   0   0   0   0   0   0   0   0  20  24   0   0   0   0     0    0    0   1.614     53  0.00
   79   79     0   8  24   0   0   0   0   0  32   0   0   4   0   4   0   8   4  16   0   0     0    0    0   1.791     59  0.00
   80   80     0   0   8   0   0   0   0   0  88   0   0   0   0   0   0   0   0   0   4   0     0    0    0   0.443     14  0.00
   81   81    28   0  16   0   0   0   0  28  20   0   0   4   4   0   0   0   0   0   0   0     0    0    0   1.585     52  0.00
   82   82     0   0   0   0   0   0   0   0   0   0   0   0   0   0   4  46  12  35   4   0     0    0    0   1.224     40  0.00
   83   83     4   8  12   0   0   0   0   0  15   0  23  12   0   8   4   0  15   0   0   0     0    0    0   2.058     68  0.00
   84   84     0   0   0   0   0   0  15   0  81   0   0   0   0   0   0   0   0   0   4   0     0    0    0   0.586     19  0.00
   85   85     0   0   0   0   0   0   4   0   4   0   4   0   0   4   0  31   0   0  54   0     0    0    0   1.197     39  0.00
   86   86     0   0   0   0   0   0   0   0  12   0  23   0   0   0   0   4  12  42   0   8     0    0    0   1.523     50  0.00
   87   87    12  23   0   4   0   0   0   0  19   0  15   4   0  15   0   8   0   0   0   0     0    0    0   1.928     64  0.00
   88   88     0   0   0   0   0   0   0  42   4   0   0   0   0   4   4  12  15   4  15   0     0    0    0   1.690     56  0.00
   89   89    19   4  12   0   0   0   0   0   4   0   0  23   0   0  12  27   0   0   0   0     0    0    0   1.758     58  0.00
   90   90     0   0   0   0   0   0   0   0   0 100   0   0   0   0   0   0   0   0   0   0     0    0    0   0.000      0  0.00
   91   91    35   8  27   0   0  31   0   0   0   0   0   0   0   0   0   0   0   0   0   0     0    0    0   1.280     42  0.00
   92   92    50   4  23   0   0   0   0   0   0   0   0  23   0   0   0   0   0   0   0   0     0    0    0   1.149     38  0.00
   93   93     0  88   0   0  12   0   0   0   0   0   0   0   0   0   0   0   0   0   0   0     0    0    0   0.358     11  0.00
   94   94     0   0   0   0   0   0   0   0   0   0   0   0   0   0   0   0   0   0   0 100     0    0    0   0.000      0  0.00
   95   95     0   0   0   0   0   0   0   0   0 100   0   0   0   0   0   0   0   0   0   0     0    0    0   0.000      0  0.00
   96   96    96   0   0   0   0   0   0   0   4   0   0   0   0   0   0   0   0   0   0   0     0    0    0   0.163      5  0.00
   97   97     0   0   0   0   0   0   0  54  46   0   0   0   0   0   0   0   0   0   0   0     0    0    0   0.690     23  0.00
   98   98    50   0   0   0   0   0   4   0  31   0   4   0  12   0   0   0   0   0   0   0     0    0    0   1.209     40  0.00
   99   99     0   0   0   0   0   0   0  73   4   0  19   0   0   0   0   0   0   0   4   0     0    0    0   0.797     26  0.00
  100  100     0   0   0   0   0   0   0   0  96   0   0   0   4   0   0   0   0   0   0   0     0    0    0   0.168      5  0.00
  101  101     4  23   0   0   0   0   0   0   0   0  27  46   0   0   0   0   0   0   0   0     0    0    0   1.174     39  0.00
  102  102     4   0   0   0   0   0   0   8  12  19   4  12   0   0   0  15   0  12   0  15     0    0    0   2.088     69  0.00
  103  103     0  19   0   0  46   0  27   0   4   0   0   4   0   0   0   0   0   0   0   0     0    0    0   1.278     42  0.00
  104  104     0   0   0   0   0   0   0   0   0   0   0   0   0   0 100   0   0   0   0   0     0    0    0   0.000      0  0.00
  105  105     0   8   0   4   0   0   4   0   4   0   4  35   0   8  23  12   0   0   0   0     0    0    0   1.851     61  0.00
  106  106     0   0   0   0   0   0   0   0   0   0   4   0   4  15   8  12   8  31   4  15     0    0    0   1.958     65  0.00
  107  107    12   8   0   0  31   0   0   0   8   0  19  23   0   0   0   0   0   0   0   0     0    0    0   1.662     55  0.00
  108  108     8   0   8   0   0   0   0   0  27   0  15   0  38   0   0   0   0   0   4   0     0    0    0   1.529     51  0.00
  109  109     0  35   0   0   0   0   0   0   4   0   0   0   0  15  19  19   0   0   8   0     0    0    0   1.612     53  0.00
  110  110     0   4   0   0   0   0   4   0   0   0   8   8   0   0  12   0   0  46   0  19     0    0    0   1.568     52  0.00
  111  111     4  65  27   0   4   0   0   0   0   0   0   0   0   0   0   0   0   0   0   0     0    0    0   0.882     29  0.00
  112  112     0  73  19   4   0   0   0   0   4   0   0   0   0   0   0   0   0   0   0   0     0    0    0   0.797     26  0.00
  113  113     0   0   0   0   0   0   0   0   6   0   6   6   0   0  24  35   6  12   6   0     0    0    0   1.793     59  0.00
  114  114     0   0   0   0   0   0   8   0   4   0  35   0   0   0   4   4   0  38   4   4     0    0    0   1.559     52  0.00
  115  115    33  13   4   0  21   0   0  13   8   0   0   0   0   0   4   4   0   0   0   0     0    0    0   1.817     60  0.00
  116  116     0   0   0   0   0   0   4  23   0   0   0   0   0   0  23  42   4   0   0   4     0    0    0   1.417     47  0.00
  117  117    19  15  12   0  15   0   4   0   0  35   0   0   0   0   0   0   0   0   0   0     0    0    0   1.635     54  0.00
  118  118     0   0   0   0   0   0   0   0  50   0  15  19   0   0   0   0   0   0   0  15     0    0    0   1.240     41  0.00
  119  119    31   4  12   0   0   0   0   0  46   0   0   4   4   0   0   0   0   0   0   0     0    0    0   1.345     44  0.00
  120  120     8  19  73   0   0   0   0   0   0   0   0   0   0   0   0   0   0   0   0   0     0    0    0   0.744     24  0.00
  121  121     0   0   0   0   0   0   0   0   0   0   0   0   0   0  69  31   0   0   0   0     0    0    0   0.617     20  0.00
  122  122     0   0   0   0   0   0   0 100   0   0   0   0   0   0   0   0   0   0   0   0     0    0    0   0.000      0  0.00
  123  123     0   0   0   0   0   0   0   0   0   0   0   0   0   0   0   0   0   0 100   0     0    0    0   0.000      0  0.00
  124  124     0   0   0   0   8   0   0   8  69   0   4   0   4   0   0   0   4   4   0   0     0    0    0   1.150     38  0.00
  125  125     0   0   0   0   0   0   0  27  31   0  42   0   0   0   0   0   0   0   0   0     0    0    0   1.080     36  0.00
  126  126     0   0   0   0   0   0   0   0   0   0   0   0   0   0   0   0   0 100   0   0     0    0    0   0.000      0  0.00
  127  127     0  19  81   0   0   0   0   0   0   0   0   0   0   0   0   0   0   0   0   0     0    0    0   0.490     16  0.00
  128  128     0  23   4  19   0   0   0  12  35   0   8   0   0   0   0   0   0   0   0   0     0    0    0   1.594     53  0.00
  129  129     0   0   0   0   0   4   0   0  50   0  25   0   0  17   0   0   0   0   4   0     0    0    0   1.257     41  0.00
  130  130     0  65   4   0   4   0   0   0   4   0   4  19   0   0   0   0   0   0   0   0     0    0    0   1.096     36  0.00
  131  131    27  15  12   0   0   0   0   0  35   0  12   0   0   0   0   0   0   0   0   0     0    0    0   1.507     50  0.00
  132  132     0   0   0   0   0   0   0  65   4   0  12   0   0   0   4   4   0   0   0  12     0    0    0   1.152     38  0.00
  133  133    29   5  24   5   0   0   0   0   5   0   5   0   0   0   0   0   0  14   0  14     0    0    0   1.836     61  0.00
  134  134     4   0   0   0   4   0   0   0  19   0  19  31   0   0   0   8   4   8   4   0     0    0    0   1.893     63  0.00
  135  135     0   0   0   0   0   0   0   5  14   0   0   5   0   0   5   0   5  14  29  24     0    0    0   1.836     61  0.00
  136  136     0   4   0   0   0  26   0  43   0   0   4   4  13   4   0   0   0   0   0   0     0    0    0   1.524     50  0.00
  137  137     4  23   0   0   0   0   0  23   0   0   0  15   0   0   0  12  12  12   0   0     0    0    0   1.838     61  0.00
  138  138     9   0  18  18   5   0   0   9   9   0  14  14   0   0   0   0   0   0   5   0     0    0    0   2.098     70  0.00
  139  139     0   0   0   0   0   0   0   0   0   0   0   0   0   0  35  65   0   0   0   0     0    0    0   0.645     21  0.00
  140  140     0   0   0   0   0   0   0 100   0   0   0   0   0   0   0   0   0   0   0   0     0    0    0   0.000      0  0.00
  141  141    69  12   4   0   0   0   0   0   8   0   0   8   0   0   0   0   0   0   0   0     0    0    0   1.024     34  0.00
  142  142     0   0   0   0   0   0   0   0   0   0   0   0   0   0   0   0   0   0   0 100     0    0    0   0.000      0  0.00
  143  143     0   0   0   0   0   0   0   0  28   0  52  20   0   0   0   0   0   0   0   0     0    0    0   1.018     33  0.00
  144  144     0   8   4   0   0   0   0  28   4   0  12  28   0   0   0   8   0   0   8   0     0    0    0   1.831     61  0.00
  145  145     0   0   0   0   0   0   0   0   8   0  15   0   0  12   0   0   4  31   0  31     0    0    0   1.585     52  0.00
  146  146     0   4   4   0   0   0   4  32  32   0   8   0   0   0   0   0   4   8   0   4     0    0    0   1.777     59  0.00
  147  147     0   0   0   0   0   0   0  15  35   0  12   0   0   4   0   4   0  12  12   8     0    0    0   1.851     61  0.00
  148  148    12  15   0   0   0   0   0  19  15   0   8  23   0   0   0   0   0   8   0   0     0    0    0   1.875     62  0.00
  149  149     0   4   0   0   0   0   0   0   4   4   0   0   0   0   0   0   0  19  19  50     0    0    0   1.357     45  0.00
  150  150     8   8  29   0   0   0   0   0  46   4   0   0   0   0   0   4   0   0   0   0     0    0    0   1.396     46  0.00
  151  151    20  12  48   0   0   0   0   0  12   0   0   0   0   0   0   8   0   0   0   0     0    0    0   1.385     46  0.00
  152  152     0   0   0   0   0   0   0   0   8  24   0   0   0   0  24  16   8  16   0   4     0    0    0   1.804     60  0.00
  153  153     4  40  20   0   0   0   0   0  28   0   0   0   0   4   0   0   0   0   0   4     0    0    0   1.431     47  0.00
  154  154     4   0   0   0   0   0   0   0  83   0   0  13   0   0   0   0   0   0   0   0     0    0    0   0.560     18  0.00
  155  155     0   4   0   4   0   0   0   0   0   0   0   0   0   8   4  25  46   8   0   0     0    0    0   1.516     50  0.00
  156  156     4   0   8   4   0   0   0   0   8   0   8  17   0   4   8  13  17   4   4   0     0    0    0   2.348     78  0.00
  157  157    15  35   0   0   0   0   0   0  50   0   0   0   0   0   0   0   0   0   0   0     0    0    0   1.002     33  0.00
  158  158     0   0   0   0   0   0   8   0  92   0   0   0   0   0   0   0   0   0   0   0     0    0    0   0.271      9  0.00
  159  159     4   0   0   4   4   0   0   0   4   0   0   0   0   0  31  12  35   4   4   0     0    0    0   1.731     57  0.00
  160  160     4   0   4   0   0   0   0   0   0   0   8   4   0   0   4  38   8  31   0   0     0    0    0   1.626     54  0.00
  161  161     0  19   4   0  12   0  31   0   0   0   4  27   0   0   4   0   0   0   0   0     0    0    0   1.658     55  0.00
  162  162     0   0   0   0   0   0   0  38   0   0  12   0   0   0   8   4   8   0  27   4     0    0    0   1.615     53  0.00
  163  163    12   4   0   0   0   0   0   0  31   0   4  35  15   0   0   0   0   0   0   0     0    0    0   1.518     50  0.00
  164  164    42   0  35   0   0   0   0   0  12   0   0  12   0   0   0   0   0   0   0   0     0    0    0   1.229     41  0.00
  165  165    46   0  35   0   0   0   0   0  19   0   0   0   0   0   0   0   0   0   0   0     0    0    0   1.041     34  0.00
  166  166    46   4   8   4   0   0   0   0  38   0   0   0   0   0   0   0   0   0   0   0     0    0    0   1.172     39  0.00
  167  167    38   4  31  15   0   0   0   0   4   0   0   0   4   0   0   0   4   0   0   0     0    0    0   1.519     50  0.00
  168  168     0   0   0   0   0   0   0   0   0   0  23  77   0   0   0   0   0   0   0   0     0    0    0   0.540     18  0.00
  169  169     0   0   0   0   0   0   0 100   0   0   0   0   0   0   0   0   0   0   0   0     0    0    0   0.000      0  0.00
  170  170     0   0   0   0   0   0   0   0  27   0   0   0   0   0   0  23   0  50   0   0     0    0    0   1.038     34  0.00
  171  171    54   0   8   8   4   0   0   0   0   0   0  19   0   0   0   0   0   8   0   0     0    0    0   1.368     45  0.00
  172  172     0   0   0   0   0   0   0   0   0   0   0   0   0   0   0   0   0   0   0 100     0    0    0   0.000      0  0.00
  173  173    35   4   8   0   0   0  50   0   0   0   0   0   4   0   0   0   0   0   0   0     0    0    0   1.162     38  0.00
  174  174    62   4  35   0   0   0   0   0   0   0   0   0   0   0   0   0   0   0   0   0     0    0    0   0.791     26  0.00
  175  175     8   0   0   0   0   0   0   0  19   0  38  35   0   0   0   0   0   0   0   0     0    0    0   1.249     41  0.00
  176  176     0   0   0   0   0   0   0   0   0   0   0   0   0   0   0   0   8   0  12  81     0    0    0   0.619     20  0.00
  177  177     0   0   0   0   0   0   0  77   0   0   0  15   0   0   0   0   0   0   0   8     0    0    0   0.687     22  0.00
  178  178     0   0   0   0   4   0   0   4   0   0  15  12   0  15   8  19   4   8  12   0     0    0    0   2.162     72  0.00
  179  179     0   0   0   0   4   0   0   4   0   0   8   0   0  19  27  23   8   8   0   0     0    0    0   1.851     61  0.00
  180  180    46   0   8   0   0   0   0   0  12   0   0  23   0   4   0   0   0   8   0   0     0    0    0   1.464     48  0.00
  181  181    19  19  19   0   8   0  27   0   8   0   0   0   0   0   0   0   0   0   0   0     0    0    0   1.699     56  0.00
  182  182    12   0   0   0   4   0   0  23   8   0  19  19   4   0   0   8   4   0   0   0     0    0    0   1.992     66  0.00
  183  183    19  27  46   4   0   0   0   4   0   0   0   0   0   0   0   0   0   0   0   0     0    0    0   1.278     42  0.00
  184  184     0   0   0   0   0   0  12   0   4   4  15  12   0  42   4   4   0   4   0   0     0    0    0   1.777     59  0.00
  185  185     0   0   0   0   0   0   0  35   0   0   4   4   0   0   0   0   0   0  58   0     0    0    0   0.935     31  0.00
  186  186     0   0   0   0   0   0   0  96   0   0   0   0   0   0   0   0   0   0   0   4     0    0    0   0.163      5  0.00
  187  187     4   0   0   0   0   0   0   0   0   0  23  19   0  27   0   0   0   0   4  23     0    0    0   1.598     53  0.00
  188  188     0   0   0   0   0   0   0   0   4  42   4   0   0   4   0  23   0  23   0   0     0    0    0   1.417     47  0.00
  189  189     0  62   4  12   4   4  12   4   0   0   0   0   0   0   0   0   0   0   0   0     0    0    0   1.298     43  0.00
  190  190     0  54   4  31  12   0   0   0   0   0   0   0   0   0   0   0   0   0   0   0     0    0    0   1.070     35  0.00
  191  191     0   0   0   0   0   0   0  12  19   8   0  46   0   0   0   4   8   4   0   0     0    0    0   1.568     52  0.00
  192  192     0   8   4   0   0   0   0   0   4   0   0   0   0   0  19  54   8   0   0   4     0    0    0   1.421     47  0.00
  193  193    54   0  42   0   0   0   0   0   0   0   0   0   0   0   0   0   0   0   4   0     0    0    0   0.823     27  0.00
  194  194    27   0   0   0   0   0   0   0   0   0   0  73   0   0   0   0   0   0   0   0     0    0    0   0.582     19  0.00
  195  195     0   0   0   0   0   0   0  73  27   0   0   0   0   0   0   0   0   0   0   0     0    0    0   0.582     19  0.00
  196  196     4   0   0   0   0   0   0   0  35   0  19  38   4   0   0   0   0   0   0   0     0    0    0   1.302     43  0.00
  197  197     0   0   0   0   0   0   0 100   0   0   0   0   0   0   0   0   0   0   0   0     0    0    0   0.000      0  0.00
  198  198     0   0   0   0   0   0   0   0   0   0   4   0  92   0   0   0   0   0   0   4     0    0    0   0.334     11  0.00
  199  199     0  46   4  12   0   0   0   0  23   0  15   0   0   0   0   0   0   0   0   0     0    0    0   1.358     45  0.00
  200  200     8  73   0   0   0   0   0   0   4   0   4   0   0  12   0   0   0   0   0   0     0    0    0   0.926     30  0.00
  201  201     0   0   0   0   0   0   0  28  20   0  28  24   0   0   0   0   0   0   0   0     0    0    0   1.377     45  0.00
  202  202     0   0   0   0   0   0   0  12  60   0  28   0   0   0   0   0   0   0   0   0     0    0    0   0.917     30  0.00
  203  203    62  12  12   0   0   0   0   0  12   0   0   4   0   0   0   0   0   0   0   0     0    0    0   1.172     39  0.00
  204  204    46   0  23   4   0   0   0   0   0   0   0   8  19   0   0   0   0   0   0   0     0    0    0   1.335     44  0.00
  205  205     4   0   0   0   0   0   0  38  58   0   0   0   0   0   0   0   0   0   0   0     0    0    0   0.810     27  0.00
  206  206     4   0   0   0   0   0   0   4  65   0  23   4   0   0   0   0   0   0   0   0     0    0    0   0.992     33  0.00
  207  207     0   0   0   0  77   0   0   0   0   0   4   4  15   0   0   0   0   0   0   0     0    0    0   0.740     24  0.00
  208  208     8  38   4   4   0   0   0   0  12   0   0   0  35   0   0   0   0   0   0   0     0    0    0   1.432     47  0.00
  209  209     0   0   0   0   8   0   0   8  65   0  19   0   0   0   0   0   0   0   0   0     0    0    0   0.989     33  0.00
  210  210    46  35   8   0   0   0   0   4   0   0   0   0   0   0   8   0   0   0   0   0     0    0    0   1.244     41  0.00
  211  211     4   4   0   0   0   0   0   0   4  19   8   8   4   0   0  15   8  19   4   4     0    0    0   2.266     75  0.00
  212  212     0   0   0   0   0   0   0  19   0   0   4  12   0   0   0  19   4  35   0   8     0    0    0   1.698     56  0.00
  213  213     0   0   0   0   0   0   0   4   4   0   8   0   0   4   0   0   4   8  21  46     0    0    0   1.628     54  0.00
  214  214     0   4   0   8   4   0   4   0   4  50   0   8   0   0   4   8   0   0   4   4     0    0    0   1.816     60  0.00
  215  215     4  69   8   4  12   0   4   0   0   0   0   0   0   0   0   0   0   0   0   0     0    0    0   1.077     35  0.00
  216  216     0  15   0   0  23   0   0   0   4   0   0   0   0   0   8   8   0  23   0  19     0    0    0   1.802     60  0.00
  217  217     0   0   0   0   0   0   0   0  58   0  15   4   0   0   0   0   0   4  19   0     0    0    0   1.173     39  0.00
  218  218    27   8   0  15   0   0   0   0  35   0   4  12   0   0   0   0   0   0   0   0     0    0    0   1.580     52  0.00
  219  219    12  12  35   0   0   0   4   0  35   0   0   4   0   0   0   0   0   0   0   0     0    0    0   1.483     49  0.00
  220  220     0   0   0   0   0   0   0   8  15   0  31   8   4   0   0   0  12  23   0   0     0    0    0   1.758     58  0.00
  221  221     0  12   0   0   0   0   0   8  77   0   4   0   0   0   0   0   0   0   0   0     0    0    0   0.774     25  0.00
  222  222    12  19  15   4   0   0   0   0   0   0   4   8  38   0   0   0   0   0   0   0     0    0    0   1.670     55  0.00
  223  223    15   8   0   0   0   0   0   0  27   0  23   4   4  15   0   0   0   4   0   0     0    0    0   1.841     61  0.00
  224  224    23  15   0   0   8  19   0   0  12   0  15   4   4   0   0   0   0   0   0   0     0    0    0   1.928     64  0.00
  225  225     0   0   0  19  27   0  54   0   0   0   0   0   0   0   0   0   0   0   0   0     0    0    0   1.004     33  0.00
  226  226     0   0   0   0   0   0   0  38   8   0   0   4   0   0   0  35   0   0  15   0     0    0    0   1.345     44  0.00
  227  227    23   8  35   0   0   0   0   0   0   0   4   0   0   0   0   0  27   4   0   0     0    0    0   1.507     50  0.00
  228  228     0   0   0   0   0   0   0   0  96   0   4   0   0   0   0   0   0   0   0   0     0    0    0   0.163      5  0.00
  229  229     0   0   0   0   0   0   0  50  46   0   4   0   0   0   0   0   0   0   0   0     0    0    0   0.829     27  0.00
  230  230     4   0   0   0   8   0   0   0   0   0   0   4   0   0   0   4  20  60   0   0     0    0    0   1.217     40  0.00
  231  231     4  35   4   0   4   0   0   0   4   0   0   0   4   0  23  15   0   0   8   0     0    0    0   1.817     60  0.00
  232  232     0   0   0   0   0   0   0   8  85   0   8   0   0   0   0   0   0   0   0   0     0    0    0   0.536     17  0.00
  233  233    20   0   0   4   0   0  12   0  44   0   4   4   0   0   0   0   8   4   0   0     0    0    0   1.655     55  0.00
  234  234     0   0   0   0   0   0   0   0  17   0   0   0   0   0   0  13  33  38   0   0     0    0    0   1.293     43  0.00
  235  235     0   4   4   0   0   0   0   8   4   0   4   0   0   0  20  16  20  16   4   0     0    0    0   2.076     69  0.00
  236  236    12   8   0   0   0   0   0   4  12   0  31  23   0   0   0   8   0   4   0   0     0    0    0   1.845     61  0.00
  237  237     0  11   0   6   0   0   0   0  33   0   6   6   0   0   6  11   0   6  11   6     0    0    0   2.062     68  0.00
  238  238     0   0   0   0   0   0   0   0  13   0  13  13  13   0   0   0   0  13  13  25     0    0    0   1.906     63  0.00
  239  239     0   4   0   0   0   0   0   8   0   0   0   4   0   0   0  40  12  20  12   0     0    0    0   1.657     55  0.00
  240  240     0   0   0   0   0   0   8  75   0   0  13   0   0   0   0   0   4   0   0   0     0    0    0   0.815     27  0.00
  241  241     4   0   0   0   0   0   4   0   0  65   8   4   0   4   0   0   0   0  12   0     0    0    0   1.226     40  0.00
  242  242     0   0   0   0   0   0   0  88  12   0   0   0   0   0   0   0   0   0   0   0     0    0    0   0.358     11  0.00
  243  243     0   0   0   0   0   0   0   0   0   0  77  12   0   0   0   0   8   0   4   0     0    0    0   0.774     25  0.00
  244  244     0   8   0   0  92   0   0   0   0   0   0   0   0   0   0   0   0   0   0   0     0    0    0   0.271      9  0.00
  245  245    16  16   8   0   0   0   4   0   4   0   4   0   0  12  12   0  24   0   0   0     0    0    0   2.026     67  0.00
  246  246    19   0  19   8  12   0   0   0   0  27   4   8   0   0   0   0   0   0   4   0     0    0    0   1.882     62  0.00
  247  247     0   4   4   0   0   0  12   4   8   0   0   0   0  23   8   8   4  19   8   0     0    0    0   2.195     73  0.00
  248  248     0  50   0   0  50   0   0   0   0   0   0   0   0   0   0   0   0   0   0   0     0    0    0   0.693     23  0.00
  249  249     4  69  19   0   0   0   8   0   0   0   0   0   0   0   0   0   0   0   0   0     0    0    0   0.894     29  0.00
  250  250     0   0   0   0   0   0   0   0   0   0   0   0   0   0   0   0   0   0  19  81     0    0    0   0.490     16  0.00
  251  251     0   0   0   0   0   8   0   0  42   0   0   4   4   0   0  23  12   8   0   0     0    0    0   1.597     53  0.00
  252  252     0  92   8   0   0   0   0   0   0   0   0   0   0   0   0   0   0   0   0   0     0    0    0   0.271      9  0.00
  253  253     0   0   0   0   0  16  32   4   8   0  32   0   0   4   0   0   0   0   4   0     0    0    0   1.611     53  0.00
  254  254     0  16   0   0   0   0   0   4   4   0   0  16   4   8  16   4  28   0   0   0     0    0    0   1.953     65  0.00
  255  255    16  52  16   0   0   0   0   0   4  12   0   0   0   0   0   0   0   0   0   0     0    0    0   1.310     43  0.00
  256  256     0   0  16   0   4   0   0   0   0   0  12  44   0   0   0   0   0   0   8  16     0    0    0   1.533     51  0.00
  257  257     4   0   0   0   0   0   0   4   4   8   4   4   0   4   0   0  20  40   4   4     0    0    0   1.921     64  0.00
  258  258     0   0   0   0   0   0   0   0   0   0   0   9   0   0   0   0  23  59   5   5     0    0    0   1.147     38  0.00
  259  259    13   0   0   0   0   0   0   0   6   0   0  38   0   0   0   6   0   0   6  31     0    0    0   1.511     50  0.00
  260  260    56   0  31   0   0   0   6   0   0   0   0   0   0   0   0   6   0   0   0   0     0    0    0   1.034     34  0.00
  261  261     0   7   7   0   0   0   0   0   7   7   0   0   0   0  14  14  36   0   7   0     0    0    0   1.866     62  0.00
  262  262     0   0   0   0   0   0   0   0   0   0   0   8   0   0   0  15  23  54   0   0     0    0    0   1.157     38  0.00
  263  263     0   0   0   0   0  33  25   0   0   0   0   0   0   8  25   0   0   0   8   0     0    0    0   1.474     49  0.00
  264  264     8   8   8   0   0   0   0   8  58   0   0   0   8   0   0   0   0   0   0   0     0    0    0   1.350     45  0.00
  265  265     0   0   0   0   0   0   0   0   0   0   0  33   0   0  25  17   0   0  25   0     0    0    0   1.358     45  0.00
  266  266    25  17  50   0   8   0   0   0   0   0   0   0   0   0   0   0   0   0   0   0     0    0    0   1.199     40  0.00
  267  267     0   0   0   0   0   0   0   0   0   0   0   9   0   0  18   0   9  64   0   0     0    0    0   1.034     34  0.00
  268  268     0   0   0   0   0   0   0   0   0   0   0   0   0   0  64   0   0  36   0   0     0    0    0   0.655     21  0.00
  269  269    90  10   0   0   0   0   0   0   0   0   0   0   0   0   0   0   0   0   0   0     0    0    0   0.325     10  0.00
  270  270     0   0   0   0   0   0   0  20   0   0   0  80   0   0   0   0   0   0   0   0     0    0    0   0.500     16  0.00
  271  271   100   0   0   0   0   0   0   0   0   0   0   0   0   0   0   0   0   0   0   0     0    0    0   0.000      0  0.00
  272  272     0   0   0   0   0   0   0   0   0   0 100   0   0   0   0   0   0   0   0   0     0    0    0   0.000      0  0.00
//
