ID Pseudo hssp file.
SEQ 
SEQ gi|7546416|pdb|1C75|A Chain A, 0.97 A "ab Initio" Crystal Struct...    88  2e-17
SEQ gi|14270253|emb|CAC39450.1| (AJ318066) cytochrome c553 [Sporosar...    86  7e-17
SEQ gi|9910658|sp|P82599|C553_BACPA CYTOCHROME C-553 (C553)                85  1e-16
SEQ gi|10173994|dbj|BAB05097.1| (AP001511) cytochrome c551 [Bacillus...    53  5e-07
SEQ gi|2493978|sp|Q56247|C551_BACP3 CYTOCHROME C-551 PRECURSOR (C551...    51  2e-06
SEQ gi|7430486|pir||C69597 cytochrome c551 cccB - Bacillus subtilis ...    51  2e-06
SEQ 
## SEQUENCE PROFILE AND ENTROPY
 SeqNo PDBNo   V   L   I   M   F   W   Y   G   A   P   S   T   C   H   R   K   Q   E   N   D  NOCC NDEL NINS ENTROPY RELENT WEIGHT
    1    1   100   0   0   0   0   0   0   0   0   0   0   0   0   0   0   0   0   0   0   0     0    0    0   0.000      0  0.00
    2    2     0   0   0   0   0   0   0   0   0   0   0   0   0   0   0   0   0  20   0  80     0    0    0   0.500     16  0.00
    3    3     0   0   0   0   0   0   0  17  83   0   0   0   0   0   0   0   0   0   0   0     0    0    0   0.451     15  0.00
    4    4     0   0   0   0   0   0   0   0   0   0   0   0   0   0   0   0   0 100   0   0     0    0    0   0.000      0  0.00
    5    5     0   0   0   0   0   0   0   0  57   0   0   0   0   0   0   0  29  14   0   0     0    0    0   0.956     31  0.00
    6    6    57  14  29   0   0   0   0   0   0   0   0   0   0   0   0   0   0   0   0   0     0    0    0   0.956     31  0.00
    7    7    71   0   0   0  14   0  14   0   0   0   0   0   0   0   0   0   0   0   0   0     0    0    0   0.796     26  0.00
    8    8     0   0   0   0   0   0   0   0   0   0   0   0   0   0   0  14  71   0  14   0     0    0    0   0.796     26  0.00
    9    9     0   0   0   0   0   0   0   0   0   0   0   0   0   0   0   0 100   0   0   0     0    0    0   0.000      0  0.00
   10   10     0   0   0   0   0   0   0   0   0   0  29   0   0   0   0  57   0   0  14   0     0    0    0   0.956     31  0.00
   11   11     0   0   0   0   0   0   0   0   0   0   0   0 100   0   0   0   0   0   0   0     0    0    0   0.000      0  0.00
   12   12    14   0  71   0   0   0   0   0  14   0   0   0   0   0   0   0   0   0   0   0     0    0    0   0.796     26  0.00
   13   13     0   0   0   0   0   0   0  29   0   0  71   0   0   0   0   0   0   0   0   0     0    0    0   0.598     19  0.00
   14   14     0   0   0   0   0   0   0   0   0   0   0   0 100   0   0   0   0   0   0   0     0    0    0   0.000      0  0.00
   15   15     0   0   0   0   0   0   0   0   0   0   0   0   0 100   0   0   0   0   0   0     0    0    0   0.000      0  0.00
   16   16     0   0   0   0   0   0   0 100   0   0   0   0   0   0   0   0   0   0   0   0     0    0    0   0.000      0  0.00
   17   17     0   0   0   0   0   0   0  71   0   0   0   0   0   0   0  14  14   0   0   0     0    0    0   0.796     26  0.00
   18   18     0   0   0   0   0   0   0   0   0   0   0   0   0   0   0   0   0   0   0 100     0    0    0   0.000      0  0.00
   19   19     0 100   0   0   0   0   0   0   0   0   0   0   0   0   0   0   0   0   0   0     0    0    0   0.000      0  0.00
   20   20     0   0   0   0   0   0   0   0   0   0  29  57   0   0   0   0   0  14   0   0     0    0    0   0.956     31  0.00
   21   21     0   0   0   0   0   0   0 100   0   0   0   0   0   0   0   0   0   0   0   0     0    0    0   0.000      0  0.00
   22   22    14   0   0   0   0   0   0  29  57   0   0   0   0   0   0   0   0   0   0   0     0    0    0   0.956     31  0.00
   23   23    14   0   0   0   0   0   0   0  14   0  71   0   0   0   0   0   0   0   0   0     0    0    0   0.796     26  0.00
   24   24     0   0   0   0   0   0   0  43  57   0   0   0   0   0   0   0   0   0   0   0     0    0    0   0.683     22  0.00
   25   25     0   0   0   0   0   0   0   0   0 100   0   0   0   0   0   0   0   0   0   0     0    0    0   0.000      0  0.00
   26   26     0   0   0   0   0   0   0   0  71   0   0   0   0   0   0   0   0   0  29   0     0    0    0   0.598     19  0.00
   27   27     0  43  57   0   0   0   0   0   0   0   0   0   0   0   0   0   0   0   0   0     0    0    0   0.683     22  0.00
   28   28     0   0   0   0   0   0   0   0   0   0   0  14   0   0   0   0  29   0   0  57     0    0    0   0.956     31  0.00
   29   29     0   0   0   0   0   0   0  14   0   0   0   0   0   0   0  71   0  14   0   0     0    0    0   0.796     26  0.00
   30   30    29  14   0   0   0   0   0   0  57   0   0   0   0   0   0   0   0   0   0   0     0    0    0   0.956     31  0.00
   31   31     0   0   0   0   0   0   0  86   0   0   0   0   0   0   0   0   0  14   0   0     0    0    0   0.410     13  0.00
   32   32     0   0   0   0   0   0   0  29  57   0  14   0   0   0   0   0   0   0   0   0     0    0    0   0.956     31  0.00
   33   33     0   0   0   0   0   0   0   0   0   0   0   0   0   0   0  43   0   0  57   0     0    0    0   0.683     22  0.00
   34   34     0   0   0   0   0   0 100   0   0   0   0   0   0   0   0   0   0   0   0   0     0    0    0   0.000      0  0.00
   35   35     0   0   0   0   0   0   0   0   0   0  86   0   0   0   0   0   0   0   0  14     0    0    0   0.410     13  0.00
   36   36     0   0   0   0   0   0   0   0  14   0   0   0   0   0   0  14   0  71   0   0     0    0    0   0.796     26  0.00
   37   37     0   0   0   0   0   0   0   0   0   0   0   0   0  14   0   0   0  71   0  14     0    0    0   0.796     26  0.00
   38   38     0   0   0   0   0   0   0   0   0   0   0   0   0   0   0  14   0  86   0   0     0    0    0   0.410     13  0.00
   39   39     0   0 100   0   0   0   0   0   0   0   0   0   0   0   0   0   0   0   0   0     0    0    0   0.000      0  0.00
   40   40     0  57   0   0   0   0   0   0  14   0   0   0   0   0   0  14   0  14   0   0     0    0    0   1.154     38  0.00
   41   41     0   0   0   0   0   0   0   0   0   0  14   0   0   0   0   0   0   0  14  71     0    0    0   0.796     26  0.00
   42   42     0   0 100   0   0   0   0   0   0   0   0   0   0   0   0   0   0   0   0   0     0    0    0   0.000      0  0.00
   43   43    14   0  86   0   0   0   0   0   0   0   0   0   0   0   0   0   0   0   0   0     0    0    0   0.410     13  0.00
   44   44     0  57   0   0   0   0   0   0  14   0   0   0   0   0   0  14  14   0   0   0     0    0    0   1.154     38  0.00
   45   45     0   0   0   0   0   0   0   0   0   0   0   0   0   0   0   0   0   0 100   0     0    0    0   0.000      0  0.00
   46   46     0   0   0   0   0   0   0 100   0   0   0   0   0   0   0   0   0   0   0   0     0    0    0   0.000      0  0.00
   47   47     0   0   0   0   0   0   0   0   0   0   0   0   0   0  29  14  57   0   0   0     0    0    0   0.956     31  0.00
   48   48     0   0   0   0   0   0   0 100   0   0   0   0   0   0   0   0   0   0   0   0     0    0    0   0.000      0  0.00
   49   49     0   0   0   0   0   0   0  57  29   0   0   0   0   0   0   0   0   0  14   0     0    0    0   0.956     31  0.00
   50   50     0   0   0 100   0   0   0   0   0   0   0   0   0   0   0   0   0   0   0   0     0    0    0   0.000      0  0.00
   51   51     0   0   0   0   0   0   0   0   0 100   0   0   0   0   0   0   0   0   0   0     0    0    0   0.000      0  0.00
   52   52     0   0   0   0   0   0   0 100   0   0   0   0   0   0   0   0   0   0   0   0     0    0    0   0.000      0  0.00
   53   53     0   0   0   0   0   0   0 100   0   0   0   0   0   0   0   0   0   0   0   0     0    0    0   0.000      0  0.00
   54   54     0   0 100   0   0   0   0   0   0   0   0   0   0   0   0   0   0   0   0   0     0    0    0   0.000      0  0.00
   55   55     0   0   0   0   0   0   0   0 100   0   0   0   0   0   0   0   0   0   0   0     0    0    0   0.000      0  0.00
   56   56     0   0   0   0   0   0   0   0   0   0   0   0   0   0   0 100   0   0   0   0     0    0    0   0.000      0  0.00
   57   57     0   0   0   0   0   0   0 100   0   0   0   0   0   0   0   0   0   0   0   0     0    0    0   0.000      0  0.00
   58   58     0   0   0   0   0   0   0   0 100   0   0   0   0   0   0   0   0   0   0   0     0    0    0   0.000      0  0.00
   59   59     0   0   0   0   0   0   0   0   0   0   0   0   0   0   0   0   0 100   0   0     0    0    0   0.000      0  0.00
   60   60     0   0   0   0   0   0   0   0 100   0   0   0   0   0   0   0   0   0   0   0     0    0    0   0.000      0  0.00
   61   61     0   0   0   0   0   0   0   0   0   0   0   0   0   0   0   0   0 100   0   0     0    0    0   0.000      0  0.00
   62   62     0   0   0   0   0   0   0   0 100   0   0   0   0   0   0   0   0   0   0   0     0    0    0   0.000      0  0.00
   63   63   100   0   0   0   0   0   0   0   0   0   0   0   0   0   0   0   0   0   0   0     0    0    0   0.000      0  0.00
   64   64     0   0   0   0   0   0   0   0 100   0   0   0   0   0   0   0   0   0   0   0     0    0    0   0.000      0  0.00
   65   65     0   0   0   0   0   0   0   0 100   0   0   0   0   0   0   0   0   0   0   0     0    0    0   0.000      0  0.00
   66   66     0   0   0   0   0 100   0   0   0   0   0   0   0   0   0   0   0   0   0   0     0    0    0   0.000      0  0.00
   67   67     0 100   0   0   0   0   0   0   0   0   0   0   0   0   0   0   0   0   0   0     0    0    0   0.000      0  0.00
   68   68     0   0   0   0   0   0   0   0 100   0   0   0   0   0   0   0   0   0   0   0     0    0    0   0.000      0  0.00
   69   69     0   0   0   0   0   0   0   0   0   0   0   0   0   0   0   0   0 100   0   0     0    0    0   0.000      0  0.00
   70   70     0   0   0   0   0   0   0   0   0   0   0   0   0   0   0 100   0   0   0   0     0    0    0   0.000      0  0.00
   71   71     0   0   0   0   0   0   0   0   0   0   0   0   0   0   0 100   0   0   0   0     0    0    0   0.000      0  0.00
//
