ID Pseudo hssp file.
SEQ 
SEQ gi|6324070|ref|NP_014140.1| Putative copper binding/homeostasis ...   133  2e-31
SEQ gi|13787052|pdb|1FD8|A Chain A, Solution Structure Of The Cu(I) ...   133  3e-31
SEQ gi|7492713|pir||T39638 probable metal homeostasis factor - fissi...    64  2e-10
SEQ gi|630769|pir||S44900 ZK652.10 protein - Caenorhabditis elegans ...    55  2e-07
SEQ gi|7511551|pir||T37318 probable copper chaperone - Caenorhabditi...    52  7e-07
SEQ gi|3929319|gb|AAC79870.1| (AF100330) putative copper/zinc supero...    44  2e-04
SEQ gi|11290106|pir||T50778 copper chaperone homolog CCH [imported] ...    44  2e-04
SEQ gi|11290108|pir||T50779 copper chaperone homolog CCH [imported] ...    44  3e-04
SEQ gi|14532548|gb|AAK64002.1| (AY039898) At1g66240/T6J19_6 [Arabido...    44  3e-04
SEQ gi|6013208|gb|AAF01286.1|AF179715_1 (AF179715) copper chaperone ...    44  4e-04
SEQ 
## SEQUENCE PROFILE AND ENTROPY
 SeqNo PDBNo   V   L   I   M   F   W   Y   G   A   P   S   T   C   H   R   K   Q   E   N   D  NOCC NDEL NINS ENTROPY RELENT WEIGHT
    1    1     0   0   0   0   0   0   0   0 100   0   0   0   0   0   0   0   0   0   0   0     0    0    0   0.000      0  0.00
    2    2     0   0   0   0   0   0   0   0   0   0   0   0   0   0   0   0   0 100   0   0     0    0    0   0.000      0  0.00
    3    3     0   0 100   0   0   0   0   0   0   0   0   0   0   0   0   0   0   0   0   0     0    0    0   0.000      0  0.00
    4    4     0   0   0   0   0   0   0   0   0   0   0   0   0   0   0 100   0   0   0   0     0    0    0   0.000      0  0.00
    5    5     0   0   0   0   0   0   0   0   0   0   0   0   0 100   0   0   0   0   0   0     0    0    0   0.000      0  0.00
    6    6     0   0   0   0   0   0  86   0   0   0   0   0   0  14   0   0   0   0   0   0     0    0    0   0.410     13  0.00
    7    7    25   0   0   0   0   0   0   0   0   0   0   0   0   0   0   0  50  25   0   0     0    0    0   1.040     34  0.00
    8    8     0   0   0   0 100   0   0   0   0   0   0   0   0   0   0   0   0   0   0   0     0    0    0   0.000      0  0.00
    9    9     0   0   0  13   0   0   0   0   0   0  13   0   0   0   0   0   0  25  50   0     0    0    0   1.213     40  0.00
   10   10    82   0   0  18   0   0   0   0   0   0   0   0   0   0   0   0   0   0   0   0     0    0    0   0.474     15  0.00
   11   11    27   0   0   0   0   0   0  36  18   0   0   0   0   0   0   0   0   0   0  18     0    0    0   1.342     44  0.00
   12   12     0   0   0 100   0   0   0   0   0   0   0   0   0   0   0   0   0   0   0   0     0    0    0   0.000      0  0.00
   13   13     0   0   0   0   0   0   0   0   9   0  18  73   0   0   0   0   0   0   0   0     0    0    0   0.760     25  0.00
   14   14     0   0   0   0   0   0   0   0   0   0   0   0 100   0   0   0   0   0   0   0     0    0    0   0.000      0  0.00
   15   15     0   0   0   0   0   0   0   0   0   0  27   0   0   0   0   0  18  27  18   9     0    0    0   1.547     51  0.00
   16   16     0   0   0   0   0   0   0 100   0   0   0   0   0   0   0   0   0   0   0   0     0    0    0   0.000      0  0.00
   17   17     0   0   0   0   0   0   0   0   0   0   0   0 100   0   0   0   0   0   0   0     0    0    0   0.000      0  0.00
   18   18    18   0   0   0   0   0   0   0  36   0  36   0   0   0   0   9   0   0   0   0     0    0    0   1.264     42  0.00
   19   19     0   0   0   0   0   0   0  55   0   0   9   0   0   0   0   0   0   0  36   0     0    0    0   0.916     30  0.00
   20   20     0   0   0   0   0   0   0   0 100   0   0   0   0   0   0   0   0   0   0   0     0    0    0   0.000      0  0.00
   21   21    64   0   9   9   0   0   0   0  18   0   0   0   0   0   0   0   0   0   0   0     0    0    0   1.034     34  0.00
   22   22     0   0   0   0   0   0   0   0   0   0   9   0   0   0  27  18   0   0  36   9     0    0    0   1.468     49  0.00
   23   23     0   0   0   0   0   0   0   0   0   0   0   0   0   0  45  45   0   0   9   0     0    0    0   0.935     31  0.00
   24   24    91   0   0   0   0   0   0   0   0   0   9   0   0   0   0   0   0   0   0   0     0    0    0   0.305     10  0.00
   25   25     0  91   0   9   0   0   0   0   0   0   0   0   0   0   0   0   0   0   0   0     0    0    0   0.305     10  0.00
   26   26     0   9   0   0   0   0   0  36   0   0   0  45   0   0   0   0   0   0   9   0     0    0    0   1.162     38  0.00
   27   27     0   0   0   0   0   0   0   0   0   0   0   0   0   0   9  91   0   0   0   0     0    0    0   0.305     10  0.00
   28   28     0  73   0  27   0   0   0   0   0   0   0   0   0   0   0   0   0   0   0   0     0    0    0   0.586     19  0.00
   29   29     0   0   0   0   0   0   0  30   0   0   0   0   0   0   0   0   0  60   0  10     0    0    0   0.898     29  0.00
   30   30     0   0   0   0   0   0   0  17   0  50   0   0   0   0   0   0   0  33   0   0     0    0    0   1.011     33  0.00
   31   31     0   0   0   0   0   0   0  50   0   0   0   0   0   0   0   0   0   0   0  50     0    0    0   0.693     23  0.00
   32   32    80   0   0   0   0   0   0   0   0   0   0   0   0   0   0  20   0   0   0   0     0    0    0   0.500     16  0.00
   33   33     9   0  18   0   0   0   0   0   0   0  36   0   0   0   0   0   0  36   0   0     0    0    0   1.264     42  0.00
   34   34     0   0   0   0   0   0   0   9   0   0  18   9   0   0   0  45   0   9   0   9     0    0    0   1.540     51  0.00
   35   35     9   0  45   0  36   0   0   0   0   0   0   0   0   0   0   9   0   0   0   0     0    0    0   1.162     38  0.00
   36   36     0   0   0   0   0   0   0   0   0   0   9   0   0   0   0   0   0   0   0  91     0    0    0   0.305     10  0.00
   37   37    18   0  82   0   0   0   0   0   0   0   0   0   0   0   0   0   0   0   0   0     0    0    0   0.474     15  0.00
   38   38     0   0   0   0   0   0   0   0   0   0  36   0   0   0   0   0   0   0  18  45     0    0    0   1.036     34  0.00
   39   39    27  55   9   9   0   0   0   0   0   0   0   0   0   0   0   0   0   0   0   0     0    0    0   1.121     37  0.00
   40   40     0   0   0   0   0   0   0   0   0   9   9   0   0   0   0  18   0  64   0   0     0    0    0   1.034     34  0.00
   41   41     0   0   0   0   0   0   0   0   0   0   0  18   0   0   0  36   9  18  18   0     0    0    0   1.516     50  0.00
   42   42     0   0   0   0   0   0   0   0   0   0   0   0   0   0   0  27  73   0   0   0     0    0    0   0.586     19  0.00
   43   43     0  36   0   0   0   0   0   0   0   0   0   0   0   0   0  55   0   9   0   0     0    0    0   0.916     30  0.00
   44   44    82   0  18   0   0   0   0   0   0   0   0   0   0   0   0   0   0   0   0   0     0    0    0   0.474     15  0.00
   45   45     0   0   9   0   0   0   0   0   0   0   0  45   9   0   9   0   0   0   0  27     0    0    0   1.367     45  0.00
   46   46    91   0   9   0   0   0   0   0   0   0   0   0   0   0   0   0   0   0   0   0     0    0    0   0.305     10  0.00
   47   47     0   0   9   0   0   0  27   0   0   0   0  27   0   0   0  27   0   0   9   0     0    0    0   1.499     50  0.00
   48   48     0   0   0   0   0   0   0  36   0   0   9  55   0   0   0   0   0   0   0   0     0    0    0   0.916     30  0.00
   49   49     0   0   0   0   0   0   0   0   0   0   9  27   0   0   0   0   0   9  27  27     0    0    0   1.499     50  0.00
   50   50    36  45   0   0   0   0   0   0   0   0   0   0   0   9   0   9   0   0   0   0     0    0    0   1.162     38  0.00
   51   51     0   0   0   0   0   0   0   0   0  64   9   0   0   0   0   9   9   9   0   0     0    0    0   1.160     38  0.00
   52   52    18   0   0   0   0   0  36   0  18  27   0   0   0   0   0   0   0   0   0   0     0    0    0   1.342     44  0.00
   53   53     0   0   0   0   0   0   0   0   0   0  18   0   0   0   0   9   0  18   0  55     0    0    0   1.169     39  0.00
   54   54     0   9   9   0  27   0   0   0   9   0   0   9   0   0   0   0   0   9   0  27     0    0    0   1.799     60  0.00
   55   55    55   9  27   9   0   0   0   0   0   0   0   0   0   0   0   0   0   0   0   0     0    0    0   1.121     37  0.00
   56   56     0  82   0   0   9   0   0   0   0   0   0   0   0   0   0   0   0   9   0   0     0    0    0   0.600     20  0.00
   57   57     0   0   0   0   0   0   0   0   0   0   0   0   0   0   0   9  36  55   0   0     0    0    0   0.916     30  0.00
   58   58     0   0   0   0   0   0   0   0  36   0   0  36   0   0   0  27   0   0   0   0     0    0    0   1.090     36  0.00
   59   59    27  36  36   0   0   0   0   0   0   0   0   0   0   0   0   0   0   0   0   0     0    0    0   1.090     36  0.00
   60   60     0   0   0   0   0   0   0   0   0   0  18   9   0   0   0  55   0  18   0   0     0    0    0   1.169     39  0.00
   61   61     0   0   0   0   0   0   0   0   0   0   0   0   0   0   0  91   9   0   0   0     0    0    0   0.305     10  0.00
   62   62     0   0   0   0   0   0   0   0   0   0   9  91   0   0   0   0   0   0   0   0     0    0    0   0.305     10  0.00
   63   63     0   0   0   0   0   0   0 100   0   0   0   0   0   0   0   0   0   0   0   0     0    0    0   0.000      0  0.00
   64   64     0   0   0   0   0   0   0   0   0   0   0   0   0   0   9  91   0   0   0   0     0    0    0   0.305     10  0.00
   65   65     0   0   0   0   0   0   0   0   9   0   0   0   0   0   0  27   0  55   9   0     0    0    0   1.121     37  0.00
   66   66    63   0  25   0   0   0   0   0  13   0   0   0   0   0   0   0   0   0   0   0     0    0    0   0.900     30  0.00
   67   67     0   0   0   0   0   0   0   0   0   0   0   0   0   0  71  29   0   0   0   0     0    0    0   0.598     19  0.00
   68   68     0   0   0   0   0   0   0   0   0   0 100   0   0   0   0   0   0   0   0   0     0    0    0   0.000      0  0.00
   69   69     0   0   0   0   0   0   0 100   0   0   0   0   0   0   0   0   0   0   0   0     0    0    0   0.000      0  0.00
   70   70     0   0   0   0   0   0   0   0   0   0   0   0   0   0   0 100   0   0   0   0     0    0    0   0.000      0  0.00
   71   71    25   0   0   0   0   0   0   0   0   0   0   0   0   0   0   0  75   0   0   0     0    0    0   0.562     18  0.00
   72   72     0 100   0   0   0   0   0   0   0   0   0   0   0   0   0   0   0   0   0   0     0    0    0   0.000      0  0.00
//
