ID Pseudo hssp file.
SEQ 
SEQ gi|10835165|ref|NP_000602.1| CD59 antigen p18-20 (antigen identi...   144  2e-34
SEQ gi|1340180|emb|CAA33870.1| (X15861) CD59 (AA 2-103) [Homo sapiens]    131  1e-30
SEQ gi|640299|pdb|1CDR|    Cd59 Complexed With Glcnac-Beta-1,4-Glcna...   118  2e-26
SEQ gi|2501522|sp|Q28216|CD59_CERAE CD59 GLYCOPROTEIN PRECURSOR (MEM...   117  3e-26
SEQ gi|515118|pdb|1ERG|    Human Complement Regulatory Protein Cd59 ...   107  2e-23
SEQ gi|2501523|sp|Q28785|CD59_PAPSP CD59 GLYCOPROTEIN PRECURSOR (MEM...   106  9e-23
SEQ gi|1705715|sp|P51447|CD59_AOTTR CD59 GLYCOPROTEIN PRECURSOR (MEM...    98  3e-20
SEQ gi|1345710|sp|P47777|CD59_SAISC CD59 GLYCOPROTEIN PRECURSOR (MEM...    85  2e-16
SEQ gi|1168848|sp|P46657|CD59_CALSQ CD59 GLYCOPROTEIN PRECURSOR (MEM...    83  6e-16
SEQ gi|9625971|ref|NP_040217.1| ORF 15~CD59 homologue [Saimiriine he...    79  8e-15
SEQ gi|2370239|emb|CAA73629.1| (Y13183) CD59 protein [Saimiriine her...    78  3e-14
SEQ gi|13878411|sp|O77541|CD59_RABIT CD59 GLYCOPROTEIN PRECURSOR (ME...    70  5e-12
SEQ gi|3913219|sp|O62680|CD59_PIG CD59 GLYCOPROTEIN PRECURSOR (MEMBR...    69  2e-11
SEQ gi|6978635|ref|NP_037057.1| CD59 antigen [Rattus norvegicus] >gi...    69  2e-11
SEQ gi|5106773|gb|AAD39837.1|AF058328_1 (AF058328) complement inhibi...    61  2e-09
SEQ gi|13878361|sp|P58019|C59B_MOUSE CD59B GLYCOPROTEIN PRECURSOR (M...    57  6e-08
SEQ gi|6671714|ref|NP_031678.1| CD59a antigen; CD59 antigen [Mus mus...    54  5e-07
SEQ 
## SEQUENCE PROFILE AND ENTROPY
 SeqNo PDBNo   V   L   I   M   F   W   Y   G   A   P   S   T   C   H   R   K   Q   E   N   D  NOCC NDEL NINS ENTROPY RELENT WEIGHT
    1    1     0  94   0   6   0   0   0   0   0   0   0   0   0   0   0   0   0   0   0   0     0    0    0   0.224      7  0.00
    2    2     0   0   0   6   0   0   0   0   0   0   0   6   0   0   6   6  78   0   0   0     0    0    0   0.838     27  0.00
    3    3     0   0   0   0   0   0   0   0   0   0   0   0 100   0   0   0   0   0   0   0     0    0    0   0.000      0  0.00
    4    4     0   0   0   0   0   0 100   0   0   0   0   0   0   0   0   0   0   0   0   0     0    0    0   0.000      0  0.00
    5    5     0   0   0   0   0   0   0   0   0   0  17   0   0  11   0   0   0   0  72   0     0    0    0   0.778     25  0.00
    6    6     0   0   0   0   0   0   0   0   0   0   0   0 100   0   0   0   0   0   0   0     0    0    0   0.000      0  0.00
    7    7     0  11  11   0  11   0   0   0   0  56  11   0   0   0   0   0   0   0   0   0     0    0    0   1.303     43  0.00
    8    8     0  11   0   0   0   0  11   0   0   0   0   0   0  11   0   0  11   0  50   6     0    0    0   1.484     49  0.00
    9    9     0   0   0   0   6   0   0   0   0  78  17   0   0   0   0   0   0   0   0   0     0    0    0   0.655     21  0.00
   10   10    17   0   0   0   0   0   0   0  11   0   6  67   0   0   0   0   0   0   0   0     0    0    0   0.974     32  0.00
   11   11     0   0   0  17   0   0   0  11  33   6  17  17   0   0   0   0   0   0   0   0     0    0    0   1.667     55  0.00
   12   12     0   0   0   0   0   0   0   0   0   0  28   0   0   0   6   0  17   6  11  33     0    0    0   1.586     52  0.00
   13   13     0   0   0   0   0   0   0   0   0   0   0   0 100   0   0   0   0   0   0   0     0    0    0   0.000      0  0.00
   14   14     0   0   0   0   0   0   0   0   0   0   6  39   0   0   0  50   0   0   6   0     0    0    0   1.035     34  0.00
   15   15     0   0   6  11   0   0   0   0   6   0   0  78   0   0   0   0   0   0   0   0     0    0    0   0.761     25  0.00
   16   16     6   0   0   0   0   0   0   0  50   0  17  11   0   0   0   0   0   0  17   0     0    0    0   1.349     45  0.00
   17   17    28   0  11  11   0   0   0   0   0   0  11  39   0   0   0   0   0   0   0   0     0    0    0   1.456     48  0.00
   18   18     0   0   0   0   0   0   0   0   0   0  11  17   0   0   0   0   0   0  72   0     0    0    0   0.778     25  0.00
   19   19     0   0   0   0   0   0   0   0   0   0   0   0 100   0   0   0   0   0   0   0     0    0    0   0.000      0  0.00
   20   20     0   0   0   0   0   0   0   0   0   0  67  33   0   0   0   0   0   0   0   0     0    0    0   0.637     21  0.00
   21   21     0   0   0   0   0   0   0   0   0  22  67   0   0  11   0   0   0   0   0   0     0    0    0   0.849     28  0.00
   22   22     0   0   0   0   0   0   0  11   0   0   0   0   0   0   0   0   0   0  56  33     0    0    0   0.937     31  0.00
   23   23     0  39   0   0  39   0   0   0   0   0   0   0   0   6   0   0  17   0   0   0     0    0    0   1.194     39  0.00
   24   24     0   0   0   0   0   0   0   0   0   0   0   0   0   0   0   0   0   0   0 100     0    0    0   0.000      0  0.00
   25   25     0   0   0   0   0   0   0   0  50   0  39  11   0   0   0   0   0   0   0   0     0    0    0   0.958     31  0.00
   26   26     0   0   0   0   0   0   0   0   0   0   0   0 100   0   0   0   0   0   0   0     0    0    0   0.000      0  0.00
   27   27     0  89  11   0   0   0   0   0   0   0   0   0   0   0   0   0   0   0   0   0     0    0    0   0.349     11  0.00
   28   28     6   0  67   0  11   0  11   0   0   0   0   6   0   0   0   0   0   0   0   0     0    0    0   1.080     36  0.00
   29   29    11   0   0   0   0   0   0   0  61   0   0  28   0   0   0   0   0   0   0   0     0    0    0   0.901     30  0.00
   30   30    22   0   0   0   0   0   0   0   0   0   0   0   0   0  11  56   0  11   0   0     0    0    0   1.149     38  0.00
   31   31     0   0   0   0   0   0   0   0  89   0  11   0   0   0   0   0   0   0   0   0     0    0    0   0.349     11  0.00
   32   32     0   0   0   0   0   0   0  89   0  11   0   0   0   0   0   0   0   0   0   0     0    0    0   0.349     11  0.00
   33   33     0  44   0   6   0   0   0   0   0  17  22   0   0   0   6   6   0   0   0   0     0    0    0   1.475     49  0.00
   34   34     0   0   0   0   0   0   0  11   0   0   0   0   0   0  17  17  56   0   0   0     0    0    0   1.168     38  0.00
   35   35    89   0   0   0   0   0   0   0   0   0   0  11   0   0   0   0   0   0   0   0     0    0    0   0.349     11  0.00
   36   36     0   0   0   0   0   0 100   0   0   0   0   0   0   0   0   0   0   0   0   0     0    0    0   0.000      0  0.00
   37   37     0   0   0   0   0   0  39   0   0   0   0   0   0   0   6   0  17   0  39   0     0    0    0   1.194     39  0.00
   38   38     0   0   0   0   0   0   0   0   0   0   0   0   0   0  33  28  39   0   0   0     0    0    0   1.089     36  0.00
   39   39     0   0   0   0   0   0   0   0   0   0   0   0 100   0   0   0   0   0   0   0     0    0    0   0.000      0  0.00
   40   40     0   0   0   0   0 100   0   0   0   0   0   0   0   0   0   0   0   0   0   0     0    0    0   0.000      0  0.00
   41   41     0   0   0   0   0   0   0   0   0   0   0   0   0   0  22  78   0   0   0   0     0    0    0   0.530     17  0.00
   42   42     0   6   0   0  83   0   6   0   0   0   0   0   0   0   0   0   6   0   0   0     0    0    0   0.634     21  0.00
   43   43     0   0   0   0   0   0   0   0  11   0  17   0   0   0   0   0   0  44   0  28     0    0    0   1.259     42  0.00
   44   44     0   0   0   0   0   0   0   0   0   0   0   0   0  28   0   0   0  11  11  50     0    0    0   1.191     39  0.00
   45   45     0   0   0   0   0   0   0   0   0   0   0   0 100   0   0   0   0   0   0   0     0    0    0   0.000      0  0.00
   46   46     0   0   0   0   0   0   0   0   0   0  17  11   0   6   0   0   0   0  67   0     0    0    0   0.974     32  0.00
   47   47     0   0   0   0  83   0   0   6   6   0   6   0   0   0   0   0   0   0   0   0     0    0    0   0.634     21  0.00
   48   48     0   0   0   0   0   0   0   0   0   0   6   0   0   0   6  22   0  11  44  11     0    0    0   1.504     50  0.00
   49   49     0   0   6   0  22   0   6   0   0   0   0   0   0   0  22   0   6   0   0  39     0    0    0   1.517     50  0.00
   50   50    33   6  61   0   0   0   0   0   0   0   0   0   0   0   0   0   0   0   0   0     0    0    0   0.828     27  0.00
   51   51     0   6   0  11   0   0   0   0   0   0  56  28   0   0   0   0   0   0   0   0     0    0    0   1.087     36  0.00
   52   52     0   0   0   0   0   0   0   0   0   0  11  39   0   0  11   0   0   0  33   6     0    0    0   1.382     46  0.00
   53   53     0  11   0   0   0   0   0   0   0   0   0   0   0   0  44   0  33   0  11   0     0    0    0   1.215     40  0.00
   54   54     0 100   0   0   0   0   0   0   0   0   0   0   0   0   0   0   0   0   0   0     0    0    0   0.000      0  0.00
   55   55     0   0   0   0   0   0   0   0  11   0  28   0   0   0  28  11   0  17   0   6     0    0    0   1.659     55  0.00
   56   56     6   0   6   0   0   0   0   0   0   0   0   0   0   0   0   0   0  89   0   0     0    0    0   0.426     14  0.00
   57   57     0   0   0   0   0   0   0   0  11   0  11  22   0   0   0  11   0   0  44   0     0    0    0   1.427     47  0.00
   58   58     0   0   0   0   0   0   0   6   0   0   6   0   0   0   0  17  17  50   6   0     0    0    0   1.426     47  0.00
   59   59     6  89   6   0   0   0   0   0   0   0   0   0   0   0   0   0   0   0   0   0     0    0    0   0.426     14  0.00
   60   60     0   0   0   0   0   0   0   0   0   0   0  28   0   0   0  50  22   0   0   0     0    0    0   1.037     34  0.00
   61   61     0   0   0   0   6   0  89   0   0   0   6   0   0   0   0   0   0   0   0   0     0    0    0   0.426     14  0.00
   62   62     0   0   0   0  11   0  33   0   0   0   0   0   0  22  11   6   0   0  17   0     0    0    0   1.648     55  0.00
   63   63     0   0   0   0   0   0   0   0   0   0   0   0 100   0   0   0   0   0   0   0     0    0    0   0.000      0  0.00
   64   64     0   0   0   0   0   0   0   0   0   0   0   0 100   0   0   0   0   0   0   0     0    0    0   0.000      0  0.00
   65   65     0   0   0   0   0   0   0   0   0   0   0   0   0   0  22  61  17   0   0   0     0    0    0   0.934     31  0.00
   66   66     0   0   0   0   6   6   0   0   6   0   0   0   0   0   0  72   0  11   0   0     0    0    0   0.961     32  0.00
   67   67     0   0   0   0   0   0   0   6   0   0   0   0   0   0   0   0   0   0  33  61     0    0    0   0.828     27  0.00
   68   68     0 100   0   0   0   0   0   0   0   0   0   0   0   0   0   0   0   0   0   0     0    0    0   0.000      0  0.00
   69   69     0   0   0   0   0   0   0   0   0   0   0   0 100   0   0   0   0   0   0   0     0    0    0   0.000      0  0.00
   70   70     0   0   0   0   0   0   0   0   0   0   0   0   0   0   0   0   0   0 100   0     0    0    0   0.000      0  0.00
   71   71    27   0   0   0  64   0   0   0   0   0   0   0   0   0   0   9   0   0   0   0     0    0    0   0.860     28  0.00
   72   72     0   0   0   0   0   0   0   0   0   0   0   0   0   0   0   8   0   0  92   0     0    0    0   0.287      9  0.00
   73   73     0   0   0   0   0   0   0   9   0   0   0   0   0   0   0  18   0  73   0   0     0    0    0   0.760     25  0.00
   74   74    18   0   9   0   0   0   0   9   9   0   0   0   0   0   0   0  55   0   0   0     0    0    0   1.295     43  0.00
   75   75     0  82  18   0   0   0   0   0   0   0   0   0   0   0   0   0   0   0   0   0     0    0    0   0.474     15  0.00
   76   76     0   0   0   0   0   0   0   0   0   0   0   0   0   0   0   9   0  91   0   0     0    0    0   0.305     10  0.00
   77   77     0   0   0   0   0   0   0   0   0   0   0   0   0   0   0   0   0   0 100   0     0    0    0   0.000      0  0.00
//
