ID Pseudo hssp file.
SEQ 
SEQ gi|1168451|sp|P41772|AMT1_CANGA METAL-ACTIVATED TRANSCRIPTIONAL ...    87  3e-17
SEQ gi|5542205|pdb|1CO4|A Chain A, Solution Structure Of A Zinc Doma...    74  2e-13
SEQ gi|6321272|ref|NP_011349.1| Activator of transcription; Cup2p [S...    61  2e-09
SEQ gi|6325265|ref|NP_015333.1| Haa1p [Saccharomyces cerevisiae] >gi...    61  2e-09
SEQ gi|171340|gb|AAA34542.1| (M28520) Cu-dependent DNA-binding prote...    57  3e-08
SEQ gi|763007|emb|CAA88786.1| (Z48951) unknown [Saccharomyces cerevi...    56  9e-08
SEQ gi|1169093|sp|P45815|CRF1_YARLI COPPER RESISTANCE PROTEIN CRF1 >...    52  1e-06
SEQ gi|971389|emb|CAA59765.1| (X85757) ACE1 [Saccharomyces cerevisiae]     51  3e-06
SEQ gi|1175405|sp|Q09728|CUF1_SCHPO METAL-BINDING REGULATORY PROTEIN...    49  7e-06
SEQ gi|406767|emb|CAA52645.1| (X74551) MAC1 protein [Saccharomyces c...    47  4e-05
SEQ gi|6323663|ref|NP_013734.1| metal-binding transcriptional activa...    47  4e-05
SEQ gi|7492716|pir||T41440 probable metal-binding regulatory protein...    44  2e-04
SEQ 
## SEQUENCE PROFILE AND ENTROPY
 SeqNo PDBNo   V   L   I   M   F   W   Y   G   A   P   S   T   C   H   R   K   Q   E   N   D  NOCC NDEL NINS ENTROPY RELENT WEIGHT
    1    1     0   0   0 100   0   0   0   0   0   0   0   0   0   0   0   0   0   0   0   0     0    0    0   0.000      0  0.00
    2    2    77   0  23   0   0   0   0   0   0   0   0   0   0   0   0   0   0   0   0   0     0    0    0   0.540     18  0.00
    3    3    62  15  23   0   0   0   0   0   0   0   0   0   0   0   0   0   0   0   0   0     0    0    0   0.925     30  0.00
    4    4     0   0  85   0  15   0   0   0   0   0   0   0   0   0   0   0   0   0   0   0     0    0    0   0.429     14  0.00
    5    5     0   0   0   0   0   0   0   0   0   0   0   0   0   0   0   0   0   8  85   8     0    0    0   0.536     17  0.00
    6    6     0   0   0   0   0   0   0  92   0   0   0   0   0   0   0   0   0   0   8   0     0    0    0   0.271      9  0.00
    7    7    54   0  23   0   0   0   0   0   0   0   0   0   0   0   0   8   0   0  15   0     0    0    0   1.157     38  0.00
    8    8     0   0   0   0   0   0   0   0   0   0   0   0   0   0   0  92   0   0   8   0     0    0    0   0.271      9  0.00
    9    9     0   0   0   8   0   0  92   0   0   0   0   0   0   0   0   0   0   0   0   0     0    0    0   0.271      9  0.00
   10   10     0   0   0   0   0   0   0   0 100   0   0   0   0   0   0   0   0   0   0   0     0    0    0   0.000      0  0.00
   11   11     0   0   0   0   0   0   0   0   0   0   0   0 100   0   0   0   0   0   0   0     0    0    0   0.000      0  0.00
   12   12     8   0   0   8   0   0   0   0  15   0   0   0   0   0   0   0   0  46   0  23     0    0    0   1.378     45  0.00
   13   13     8   0   0   0   0   0   0   0   0   0  38  23   0   0  23   8   0   0   0   0     0    0    0   1.439     48  0.00
   14   14     0   0   0   0   0   0   0   0   0   0   0   0 100   0   0   0   0   0   0   0     0    0    0   0.000      0  0.00
   15   15     0   8  92   0   0   0   0   0   0   0   0   0   0   0   0   0   0   0   0   0     0    0    0   0.271      9  0.00
   16   16     0   0   0   0   0   0   0   0   0   0   0   0   0   0  77  23   0   0   0   0     0    0    0   0.540     18  0.00
   17   17     0   0   0   0   0   0   0  77   0   0  23   0   0   0   0   0   0   0   0   0     0    0    0   0.540     18  0.00
   18   18     0   0   0   0   0   0   0   0   0   0   0   0   0 100   0   0   0   0   0   0     0    0    0   0.000      0  0.00
   19   19     0   0   0   0   0   0   0   0   0   0   0   0   0   0  77  23   0   0   0   0     0    0    0   0.540     18  0.00
   20   20    23   0   0   0   0   0   0   8  46   0  23   0   0   0   0   0   0   0   0   0     0    0    0   1.231     41  0.00
   21   21     0   0   0   0   0   0   0   0  46   0  38  15   0   0   0   0   0   0   0   0     0    0    0   1.012     33  0.00
   22   22     0   0   0   0   0   0   0   0   0   0  15  38   0   0   0   0  46   0   0   0     0    0    0   1.012     33  0.00
   23   23     0   0   0   0   0   0   0   0   0   0   0   0 100   0   0   0   0   0   0   0     0    0    0   0.000      0  0.00
   24   24     0   0   0   0   0   0   0   0   0   0   0  31   0   0  15   8   8  23  15   0     0    0    0   1.672     55  0.00
   25   25     0   0   0   0   0   0   0   0   0   0   0   0   0 100   0   0   0   0   0   0     0    0    0   0.000      0  0.00
   26   26     0   0   0   0   0   0   0   0   0   0  15  46   0   0   0   0   8   0  31   0     0    0    0   1.205     40  0.00
   27   27     0   0   0   0   0   0   0   0   0   0   0   0   0  15   0   0   8   8   0  69     0    0    0   0.937     31  0.00
   28   28     0   0   0   0   0   0   0  23   0   0   0   0   0   0  54   0  23   0   0   0     0    0    0   1.010     33  0.00
   29   29     0   0   0  15   0   0   0   0   8  69   0   0   0   0   0   0   0   8   0   0     0    0    0   0.937     31  0.00
   30   30     0 100   0   0   0   0   0   0   0   0   0   0   0   0   0   0   0   0   0   0     0    0    0   0.000      0  0.00
   31   31     0   0  31  15   8   0   0   0   0   0   0   0   0   0   0  23  23   0   0   0     0    0    0   1.525     50  0.00
   32   32     0   0  23  38   0   0   0   0   0   8   0   0   0   0   8  15   0   8   0   0     0    0    0   1.586     52  0.00
   33   33    23  23  54   0   0   0   0   0   0   0   0   0   0   0   0   0   0   0   0   0     0    0    0   1.010     33  0.00
   34   34     0   0   0   0   0   0   0   0   0   0   0   0   0   0  50  50   0   0   0   0     0    0    0   0.693     23  0.00
   35   35     0   0   0   0   0   0   0   0   0  58   0  25   0   0  17   0   0   0   0   0     0    0    0   0.960     32  0.00
   36   36     0   0   0   0   0   0   0   0   0   0   0   0   0   0  50  50   0   0   0   0     0    0    0   0.693     23  0.00
   37   37     0   0   0   0   0   0   0 100   0   0   0   0   0   0   0   0   0   0   0   0     0    0    0   0.000      0  0.00
   38   38     0   0   0   0   0   0   0   0   0   0   0   0   0   0 100   0   0   0   0   0     0    0    0   0.000      0  0.00
   39   39     0   0   0   0   0   0   0   0   0 100   0   0   0   0   0   0   0   0   0   0     0    0    0   0.000      0  0.00
   40   40     0   0   0   0   0   0   0   0  13  38  50   0   0   0   0   0   0   0   0   0     0    0    0   0.974     32  0.00
   41   41     0   0   0   0   0   0   0   0   0   0   0 100   0   0   0   0   0   0   0   0     0    0    0   0.000      0  0.00
   42   42     0   0   0   0   0   0   0   0   0   0   0 100   0   0   0   0   0   0   0   0     0    0    0   0.000      0  0.00
//
