ID Pseudo hssp file.
SEQ 
SEQ gi|333518|gb|AAA60951.1| (L08906) ORFB [unidentified poxvirus]        337  5e-92
SEQ gi|6573585|pdb|1CQ3|A Chain A, Structure Of A Soluble Secreted C...   333  1e-90
SEQ gi|137559|sp|P19063|VC23_VACCL 35 KD MAJOR SECRETED PROTEIN PREC...   290  1e-77
SEQ gi|9790906|ref|NP_063633.1| C23L; putative [Vaccinia virus] >gi|...   289  2e-77
SEQ gi|9634362|ref|NP_037900.1| TC20L [Vaccinia virus (strain Tian T...   287  9e-77
SEQ gi|2076757|gb|AAB53969.1| (U64724) 35kDa major secreted protein ...   286  2e-76
SEQ gi|4090832|gb|AAC99577.1| (AF012825) secreted chemokine binding ...   285  2e-76
SEQ gi|3096963|emb|CAA72577.1| (Y11842) D1L [Cowpox virus] >gi|30970...   285  4e-76
SEQ gi|885856|gb|AAA69468.1| (U18341) G3R [Variola virus]                 275  3e-73
SEQ gi|9633394|ref|NP_050498.1| G3R protein [variola minor virus] >g...   274  6e-73
SEQ gi|9627718|ref|NP_042241.1| G5R [Variola virus] >gi|465068|sp|P3...   270  7e-72
SEQ gi|9633810|ref|NP_051886.1| gp001L [Rabbit fibroma virus] >gi|96...   117  2e-25
SEQ gi|2076755|gb|AAB53968.1| (U62677) prototypic member of the T1/3...   102  3e-21
SEQ gi|9633634|ref|NP_051880.1| M-T1 [Myxoma virus] >gi|9633793|ref|...    93  2e-18
SEQ gi|9955683|emb|CAC05576.1| (AJ277112) 35 kDa chemokine binding p...    61  1e-08
SEQ 
## SEQUENCE PROFILE AND ENTROPY
 SeqNo PDBNo   V   L   I   M   F   W   Y   G   A   P   S   T   C   H   R   K   Q   E   N   D  NOCC NDEL NINS ENTROPY RELENT WEIGHT
    1    1     0   0   0   0   0   0   0   0   0   0 100   0   0   0   0   0   0   0   0   0     0    0    0   0.000      0  0.00
    2    2     0   0   0   0 100   0   0   0   0   0   0   0   0   0   0   0   0   0   0   0     0    0    0   0.000      0  0.00
    3    3     0   0   0   0   0   0   0   0   0   0 100   0   0   0   0   0   0   0   0   0     0    0    0   0.000      0  0.00
    4    4     0   0   0   0   0   0   0   0   0   0 100   0   0   0   0   0   0   0   0   0     0    0    0   0.000      0  0.00
    5    5     0   0   0   0   0   0   0   0   0   0 100   0   0   0   0   0   0   0   0   0     0    0    0   0.000      0  0.00
    6    6     0   0   0   0   0   0   0   0   0   0 100   0   0   0   0   0   0   0   0   0     0    0    0   0.000      0  0.00
    7    7     0   0   0   0   0   0   0   0   0   0 100   0   0   0   0   0   0   0   0   0     0    0    0   0.000      0  0.00
    8    8     0   0   0   0   0   0   0   0   0   0   0   0 100   0   0   0   0   0   0   0     0    0    0   0.000      0  0.00
    9    9     0   0   0   0   0   0   0   0   0   0   0  87   0   0   7   7   0   0   0   0     0    0    0   0.485     16  0.00
   10   10     0   0   0   0   0   0   0   0   0   0   0   0   0   0   0   0  13  87   0   0     0    0    0   0.393     13  0.00
   11   11     0   0   0   0   0   0   0   7   0   0   0   0   0   0   0   0   0  87   0   7     0    0    0   0.485     16  0.00
   12   12     0   0   0   0   0   0   0   0   0   0   0   0   0   0   0   0   0 100   0   0     0    0    0   0.000      0  0.00
   13   13     0   0   0   0   0   0   0   0   0   0   0   0   0   0   0   0   0   0  87  13     0    0    0   0.393     13  0.00
   14   14    13   0   0   0   0   0   0   0   0   0   0   0   0   0   0  73   0   0  13   0     0    0    0   0.765     25  0.00
   15   15     0   0   0   0   0   0   0   0   0   0   0   0   0  87  13   0   0   0   0   0     0    0    0   0.393     13  0.00
   16   16     0   0   0   0   0   0  33   0   0   0   0   0   0  67   0   0   0   0   0   0     0    0    0   0.637     21  0.00
   17   17     0   0   0 100   0   0   0   0   0   0   0   0   0   0   0   0   0   0   0   0     0    0    0   0.000      0  0.00
   18   18     0   0   0   0   0   0   0 100   0   0   0   0   0   0   0   0   0   0   0   0     0    0    0   0.000      0  0.00
   19   19     0   0 100   0   0   0   0   0   0   0   0   0   0   0   0   0   0   0   0   0     0    0    0   0.000      0  0.00
   20   20     0   0   0   0   0   0   0   0   0   0   0   0   0   0   0   0   0   0   0 100     0    0    0   0.000      0  0.00
   21   21   100   0   0   0   0   0   0   0   0   0   0   0   0   0   0   0   0   0   0   0     0    0    0   0.000      0  0.00
   22   22    13   0  87   0   0   0   0   0   0   0   0   0   0   0   0   0   0   0   0   0     0    0    0   0.393     13  0.00
   23   23     7   0  87   0   0   0   0   0   7   0   0   0   0   0   0   0   0   0   0   0     0    0    0   0.485     16  0.00
   24   24     0   0   0   0   0   0   0   0   0   0   0   0   0   0   0 100   0   0   0   0     0    0    0   0.000      0  0.00
   25   25    93   0   7   0   0   0   0   0   0   0   0   0   0   0   0   0   0   0   0   0     0    0    0   0.245      8  0.00
   26   26     0   0   0   0   0   0   0   0   0   0   0 100   0   0   0   0   0   0   0   0     0    0    0   0.000      0  0.00
   27   27     0   0   0   0   0   0   0   0   0   0   0   0   0   0   0 100   0   0   0   0     0    0    0   0.000      0  0.00
   28   28     0   0   0   0   0   0   0   0   0   0   0   0   0   0   0   0 100   0   0   0     0    0    0   0.000      0  0.00
   29   29     0   0   0   0   0   0   0   0   0   0   0   0   0   0   0   0   0   0   0 100     0    0    0   0.000      0  0.00
   30   30     0   0   0   0   0   0   0   0   0   0   0   0   0   0   7   7  87   0   0   0     0    0    0   0.485     16  0.00
   31   31     0   0   0   0   0   0   0   0   0   0   0 100   0   0   0   0   0   0   0   0     0    0    0   0.000      0  0.00
   32   32     0   0   0   0   0   0   0   0   0  87   7   7   0   0   0   0   0   0   0   0     0    0    0   0.485     16  0.00
   33   33     0   0   0   0   0   0   0  13   0   0   0  87   0   0   0   0   0   0   0   0     0    0    0   0.393     13  0.00
   34   34     0   0   0   0   0   0   0   0   0   0  13   0   0   0   0   0   0   0  87   0     0    0    0   0.393     13  0.00
   35   35     0   0   0   0   0   0   0   0   0   0   0   0   0   0   0   0   0   0   0 100     0    0    0   0.000      0  0.00
   36   36     0   0   0   0   0   0   0   0   0   0   0  13   0   0   0  87   0   0   0   0     0    0    0   0.393     13  0.00
   37   37     7   0  87   0   0   0   0   0   0   7   0   0   0   0   0   0   0   0   0   0     0    0    0   0.485     16  0.00
   38   38     0   0   0   0   0   0   0   0   0   0   0   0 100   0   0   0   0   0   0   0     0    0    0   0.000      0  0.00
   39   39     0   0   0   0   0   0   0   0   0   0   0   0   0   0   0   0 100   0   0   0     0    0    0   0.000      0  0.00
   40   40     0   0   0   0   0   0   0   8   0   0  85   8   0   0   0   0   0   0   0   0     0    0    0   0.536     17  0.00
   41   41    85   8   0   0   0   0   0   0   0   0   0   0   0   0   0   0   0   8   0   0     0    0    0   0.536     17  0.00
   42   42     8   0   0   0   0   0   0   0   0   0   0  85   0   0   8   0   0   0   0   0     0    0    0   0.536     17  0.00
   43   43     0   0   0   0   0   0   0   0   0   0   0  15   0   0   0   0   0  85   0   0     0    0    0   0.429     14  0.00
   44   44    23   0  62   0   0   0   0   0   0   0   0   8   0   0   0   0   0   8   0   0     0    0    0   1.032     34  0.00
   45   45     0   0   8   0   0   0   0   0   0   0   8  85   0   0   0   0   0   0   0   0     0    0    0   0.536     17  0.00
   46   46     0   0   0   0   0   0   0   0   7   0   0   0   0   0   0   0   0  93   0   0     0    0    0   0.257      8  0.00
   47   47     0   7   0   0   0   0   0   0   0   0  86   0   0   0   0   0   0   0   0   7     0    0    0   0.509     16  0.00
   48   48     0   0   0   0   0   0   0   0   7   0   0   0   0   0   7   0   0  79   0   7     0    0    0   0.755     25  0.00
   49   49     0   0   0   0   0   0   7   7   0   0  57   7   0   0   0   0   0   0   0  21     0    0    0   1.215     40  0.00
   50   50     7   0   0   0   0   0   0   0   0   0   0  14   0   0   0   0   0  21   0  57     0    0    0   1.116     37  0.00
   51   51     0   0   0   0   7   0   0   0   0  57  29   0   0   0   0   0   0   7   0   0     0    0    0   1.055     35  0.00
   52   52     0   0   0   0   0   0   0   0   0   0   0   0   0   0   0   0   0  57   0  43     0    0    0   0.683     22  0.00
   53   53    21   0   0   0   0   0   0   0   7  36   0   0   0   0   0   0   0  36   0   0     0    0    0   1.254     41  0.00
   54   54    29   0   0   0   0   0   0   0   7   0   0   0   0   0   0   0   0  57   7   0     0    0    0   1.055     35  0.00
   55   55    64   0   0   0   0   0   0   0   0   0  21   0   0   7   0   0   0   7   0   0     0    0    0   0.991     33  0.00
   56   56     0   0   0   0   0   0   0   0   0   0   0   0   0   0   0  36   0  57   0   7     0    0    0   0.876     29  0.00
   57   57     0   0   0   0   0   0   0  43   0   0  36   0   0   0   0   0   0   0   0  21     0    0    0   1.061     35  0.00
   58   58     0   0   0   0   0   0   0   0   0   0  14   0   0   0   0   0   0  29   0  57     0    0    0   0.956     31  0.00
   59   59     0   0   0   0   0   0   0   7   0  86   0   7   0   0   0   0   0   0   0   0     0    0    0   0.509     16  0.00
   60   60     0   0   0   0   0   0   7   0   0   0   7  86   0   0   0   0   0   0   0   0     0    0    0   0.509     16  0.00
   61   61     0   0   0   0   0   0   0   0   0   0   0  93   0   7   0   0   0   0   0   0     0    0    0   0.257      8  0.00
   62   62     0   0   0   0   0   0  93   0   0   0   0   7   0   0   0   0   0   0   0   0     0    0    0   0.257      8  0.00
   63   63     0   0   7   0   0   0  93   0   0   0   0   0   0   0   0   0   0   0   0   0     0    0    0   0.257      8  0.00
   64   64     7   0   0   0   0   0   0   0   0   0  57  36   0   0   0   0   0   0   0   0     0    0    0   0.876     29  0.00
   65   65    29   0  64   0   0   0   0   7   0   0   0   0   0   0   0   0   0   0   0   0     0    0    0   0.830     27  0.00
   66   66    36   0  57   0   0   0   0   7   0   0   0   0   0   0   0   0   0   0   0   0     0    0    0   0.876     29  0.00
   67   67     0   0   0   0   0   0   0 100   0   0   0   0   0   0   0   0   0   0   0   0     0    0    0   0.000      0  0.00
   68   68     0   7   0   0   0   0   0  93   0   0   0   0   0   0   0   0   0   0   0   0     0    0    0   0.257      8  0.00
   69   69     0   0   0   0   0   0   0  93   0   0   7   0   0   0   0   0   0   0   0   0     0    0    0   0.257      8  0.00
   70   70     7  93   0   0   0   0   0   0   0   0   0   0   0   0   0   0   0   0   0   0     0    0    0   0.245      8  0.00
   71   71     0   0   0   0   0   0   0   0   0   0  13  27   0   0  60   0   0   0   0   0     0    0    0   0.928     30  0.00
   72   72    13   0   0  80   7   0   0   0   0   0   0   0   0   0   0   0   0   0   0   0     0    0    0   0.628     20  0.00
   73   73     0   0   0   0   0   0   0   7   0   0   0  13   0   0   0   0   0   0  60  20     0    0    0   1.078     35  0.00
   74   74     0   0   0   0 100   0   0   0   0   0   0   0   0   0   0   0   0   0   0   0     0    0    0   0.000      0  0.00
   75   75     0   0   0   0   0   0   0 100   0   0   0   0   0   0   0   0   0   0   0   0     0    0    0   0.000      0  0.00
   76   76     0   0   0   0 100   0   0   0   0   0   0   0   0   0   0   0   0   0   0   0     0    0    0   0.000      0  0.00
   77   77     0   0   0   0   0   0   0   0   0   0   0 100   0   0   0   0   0   0   0   0     0    0    0   0.000      0  0.00
   78   78     0   0   0   0   0   0   0  20   0   0   0   0   0   0   0  80   0   0   0   0     0    0    0   0.500     16  0.00
   79   79     0   0   0   0   0   0   0   0   0   0   0   0 100   0   0   0   0   0   0   0     0    0    0   0.000      0  0.00
   80   80     0   0   0   0   0   0   0   0   0 100   0   0   0   0   0   0   0   0   0   0     0    0    0   0.000      0  0.00
   81   81     0   0   0   0   0   0   0   0   0   0   0  20   0   0   0  20  60   0   0   0     0    0    0   0.950     31  0.00
   82   82    20   0  80   0   0   0   0   0   0   0   0   0   0   0   0   0   0   0   0   0     0    0    0   0.500     16  0.00
   83   83     0   0   0   0   0   0   0   0   0   0  20   0   0   0   0  80   0   0   0   0     0    0    0   0.500     16  0.00
   84   84     0   0   0   0   0   0   0   0  13   0  87   0   0   0   0   0   0   0   0   0     0    0    0   0.393     13  0.00
   85   85     7   0  93   0   0   0   0   0   0   0   0   0   0   0   0   0   0   0   0   0     0    0    0   0.245      8  0.00
   86   86     0   0   0   0   0   0   0   0   0   0 100   0   0   0   0   0   0   0   0   0     0    0    0   0.000      0  0.00
   87   87     0   0   0   0   0   0   0   0   0   0   0   0   0   0   0   0   0 100   0   0     0    0    0   0.000      0  0.00
   88   88     0   0   0   0   0   0  27   0   0   0  60   0   0  13   0   0   0   0   0   0     0    0    0   0.928     30  0.00
   89   89    13   0   0   0   0   0   0   0  67   0  20   0   0   0   0   0   0   0   0   0     0    0    0   0.861     28  0.00
   90   90     0   0   0   0   0   0   0   0   0   0   0   0   0   0   0  20   0   0  20  60     0    0    0   0.950     31  0.00
   91   91     0   0   0   0   0   0   0 100   0   0   0   0   0   0   0   0   0   0   0   0     0    0    0   0.000      0  0.00
   92   92     0   0   0   0   0   0   0   0   0   0   0   0   0   0  20   0   0   0  80   0     0    0    0   0.500     16  0.00
   93   93     0   0   7   0   0   0   0   0  20   0   0  60   0  13   0   0   0   0   0   0     0    0    0   1.078     35  0.00
   94   94   100   0   0   0   0   0   0   0   0   0   0   0   0   0   0   0   0   0   0   0     0    0    0   0.000      0  0.00
   95   95     0   0   0   0   7   0  13   0   0   0   0   0   0   0   0   0   0   0  80   0     0    0    0   0.628     20  0.00
   96   96    13   0   7   0   0   0   0   0  80   0   0   0   0   0   0   0   0   0   0   0     0    0    0   0.628     20  0.00
   97   97     0   0   0   0   0   0   0   0   0   0   0   0   0   0 100   0   0   0   0   0     0    0    0   0.000      0  0.00
   98   98     0 100   0   0   0   0   0   0   0   0   0   0   0   0   0   0   0   0   0   0     0    0    0   0.000      0  0.00
   99   99     0   0   0   0   0   0   0   0   0   0 100   0   0   0   0   0   0   0   0   0     0    0    0   0.000      0  0.00
  100  100     0   0   0   0   0   0   0   0   0   0 100   0   0   0   0   0   0   0   0   0     0    0    0   0.000      0  0.00
  101  101    80   0   0   0   0   0   0   0   0   0   0   0   0   0   0   0   0   0   0  20     0    0    0   0.500     16  0.00
  102  102     0   0   0   0   0   0   0   0  20  20  60   0   0   0   0   0   0   0   0   0     0    0    0   0.950     31  0.00
  103  103     0   7   0   0   0   0   0   0   0  93   0   0   0   0   0   0   0   0   0   0     0    0    0   0.245      8  0.00
  104  104     0   0   0   7   0  20   0  73   0   0   0   0   0   0   0   0   0   0   0   0     0    0    0   0.730     24  0.00
  105  105     0   0   0   0   0   0   7   0   0   0   0   0   0   0  20   0  73   0   0   0     0    0    0   0.730     24  0.00
  106  106     0   0   0   0   0   0   0  80   0   0   0   0   0   0   0   0   0   0   0  20     0    0    0   0.500     16  0.00
  107  107     0   0   7   0   0   0   0   0   0   0   0  20   0   0   0  73   0   0   0   0     0    0    0   0.730     24  0.00
  108  108     0   0   0   0   0   0   0   0   0   0   0   0   0   0   0   0   0   7  20  73     0    0    0   0.730     24  0.00
  109  109     0   0   0   0   0   0   0   0   0  20  80   0   0   0   0   0   0   0   0   0     0    0    0   0.500     16  0.00
  110  110    13   0   0   7   0   0   0   0   0  80   0   0   0   0   0   0   0   0   0   0     0    0    0   0.628     20  0.00
  111  111     0   0   0   0   0   0   0   0  80   0  20   0   0   0   0   0   0   0   0   0     0    0    0   0.500     16  0.00
  112  112     0   0  87  13   0   0   0   0   0   0   0   0   0   0   0   0   0   0   0   0     0    0    0   0.393     13  0.00
  113  113     0   0   0   0   0   0   0   0   0   0   0  80   0   0   0   0   0   0  20   0     0    0    0   0.500     16  0.00
  114  114     0   0   0   0   0   0   0   0   0   0   0   0   0  27  73   0   0   0   0   0     0    0    0   0.580     19  0.00
  115  115     7   0   0   0   0   0   0   0  13   0   0  20   0   0   0   0   0  60   0   0     0    0    0   1.078     35  0.00
  116  116     0   0   0   0   0   0   0   0   0   0   0   0   0   0   0   0   0 100   0   0     0    0    0   0.000      0  0.00
  117  117     0   0   0   0   0   0   0   0 100   0   0   0   0   0   0   0   0   0   0   0     0    0    0   0.000      0  0.00
  118  118     0 100   0   0   0   0   0   0   0   0   0   0   0   0   0   0   0   0   0   0     0    0    0   0.000      0  0.00
  119  119     0   0   0   0   0   0   0   0  80   0  20   0   0   0   0   0   0   0   0   0     0    0    0   0.500     16  0.00
  120  120     0  20   0  80   0   0   0   0   0   0   0   0   0   0   0   0   0   0   0   0     0    0    0   0.500     16  0.00
  121  121     0  20  80   0   0   0   0   0   0   0   0   0   0   0   0   0   0   0   0   0     0    0    0   0.500     16  0.00
  122  122     0   0   0   0   0   0   0   0   0   0   0   0   0   0   0  73   0   7   7  13     0    0    0   0.857     28  0.00
  123  123     0   0   0   0   0   0   0   0   0   0   0  13   0   0   0   7   0   0   0  80     0    0    0   0.628     20  0.00
  124  124     0   0   0   0   0   0   0   0   0   0   0   0 100   0   0   0   0   0   0   0     0    0    0   0.000      0  0.00
  125  125     0   0   0   0   0   0   0   0   7   0   0   0   0   0   0   0   0  93   0   0     0    0    0   0.245      8  0.00
  126  126    53  20   0  20   0   0   0   0   0   0   0   7   0   0   0   0   0   0   0   0     0    0    0   1.160     38  0.00
  127  127     0   0   0   0   0   0   0   0   0   0 100   0   0   0   0   0   0   0   0   0     0    0    0   0.000      0  0.00
  128  128    13   0  87   0   0   0   0   0   0   0   0   0   0   0   0   0   0   0   0   0     0    0    0   0.393     13  0.00
  129  129     0   0   0   0   0   0   0   0   0   0   0   0   0   0   0   0   0   0  27  73     0    0    0   0.580     19  0.00
  130  130     0   0 100   0   0   0   0   0   0   0   0   0   0   0   0   0   0   0   0   0     0    0    0   0.000      0  0.00
  131  131     0   0   0   0   0   0   0   0   0   0   0   0   0   0  53  47   0   0   0   0     0    0    0   0.691     23  0.00
  132  132     0   0   0   0   0   0   0   0   0   0   0   0 100   0   0   0   0   0   0   0     0    0    0   0.000      0  0.00
  133  133     0   0   0   0   0   0   0   0   0   0 100   0   0   0   0   0   0   0   0   0     0    0    0   0.000      0  0.00
  134  134     0   0   0   0   0   0   0   0   0   0   0   0   0   0  13   0   0  80   7   0     0    0    0   0.628     20  0.00
  135  135    13   0   0   0   0   0   0   0   0   0   0   0   0   0   0   0   0  87   0   0     0    0    0   0.393     13  0.00
  136  136     0   0   0   0   0   0   0   0   0   0   0   7   0   0   0   0   0  80  13   0     0    0    0   0.628     20  0.00
  137  137    20   0   0   0   0   0   0   0   0   0   0   0   0   0   0  80   0   0   0   0     0    0    0   0.500     16  0.00
  138  138     0   0   0   0   0   0   0   0   0   0   7  13   0   0   0   0   0   0   0  80     0    0    0   0.628     20  0.00
  139  139     0   0   0   0   0   0   0   0   0   0  80   0   0   0   0   0   0  20   0   0     0    0    0   0.500     16  0.00
  140  140     0   0   0   0   0   0   0   0   0   0   0  20   0   0   0   0   0   0  27  53     0    0    0   1.010     33  0.00
  141  141     0   0  80   0   0   0   0   0   0   0   0  20   0   0   0   0   0   0   0   0     0    0    0   0.500     16  0.00
  142  142     0   0   0   0   0   0  20   0   0   0   0   0   0   0   0  60  20   0   0   0     0    0    0   0.950     31  0.00
  143  143     0   0   0   0   0   0   0  20   0   0   0  80   0   0   0   0   0   0   0   0     0    0    0   0.500     16  0.00
  144  144     0   7   0   0   0   0   0   0   0   0   0  13   0  80   0   0   0   0   0   0     0    0    0   0.628     20  0.00
  145  145     0   0   0   0   0   0   0   0  20  80   0   0   0   0   0   0   0   0   0   0     0    0    0   0.500     16  0.00
  146  146    80   0   0   0   0   0   0   0  13   0   7   0   0   0   0   0   0   0   0   0     0    0    0   0.628     20  0.00
  147  147     0 100   0   0   0   0   0   0   0   0   0   0   0   0   0   0   0   0   0   0     0    0    0   0.000      0  0.00
  148  148    13   0   0   0   0   0   0  60   7   0   0   0   0   0   0   0   0  20   0   0     0    0    0   1.078     35  0.00
  149  149     0   0   0   0   0   0   0   0   0  20  80   0   0   0   0   0   0   0   0   0     0    0    0   0.500     16  0.00
  150  150     0   0   0   0   0   0   0   0   0   0   0   0   0   7  13   0   0   0  80   0     0    0    0   0.628     20  0.00
  151  151     0   0 100   0   0   0   0   0   0   0   0   0   0   0   0   0   0   0   0   0     0    0    0   0.000      0  0.00
  152  152     0   0   0   0   0   0   0   0   0   0  80  20   0   0   0   0   0   0   0   0     0    0    0   0.500     16  0.00
  153  153     0   0   0   0   0   0   0   0   0   0   0   0   0 100   0   0   0   0   0   0     0    0    0   0.000      0  0.00
  154  154     0   0   0   0   0   0   0   0   0   0   0   0   0   0   0  80  20   0   0   0     0    0    0   0.500     16  0.00
  155  155     0   0   0   0   0   0   0   0  20   0   0   0   0   0   0  80   0   0   0   0     0    0    0   0.500     16  0.00
  156  156    80   0   0   0   0   0   0   0   0   0   0  20   0   0   0   0   0   0   0   0     0    0    0   0.500     16  0.00
  157  157     0   0   0   0   0   0   0   0   0   0  73   0   0   0  20   0   0   7   0   0     0    0    0   0.730     24  0.00
  158  158     0   0   0   0   0   0  80   0   0   0   0   0   0   0  20   0   0   0   0   0     0    0    0   0.500     16  0.00
  159  159     0   0   0   0   0   0   0   7   0   0  13   0   0   0   0   0   0  80   0   0     0    0    0   0.628     20  0.00
  160  160     0   0   0   0   0   0   0   0   0   0   0   0   0  13   0   0   0   0   7  80     0    0    0   0.628     20  0.00
  161  161     0   0 100   0   0   0   0   0   0   0   0   0   0   0   0   0   0   0   0   0     0    0    0   0.000      0  0.00
  162  162     0   0 100   0   0   0   0   0   0   0   0   0   0   0   0   0   0   0   0   0     0    0    0   0.000      0  0.00
  163  163     0   0   0   0   0   0   0 100   0   0   0   0   0   0   0   0   0   0   0   0     0    0    0   0.000      0  0.00
  164  164     0   0   0   0   0   0   0   0   0   0 100   0   0   0   0   0   0   0   0   0     0    0    0   0.000      0  0.00
  165  165     0   0   0   0   0   0   0   0   0   0   0 100   0   0   0   0   0   0   0   0     0    0    0   0.000      0  0.00
  166  166     0  20  80   0   0   0   0   0   0   0   0   0   0   0   0   0   0   0   0   0     0    0    0   0.500     16  0.00
  167  167   100   0   0   0   0   0   0   0   0   0   0   0   0   0   0   0   0   0   0   0     0    0    0   0.000      0  0.00
  168  168     0   0   0   0   0   0   0   0   0   0   0   0   0   0   0   0   0   0   0 100     0    0    0   0.000      0  0.00
  169  169     0   0   7   0   0   0   0   0   0   0   0  93   0   0   0   0   0   0   0   0     0    0    0   0.245      8  0.00
  170  170     0   0   0   0   0   0   0   0   0   0   0   0   0   0   0  80   0  13   0   7     0    0    0   0.628     20  0.00
  171  171     0   0   0   0   0   0   0   0   0   0   0   0 100   0   0   0   0   0   0   0     0    0    0   0.000      0  0.00
  172  172   100   0   0   0   0   0   0   0   0   0   0   0   0   0   0   0   0   0   0   0     0    0    0   0.000      0  0.00
  173  173     0   0   0   0   0   0   0   0   0   0   0   0   0   0   0  93   0   7   0   0     0    0    0   0.245      8  0.00
  174  174     0   0   0   0   0   0   0   0   0   0  13   0   0   0   0   0   0   0  80   7     0    0    0   0.628     20  0.00
  175  175     0 100   0   0   0   0   0   0   0   0   0   0   0   0   0   0   0   0   0   0     0    0    0   0.000      0  0.00
  176  176     0   0   0   0   0   0   0   0   0   0   0   0   0   0   0   0   0  80   0  20     0    0    0   0.500     16  0.00
  177  177     7   0  33   0  60   0   0   0   0   0   0   0   0   0   0   0   0   0   0   0     0    0    0   0.853     28  0.00
  178  178     0   0   0   0   0   0   0   0   0   0  80  20   0   0   0   0   0   0   0   0     0    0    0   0.500     16  0.00
  179  179   100   0   0   0   0   0   0   0   0   0   0   0   0   0   0   0   0   0   0   0     0    0    0   0.000      0  0.00
  180  180     0   0   0   0   0   0   0   0   0   0   0   0   0   7  80   0  13   0   0   0     0    0    0   0.628     20  0.00
  181  181    13   7  80   0   0   0   0   0   0   0   0   0   0   0   0   0   0   0   0   0     0    0    0   0.628     20  0.00
  182  182     0   0   0   0   0   0   0 100   0   0   0   0   0   0   0   0   0   0   0   0     0    0    0   0.000      0  0.00
  183  183     0   0   0   0   0   0   0   0   0   0   0   0   0   0   0   0   0  20   0  80     0    0    0   0.500     16  0.00
  184  184     0   0   0 100   0   0   0   0   0   0   0   0   0   0   0   0   0   0   0   0     0    0    0   0.000      0  0.00
  185  185     0   0   0   0   0   0   0   0   0   0   0   0 100   0   0   0   0   0   0   0     0    0    0   0.000      0  0.00
  186  186     0   0   0   0   0   0   0   0   0   0   0   0   0   0   7  93   0   0   0   0     0    0    0   0.245      8  0.00
  187  187     0   0   0   0   0   0   0   0   0   0   0   0   0   0  13   7   0  80   0   0     0    0    0   0.628     20  0.00
  188  188     0   0   0   0   0   0   0   0   7   0  73  20   0   0   0   0   0   0   0   0     0    0    0   0.730     24  0.00
  189  189     0   0   0   0   0   0   0   0   0   0 100   0   0   0   0   0   0   0   0   0     0    0    0   0.000      0  0.00
  190  190     0   0   0   0   0   0   0   0   0   0   0   0   0   0   0   0   0  60   0  40     0    0    0   0.673     22  0.00
  191  191     0 100   0   0   0   0   0   0   0   0   0   0   0   0   0   0   0   0   0   0     0    0    0   0.000      0  0.00
  192  192     0   0   0   0   0   0   0   0   0   0  20   0   0   0   0   0   0  80   0   0     0    0    0   0.500     16  0.00
  193  193    80   0   0   0   0   0   0   0  13   0   0   0   0   0   0   7   0   0   0   0     0    0    0   0.628     20  0.00
  194  194     0   0   0   0   0   0   0   0   0   0   0   0   0   0  20  80   0   0   0   0     0    0    0   0.500     16  0.00
  195  195     0   0   0   0   0   0   0   0   0   0   0   0   0   0   0   0   0   0   0 100     0    0    0   0.000      0  0.00
  196  196     0   0   0   0   0   0   0  80   0   0  20   0   0   0   0   0   0   0   0   0     0    0    0   0.500     16  0.00
  197  197     0  20   0   0  80   0   0   0   0   0   0   0   0   0   0   0   0   0   0   0     0    0    0   0.500     16  0.00
  198  198     0   0   0   0   0   0   0   0   0   0   0   0   0   0   0 100   0   0   0   0     0    0    0   0.000      0  0.00
  199  199    20   0   0   0   0   0  80   0   0   0   0   0   0   0   0   0   0   0   0   0     0    0    0   0.500     16  0.00
  200  200    73   0   7   0   0   0   0   0   0   0   0   0   0   0   0  20   0   0   0   0     0    0    0   0.730     24  0.00
  201  201     0   0   0   0   0   0   0   0   0   0   0   0   0   0   0   0   0   0  20  80     0    0    0   0.500     16  0.00
  202  202     0   0   0   0   0   0   0 100   0   0   0   0   0   0   0   0   0   0   0   0     0    0    0   0.000      0  0.00
  203  203     0   0   0   0   0   0   0   0   0   0  86   0   0   0   0  14   0   0   0   0     0    0    0   0.410     13  0.00
  204  204    29  14   0   0   0   0   0   0  57   0   0   0   0   0   0   0   0   0   0   0     0    0    0   0.956     31  0.00
  205  205     0  14   0   0   0   0   0   0   0   0  86   0   0   0   0   0   0   0   0   0     0    0    0   0.410     13  0.00
  206  206     0   0   0   0   0   0   0   0   0   0   0   0   0   0   0   7   0  93   0   0     0    0    0   0.245      8  0.00
  207  207     0   8   0   0   0   0   0  69   0   0   0   0   0   0   0   0   0   0   0  23     0    0    0   0.790     26  0.00
  208  208    23   8   0   0   0   0   0   0  69   0   0   0   0   0   0   0   0   0   0   0     0    0    0   0.790     26  0.00
  209  209     0   0   0   0   0   0   0   0  23   0   0  69   0   0   0   0   0   0   0   8     0    0    0   0.790     26  0.00
  210  210     0   0   0   0   0   0   0   0   0   0   0   0   0   0   0   0   0   0   0 100     0    0    0   0.000      0  0.00
  211  211     0   0   0   0   0   0   0   0   0   0   0   0   0   0   0   0   0   0   0 100     0    0    0   0.000      0  0.00
  212  212     0   0  13   0   0   0   0   0   0   0   0  87   0   0   0   0   0   0   0   0     0    0    0   0.393     13  0.00
  213  213     0  13   0   0   7   0   0   0   0   0  80   0   0   0   0   0   0   0   0   0     0    0    0   0.628     20  0.00
  214  214    13  80   0   0   0   0   0   0   0   0   7   0   0   0   0   0   0   0   0   0     0    0    0   0.628     20  0.00
  215  215     0  13  87   0   0   0   0   0   0   0   0   0   0   0   0   0   0   0   0   0     0    0    0   0.393     13  0.00
  216  216     0   0   0   0   0   0   0   0   0   0   0   0   0   7  13   0   0   0  20  60     0    0    0   1.078     35  0.00
  217  217     0   0   0   0   0   0   0   0   0   0  80  20   0   0   0   0   0   0   0   0     0    0    0   0.500     16  0.00
  218  218     0   0   0   0   0   0   0   0  20  20   0  60   0   0   0   0   0   0   0   0     0    0    0   0.950     31  0.00
  219  219     0   0   0   0   0   0   0   0   0   0   0  13   0   0   0  87   0   0   0   0     0    0    0   0.393     13  0.00
  220  220     0 100   0   0   0   0   0   0   0   0   0   0   0   0   0   0   0   0   0   0     0    0    0   0.000      0  0.00
  221  221     0   0  20   0   0   0   0   0   0   0   0   0   0   0   0  80   0   0   0   0     0    0    0   0.500     16  0.00
  222  222     0   0   0   0   0   0   0   0  80   0  20   0   0   0   0   0   0   0   0   0     0    0    0   0.500     16  0.00
  223  223     0   0   0   0   0   0   0   0   0   0   0   0 100   0   0   0   0   0   0   0     0    0    0   0.000      0  0.00
  224  224   100   0   0   0   0   0   0   0   0   0   0   0   0   0   0   0   0   0   0   0     0    0    0   0.000      0  0.00
//
