ID Pseudo hssp file.
SEQ 
SEQ gi|121819|sp|P14090|GUNC_CELFI ENDOGLUCANASE C PRECURSOR (ENDO-1...   286  1e-76
SEQ gi|7546261|pdb|1CX1|A Chain A, Second N-Terminal Cellulose-Bindi...   276  1e-73
SEQ gi|6468241|emb|CAB61539.1| (AL133171) secreted endoglucanase [St...    79  2e-14
SEQ gi|310897|gb|AAC06387.1| (L20094) beta-1,4-endoglucanase precurs...    78  9e-14
SEQ gi|544460|sp|Q05156|GUN1_STRRE CELLULASE 1 PRECURSOR (ENDOGLUCAN...    73  2e-12
SEQ gi|2098446|pdb|1ULO|    N-Terminal Cellulose-Binding Domain From...    73  2e-12
SEQ gi|895875|emb|CAA54086.1| (X76640) beta-1,4-glycanase [Myxococcu...    63  2e-09
SEQ 
## SEQUENCE PROFILE AND ENTROPY
 SeqNo PDBNo   V   L   I   M   F   W   Y   G   A   P   S   T   C   H   R   K   Q   E   N   D  NOCC NDEL NINS ENTROPY RELENT WEIGHT
    1    1     0   0   0   0   0   0   0   0 100   0   0   0   0   0   0   0   0   0   0   0     0    0    0   0.000      0  0.00
    2    2     0   0   0   0   0   0   0   0  33   0  67   0   0   0   0   0   0   0   0   0     0    0    0   0.637     21  0.00
    3    3     0 100   0   0   0   0   0   0   0   0   0   0   0   0   0   0   0   0   0   0     0    0    0   0.000      0  0.00
    4    4     0   0   0   0   0   0   0   0   0   0   0   0   0   0   0   0   0   0   0 100     0    0    0   0.000      0  0.00
    5    5     0   0   0   0   0   0   0   0  25   0  75   0   0   0   0   0   0   0   0   0     0    0    0   0.562     18  0.00
    6    6     0  14   0   0   0   0   0   0   0   0   0   0   0   0   0   0   0  86   0   0     0    0    0   0.410     13  0.00
    7    7    71   0   0   0   0   0   0   0   0   0   0  29   0   0   0   0   0   0   0   0     0    0    0   0.598     19  0.00
    8    8     0   0   0   0   0   0   0   0   0   0   0   0   0   0   0   0   0  86  14   0     0    0    0   0.410     13  0.00
    9    9     0  57   0   0   0   0   0   0   0   0   0   0   0   0   0   0  43   0   0   0     0    0    0   0.683     22  0.00
   10   10    43  43  14   0   0   0   0   0   0   0   0   0   0   0   0   0   0   0   0   0     0    0    0   1.004     33  0.00
   11   11     0   0   0   0   0   0   0   0   0  43  14   0   0   0  43   0   0   0   0   0     0    0    0   1.004     33  0.00
   12   12     0   0   0   0   0   0   0   0   0   0   0   0   0  43   0   0   0   0  57   0     0    0    0   0.683     22  0.00
   13   13     0   0   0   0   0   0   0  57   0   0   0  43   0   0   0   0   0   0   0   0     0    0    0   0.683     22  0.00
   14   14     0   0   0   0   0   0   0   0   0   0  43  43   0   0   0   0   0   0   0  14     0    0    0   1.004     33  0.00
   15   15     0   0   0   0 100   0   0   0   0   0   0   0   0   0   0   0   0   0   0   0     0    0    0   0.000      0  0.00
   16   16     0   0   0   0   0   0   0  14  43   0  14   0   0   0   0   0   0   0   0  29     0    0    0   1.277     42  0.00
   17   17     0   0   0   0   0   0   0  14   0   0  14  14   0   0   0   0   0  43  14   0     0    0    0   1.475     49  0.00
   18   18     0   0   0   0   0   0   0  29   0   0  43  29   0   0   0   0   0   0   0   0     0    0    0   1.079     36  0.00
   19   19    14  43   0   0   0   0   0   0   0   0   0  43   0   0   0   0   0   0   0   0     0    0    0   1.004     33  0.00
   20   20     0   0   0   0   0   0   0  43  14   0  14   0   0   0   0   0   0   0   0  29     0    0    0   1.277     42  0.00
   21   21     0   0   0   0   0   0   0   0   0  86  14   0   0   0   0   0   0   0   0   0     0    0    0   0.410     13  0.00
   22   22     0   0   0   0   0 100   0   0   0   0   0   0   0   0   0   0   0   0   0   0     0    0    0   0.000      0  0.00
   23   23    22   0   0   0   0  44   0   0   0   0  33   0   0   0   0   0   0   0   0   0     0    0    0   1.061     35  0.00
   24   24     0  33   0   0   0   0   0  11  22   0  11  22   0   0   0   0   0   0   0   0     0    0    0   1.523     50  0.00
   25   25     0   0   0   0   0   0  56  11   0   0  22  11   0   0   0   0   0   0   0   0     0    0    0   1.149     38  0.00
   26   26     0   0   0   0   0   0   0  56   0  11  11   0   0   0   0   0   0  11  11   0     0    0    0   1.303     43  0.00
   27   27    11   0   0   0   0   0   0   0   0   0   0  56   0   0   0   0   0   0  33   0     0    0    0   0.937     31  0.00
   28   28    11   0  11   0   0   0   0   0   0   0  33  22   0   0   0   0   0   0   0  22     0    0    0   1.523     50  0.00
   29   29     0   0   0   0   0   0   0  22  11   0   0  11   0   0   0   0  22  33   0   0     0    0    0   1.523     50  0.00
   30   30     0  11   0   0   0   0   0  11  11  56  11   0   0   0   0   0   0   0   0   0     0    0    0   1.303     43  0.00
   31   31    33  33   0   0   0   0   0   0  11   0   0   0   0   0  11   0   0   0  11   0     0    0    0   1.465     48  0.00
   32   32    38   0   0   0  38   0   0   0   0   0   0  25   0   0   0   0   0   0   0   0     0    0    0   1.082     36  0.00
   33   33     0   0   0   0   0   0   0   0  33   0  33  22   0   0   0   0   0  11   0   0     0    0    0   1.311     43  0.00
   34   34     0   0   0   0   0   0   0   0   0   0   0  22   0   0   0   0   0   0  11  67     0    0    0   0.849     28  0.00
   35   35     0   0   0   0   0   0   0  89  11   0   0   0   0   0   0   0   0   0   0   0     0    0    0   0.349     11  0.00
   36   36     0   0   0  11   0   0   0   0  22   0   0   0   0   0  67   0   0   0   0   0     0    0    0   0.849     28  0.00
   37   37     0  67   0  33   0   0   0   0   0   0   0   0   0   0   0   0   0   0   0   0     0    0    0   0.637     21  0.00
   38   38     0   0   0   0   0   0   0   0   0   0   0   0  89   0  11   0   0   0   0   0     0    0    0   0.349     11  0.00
   39   39    78   0   0   0   0   0   0   0  22   0   0   0   0   0   0   0   0   0   0   0     0    0    0   0.530     17  0.00
   40   40     0   0   0   0   0   0   0   0  22   0   0   0   0   0   0   0   0   0   0  78     0    0    0   0.530     17  0.00
   41   41    56  33   0   0   0   0   0   0  11   0   0   0   0   0   0   0   0   0   0   0     0    0    0   0.937     31  0.00
   42   42     0   0   0   0   0   0   0  11   0  89   0   0   0   0   0   0   0   0   0   0     0    0    0   0.349     11  0.00
   43   43     0   0   0   0   0   0   0  78  22   0   0   0   0   0   0   0   0   0   0   0     0    0    0   0.530     17  0.00
   44   44     0   0   0   0   0   0   0 100   0   0   0   0   0   0   0   0   0   0   0   0     0    0    0   0.000      0  0.00
   45   45     0   0   0   0   0   0   0   0   0   0  22  44   0   0   0   0  33   0   0   0     0    0    0   1.061     35  0.00
   46   46    11   0   0   0   0   0   0  33  33   0   0  22   0   0   0   0   0   0   0   0     0    0    0   1.311     43  0.00
   47   47     0   0   0   0   0   0   0   0   0   0   0   0   0   0   0   0  22   0  78   0     0    0    0   0.530     17  0.00
   48   48     0   0   0   0   0   0   0   0   0  71   0   0   0   0  29   0   0   0   0   0     0    0    0   0.598     19  0.00
   49   49     0   0   0   0   0  78  22   0   0   0   0   0   0   0   0   0   0   0   0   0     0    0    0   0.530     17  0.00
   50   50     0   0   0   0   0   0   0  22   0   0   0   0   0   0   0   0   0   0   0  78     0    0    0   0.530     17  0.00
   51   51    33   0   0   0   0   0   0   0  56   0  11   0   0   0   0   0   0   0   0   0     0    0    0   0.937     31  0.00
   52   52     0  11  11   0   0   0   0  56  22   0   0   0   0   0   0   0   0   0   0   0     0    0    0   1.149     38  0.00
   53   53    22  44  33   0   0   0   0   0   0   0   0   0   0   0   0   0   0   0   0   0     0    0    0   1.061     35  0.00
   54   54    56   0   0   0   0   0   0  44   0   0   0   0   0   0   0   0   0   0   0   0     0    0    0   0.687     22  0.00
   55   55     0  22   0   0   0   0  33   0   0   0   0   0   0   0   0   0  44   0   0   0     0    0    0   1.061     35  0.00
   56   56     0   0   0   0   0   0   0   0   0   0   0   0   0   0   0   0   0   0  78  22     0    0    0   0.530     17  0.00
   57   57     0   0   0   0   0   0   0  56   0   0   0   0   0   0   0   0   0   0   0  44     0    0    0   0.687     22  0.00
   58   58    67   0  33   0   0   0   0   0   0   0   0   0   0   0   0   0   0   0   0   0     0    0    0   0.637     21  0.00
   59   59     0   0   0   0   0   0   0   0  22  56   0  22   0   0   0   0   0   0   0   0     0    0    0   0.995     33  0.00
   60   60    33  44  22   0   0   0   0   0   0   0   0   0   0   0   0   0   0   0   0   0     0    0    0   1.061     35  0.00
   61   61    33   0  11   0   0   0   0  33   0   0   0   0   0   0   0   0   0  22   0   0     0    0    0   1.311     43  0.00
   62   62     0   0   0   0   0   0   0   0  11   0   0   0   0   0   0  11   0  67  11   0     0    0    0   1.003     33  0.00
   63   63     0   0   0   0   0   0   0 100   0   0   0   0   0   0   0   0   0   0   0   0     0    0    0   0.000      0  0.00
   64   64     0   0   0   0   0   0   0   0   0   0   0  22   0   0  11   0   0  67   0   0     0    0    0   0.849     28  0.00
   65   65     0   0   0   0   0   0   0   0  11   0  56  33   0   0   0   0   0   0   0   0     0    0    0   0.937     31  0.00
   66   66     0   0   0   0   0   0 100   0   0   0   0   0   0   0   0   0   0   0   0   0     0    0    0   0.000      0  0.00
   67   67    33   0   0   0   0   0   0   0  11   0   0  33   0   0  11  11   0   0   0   0     0    0    0   1.465     48  0.00
   68   68     0  67   0   0  33   0   0   0   0   0   0   0   0   0   0   0   0   0   0   0     0    0    0   0.637     21  0.00
   69   69     0   0   0   0   0   0   0   0   0   0  78   0   0   0  22   0   0   0   0   0     0    0    0   0.530     17  0.00
   70   70     0   0   0   0  78   0  22   0   0   0   0   0   0   0   0   0   0   0   0   0     0    0    0   0.530     17  0.00
   71   71     0   0   0   0   0   0   0   0   0   0   0  89   0  11   0   0   0   0   0   0     0    0    0   0.349     11  0.00
   72   72     0   0   0   0   0   0   0   0 100   0   0   0   0   0   0   0   0   0   0   0     0    0    0   0.000      0  0.00
   73   73     0   0   0   0   0   0   0   0   0   0  67  33   0   0   0   0   0   0   0   0     0    0    0   0.637     21  0.00
   74   74     0   0   0   0   0   0   0  22  67   0  11   0   0   0   0   0   0   0   0   0     0    0    0   0.849     28  0.00
   75   75     0   0  11   0   0   0   0   0   0   0  33  56   0   0   0   0   0   0   0   0     0    0    0   0.937     31  0.00
   76   76    22   0   0   0   0   0   0   0   0  56   0  22   0   0   0   0   0   0   0   0     0    0    0   0.995     33  0.00
   77   77     0   0   0   0   0   0   0   0   0  11  11   0   0   0   0   0   0  11   0  67     0    0    0   1.003     33  0.00
   78   78    33   0   0  33   0   0   0   0   0   0   0  11   0  22   0   0   0   0   0   0     0    0    0   1.311     43  0.00
   79   79    22   0   0   0   0   0   0   0   0  33  11  33   0   0   0   0   0   0   0   0     0    0    0   1.311     43  0.00
   80   80    89   0  11   0   0   0   0   0   0   0   0   0   0   0   0   0   0   0   0   0     0    0    0   0.349     11  0.00
   81   81     0   0   0   0   0   0   0   0   0   0   0   0   0   0 100   0   0   0   0   0     0    0    0   0.000      0  0.00
   82   82    44   0   0   0   0   0   0   0  56   0   0   0   0   0   0   0   0   0   0   0     0    0    0   0.687     22  0.00
   83   83    11  67  11   0   0   0   0   0   0   0   0  11   0   0   0   0   0   0   0   0     0    0    0   1.003     33  0.00
   84   84   100   0   0   0   0   0   0   0   0   0   0   0   0   0   0   0   0   0   0   0     0    0    0   0.000      0  0.00
   85   85     0   0   0   0   0   0   0  78   0   0   0   0   0   0   0   0  22   0   0   0     0    0    0   0.530     17  0.00
   86   86     0  33   0   0   0   0   0   0   0   0   0   0   0   0   0   0  22  44   0   0     0    0    0   1.061     35  0.00
   87   87     0   0   0   0   0   0   0  33  11  11  11   0   0   0   0   0   0  11  22   0     0    0    0   1.677     55  0.00
   88   88    33   0   0   0   0   0   0  56   0   0  11   0   0   0   0   0   0   0   0   0     0    0    0   0.937     31  0.00
   89   89     0   0   0   0   0   0   0  33  33   0  22   0   0   0   0   0   0  11   0   0     0    0    0   1.311     43  0.00
   90   90     0   0   0   0   0   0   0   0  33  67   0   0   0   0   0   0   0   0   0   0     0    0    0   0.637     21  0.00
   91   91     0   0   0   0   0  11  89   0   0   0   0   0   0   0   0   0   0   0   0   0     0    0    0   0.349     11  0.00
   92   92     0   0   0   0   0   0   0  22   0   0   0  22   0   0  33   0   0   0   0  22     0    0    0   1.369     45  0.00
   93   93     0   0   0   0   0   0   0   0  11   0   0  89   0   0   0   0   0   0   0   0     0    0    0   0.349     11  0.00
   94   94    25   0   0   0   0   0  13   0  38  13   0   0   0   0   0   0  13   0   0   0     0    0    0   1.494     49  0.00
   95   95     0  33   0  11  33  11  11   0   0   0   0   0   0   0   0   0   0   0   0   0     0    0    0   1.465     48  0.00
   96   96     0   0   0   0   0   0   0   0   0   0   0   0   0   0   0   0  11  44   0  44     0    0    0   0.965     32  0.00
   97   97     0   0  11   0   0   0   0   0   0   0   0  22   0   0  11   0  33  22   0   0     0    0    0   1.523     50  0.00
   98   98     0   0   0   0   0   0   0  50  17   0  33   0   0   0   0   0   0   0   0   0     0    0    0   1.011     33  0.00
   99   99     0   0   0   0   0   0   0   0   0  22  56   0   0   0  11   0  11   0   0   0     0    0    0   1.149     38  0.00
  100  100     0   0  11   0   0   0   0   0  67  22   0   0   0   0   0   0   0   0   0   0     0    0    0   0.849     28  0.00
  101  101    14  14   0   0   0   0   0   0   0  43   0  14   0   0   0   0  14   0   0   0     0    0    0   1.475     49  0.00
  102  102     0 100   0   0   0   0   0   0   0   0   0   0   0   0   0   0   0   0   0   0     0    0    0   0.000      0  0.00
  103  103     0   0   0   0   0   0   0  11   0   0  11  67   0   0   0   0   0   0   0  11     0    0    0   1.003     33  0.00
  104  104    11   0   0   0   0   0   0  44   0  11  22   0   0   0   0   0   0  11   0   0     0    0    0   1.427     47  0.00
  105  105     0   0   0   0   0   0   0   0  11   0  11  11   0   0   0   0   0  67   0   0     0    0    0   1.003     33  0.00
  106  106     0   0   0   0   0   0   0  11  11  56  11   0   0   0   0   0   0   0   0  11     0    0    0   1.303     43  0.00
  107  107     0   0   0   0   0   0   0  11  33   0   0   0   0   0  33   0   0  11  11   0     0    0    0   1.465     48  0.00
  108  108     0   0   0   0   0   0   0   0   0   0  11  56   0   0  11   0  22   0   0   0     0    0    0   1.149     38  0.00
  109  109    22   0   0   0  11   0  33   0   0   0   0   0   0   0  33   0   0   0   0   0     0    0    0   1.311     43  0.00
  110  110     0   0   0   0   0   0   0   0   0   0  22  33   0   0   0   0   0  44   0   0     0    0    0   1.061     35  0.00
  111  111     0   0   0   0  22   0  56   0   0   0   0   0   0   0   0   0   0  22   0   0     0    0    0   0.995     33  0.00
  112  112    11   0   0   0   0   0   0   0  33  11   0  44   0   0   0   0   0   0   0   0     0    0    0   1.215     40  0.00
  113  113     0   0   0   0 100   0   0   0   0   0   0   0   0   0   0   0   0   0   0   0     0    0    0   0.000      0  0.00
  114  114     0   0   0   0   0   0   0   0   0   0   0 100   0   0   0   0   0   0   0   0     0    0    0   0.000      0  0.00
  115  115     0   0   0   0   0   0   0   0  33   0  67   0   0   0   0   0   0   0   0   0     0    0    0   0.637     21  0.00
  116  116     0   0   0   0   0   0   0   0   0   0  29  14   0   0   0   0   0   0  57   0     0    0    0   0.956     31  0.00
  117  117    14  57   0   0   0   0   0   0  29   0   0   0   0   0   0   0   0   0   0   0     0    0    0   0.956     31  0.00
  118  118     0   0   0   0   0   0   0   0   0   0   0  83   0   0   0   0   0   0   0  17     0    0    0   0.451     15  0.00
  119  119     0   0   0   0  50  17  33   0   0   0   0   0   0   0   0   0   0   0   0   0     0    0    0   1.011     33  0.00
  120  120     0   0   0   0   0   0   0   0   0  83   0   0   0   0   0   0   0   0   0  17     0    0    0   0.451     15  0.00
  121  121     0   0   0   0   0   0   0   0   0 100   0   0   0   0   0   0   0   0   0   0     0    0    0   0.000      0  0.00
  122  122    29   0   0   0   0   0   0   0  29   0   0   0   0   0   0   0   0   0   0  43     0    0    0   1.079     36  0.00
  123  123     0   0   0   0   0   0   0  38  38   0   0   0   0   0   0   0   0   0   0  25     0    0    0   1.082     36  0.00
  124  124     0   0   0   0   0   0   0   0   0   0   0  38   0   0   0   0   0   0   0  63     0    0    0   0.662     22  0.00
  125  125     0   0   0   0   0   0   0   0  50   0   0  13   0   0   0   0  13   0   0  25     0    0    0   1.213     40  0.00
  126  126     0   0   0   0   0   0   0   0  11  56   0   0   0   0   0   0  22   0   0  11     0    0    0   1.149     38  0.00
  127  127     0   0   0   0   0   0   0  89  11   0   0   0   0   0   0   0   0   0   0   0     0    0    0   0.349     11  0.00
  128  128     0   0   0   0   0   0   0   0   0   0   0   0   0   0   0   0 100   0   0   0     0    0    0   0.000      0  0.00
  129  129    78   0  22   0   0   0   0   0   0   0   0   0   0   0   0   0   0   0   0   0     0    0    0   0.530     17  0.00
  130  130     0   0   0   0   0   0   0  11  78   0   0  11   0   0   0   0   0   0   0   0     0    0    0   0.684     22  0.00
  131  131     0   0   0   0 100   0   0   0   0   0   0   0   0   0   0   0   0   0   0   0     0    0    0   0.000      0  0.00
  132  132     0   0   0   0   0   0   0   0   0   0   0   0   0  33   0   0  67   0   0   0     0    0    0   0.637     21  0.00
  133  133    11  67  11  11   0   0   0   0   0   0   0   0   0   0   0   0   0   0   0   0     0    0    0   1.003     33  0.00
  134  134     0   0   0   0   0   0   0 100   0   0   0   0   0   0   0   0   0   0   0   0     0    0    0   0.000      0  0.00
  135  135     0   0   0   0   0   0   0  11   0   0  33  11   0   0  11  33   0   0   0   0     0    0    0   1.465     48  0.00
  136  136     0   0   0   0   0   0   0   0  67  11  11  11   0   0   0   0   0   0   0   0     0    0    0   1.003     33  0.00
  137  137     0   0   0   0   0   0   0  33   0   0   0  11   0   0   0   0   0   0   0  56     0    0    0   0.937     31  0.00
  138  138     0   0   0   0   0   0   0  11  78  11   0   0   0   0   0   0   0   0   0   0     0    0    0   0.684     22  0.00
  139  139     0   0   0   0  11  56  33   0   0   0   0   0   0   0   0   0   0   0   0   0     0    0    0   0.937     31  0.00
  140  140     0   0   0   0   0   0   0   0   0   0  11  33   0   0  22   0   0  33   0   0     0    0    0   1.311     43  0.00
  141  141     0  11   0   0  78   0   0   0  11   0   0   0   0   0   0   0   0   0   0   0     0    0    0   0.684     22  0.00
  142  142     0   0   0   0  11   0   0   0   0   0   0   0  89   0   0   0   0   0   0   0     0    0    0   0.349     11  0.00
  143  143    22  33  44   0   0   0   0   0   0   0   0   0   0   0   0   0   0   0   0   0     0    0    0   1.061     35  0.00
  144  144     0   0   0   0   0   0   0   0   0   0  33   0   0   0   0   0   0   0   0  67     0    0    0   0.637     21  0.00
  145  145     0   0   0   0   0   0   0   0   0   0   0   0   0   0   0   0  33   0   0  67     0    0    0   0.637     21  0.00
  146  146    89   0  11   0   0   0   0   0   0   0   0   0   0   0   0   0   0   0   0   0     0    0    0   0.349     11  0.00
  147  147     0   0   0   0   0   0   0   0  33   0  67   0   0   0   0   0   0   0   0   0     0    0    0   0.637     21  0.00
  148  148     0 100   0   0   0   0   0   0   0   0   0   0   0   0   0   0   0   0   0   0     0    0    0   0.000      0  0.00
  149  149     0   0   0   0   0   0   0   0   0   0   0 100   0   0   0   0   0   0   0   0     0    0    0   0.000      0  0.00
  150  150     0   0   0   0   0   0   0   0   0   0   0 100   0   0   0   0   0   0   0   0     0    0    0   0.000      0  0.00
  151  151     0   0   0   0   0   0   0   0   0   0 100   0   0   0   0   0   0   0   0   0     0    0    0   0.000      0  0.00
  152  152     0   0   0   0   0   0   0   0 100   0   0   0   0   0   0   0   0   0   0   0     0    0    0   0.000      0  0.00
  153  153     0   0   0   0   0   0   0   0   0   0   0 100   0   0   0   0   0   0   0   0     0    0    0   0.000      0  0.00
//
