ID Pseudo hssp file.
SEQ 
SEQ gi|4502123|ref|NP_001151.1| apoptotic protease activating factor...   181  2e-45
SEQ gi|4929487|gb|AAD34016.1|AF149794_1 (AF149794) apoptotic proteas...   181  2e-45
SEQ gi|7108333|ref|NP_037361.1| apoptotic protease activating factor...   181  2e-45
SEQ gi|5869870|emb|CAB55579.1| (AJ243003) apoptotic protease activat...   181  2e-45
SEQ gi|5869872|emb|CAB55580.1| (AJ243004) apoptotic protease activat...   181  2e-45
SEQ gi|5869874|emb|CAB55581.1| (AJ243005) apoptotic protease activat...   181  2e-45
SEQ gi|5869876|emb|CAB55582.1| (AJ243006) apoptotic protease activat...   181  2e-45
SEQ gi|5869878|emb|CAB55583.1| (AJ243007) apoptotic protease activat...   181  2e-45
SEQ gi|5869880|emb|CAB55584.1| (AJ243008) apoptotic protease activat...   181  2e-45
SEQ gi|5869882|emb|CAB55585.1| (AJ243009) apoptotic protease activat...   181  2e-45
SEQ gi|5869884|emb|CAB55586.1| (AJ243010) apoptotic protease activat...   181  2e-45
SEQ gi|5869886|emb|CAB55587.1| (AJ243011) protease activating factor...   181  2e-45
SEQ gi|5921467|emb|CAB56462.1| (AJ243107) apoptotic protease activat...   181  2e-45
SEQ gi|13651751|ref|XP_006886.3| apoptotic protease activating facto...   181  2e-45
SEQ gi|13651753|ref|XP_006885.3| apoptotic protease activating facto...   181  2e-45
SEQ gi|6980457|pdb|1CWW|A Chain A, Solution Structure Of The Caspase...   175  1e-43
SEQ gi|13506925|gb|AAK28401.1| (AF248734) apoptotic protease activat...   174  2e-43
SEQ gi|6137576|pdb|1CY5|A Chain A, Crystal Structure Of The Apaf-1 Card   171  2e-42
SEQ gi|7767040|pdb|3YGS|C Chain C, Apaf-1 Card In Complex With Prodo...   171  2e-42
SEQ gi|6137458|pdb|1C15|A Chain A, Solution Structure Of Apaf-1 Card      169  5e-42
SEQ gi|7767039|pdb|2YGS|A Chain A, Card Domain From Apaf-1                169  6e-42
SEQ gi|13027436|ref|NP_076469.1| apoptotic protease activating facto...   149  1e-35
SEQ gi|6857755|ref|NP_033814.1| apoptotic protease activating factor...   147  3e-35
SEQ gi|7677507|gb|AAF67189.1|AF251502_1 (AF251502) Apaf-1 [Danio rerio]   101  3e-21
SEQ gi|11342537|emb|CAC17122.1| (AJ299439) apoptotic protease activa...    61  2e-09
SEQ 
## SEQUENCE PROFILE AND ENTROPY
 SeqNo PDBNo   V   L   I   M   F   W   Y   G   A   P   S   T   C   H   R   K   Q   E   N   D  NOCC NDEL NINS ENTROPY RELENT WEIGHT
    1    1     0   0   0 100   0   0   0   0   0   0   0   0   0   0   0   0   0   0   0   0     0    0    0   0.000      0  0.00
    2    2     0   0   0   0   0   0   0   0   0   0   0   0   0   0   0   0   0   4   0  96     0    0    0   0.168      5  0.00
    3    3     0   0   0   0   0   0   0   0  96   0   0   0   0   0   0   0   0   4   0   0     0    0    0   0.168      5  0.00
    4    4     0   0   0   0   0   0   0   0   0   0   0   0   0   0   4  96   0   0   0   0     0    0    0   0.168      5  0.00
    5    5     0   0   0   0   0   0   0   0 100   0   0   0   0   0   0   0   0   0   0   0     0    0    0   0.000      0  0.00
    6    6     0   0   0   0   0   0   0   0   0   0   0   0   0   0 100   0   0   0   0   0     0    0    0   0.000      0  0.00
    7    7     0   0   0   0   0   0   0   0   0   0   4   0   0   0   0   0   0   0  96   0     0    0    0   0.168      5  0.00
    8    8     0   0   0   0   0   0   0   0   0   0   0   0  96   0   4   0   0   0   0   0     0    0    0   0.168      5  0.00
    9    9     0 100   0   0   0   0   0   0   0   0   0   0   0   0   0   0   0   0   0   0     0    0    0   0.000      0  0.00
   10   10     0 100   0   0   0   0   0   0   0   0   0   0   0   0   0   0   0   0   0   0     0    0    0   0.000      0  0.00
   11   11     0   0   0   0   0   0   0   0   0   0   0   0   0   0   4   0  96   0   0   0     0    0    0   0.168      5  0.00
   12   12     0   0   0   0   0   0   0   0   0   0   4   0   0  96   0   0   0   0   0   0     0    0    0   0.168      5  0.00
   13   13     0   0   0   0   0   0   0   0   0   0   0   0   0   0  92   8   0   0   0   0     0    0    0   0.279      9  0.00
   14   14     0   0   0   0   0   0   0   0   4   0   0   0   0   0   0   0   0  96   0   0     0    0    0   0.168      5  0.00
   15   15     0   0   0   0   0   0   0   0  96   0   0   4   0   0   0   0   0   0   0   0     0    0    0   0.168      5  0.00
   16   16     0 100   0   0   0   0   0   0   0   0   0   0   0   0   0   0   0   0   0   0     0    0    0   0.000      0  0.00
   17   17     0   0   0   0   0   0   0   0   0   0   0   0   0   0   0   0   0 100   0   0     0    0    0   0.000      0  0.00
   18   18     0   0   0   0   0   0   0   0   0   0   0   0   0   0   0  96   4   0   0   0     0    0    0   0.168      5  0.00
   19   19     0   0   0   0   0   0   0   0   0   0   0   0   0   0   0   0   0   0   0 100     0    0    0   0.000      0  0.00
   20   20     0   0 100   0   0   0   0   0   0   0   0   0   0   0   0   0   0   0   0   0     0    0    0   0.000      0  0.00
   21   21     0   0   0   0   0   0   0   0   0   0   0   0   0   0   0 100   0   0   0   0     0    0    0   0.000      0  0.00
   22   22     0   0   0   0   0   0   0   0   4   0   0  96   0   0   0   0   0   0   0   0     0    0    0   0.168      5  0.00
   23   23     0   0   0   0   0   0   0   0   0   0 100   0   0   0   0   0   0   0   0   0     0    0    0   0.000      0  0.00
   24   24     0   0   0   0   0   0 100   0   0   0   0   0   0   0   0   0   0   0   0   0     0    0    0   0.000      0  0.00
   25   25     0   4  96   0   0   0   0   0   0   0   0   0   0   0   0   0   0   0   0   0     0    0    0   0.168      5  0.00
   26   26     0   0   0 100   0   0   0   0   0   0   0   0   0   0   0   0   0   0   0   0     0    0    0   0.000      0  0.00
   27   27     0   0   0   0   0   0   0   0   0   0   0   0   0   0   0   0   0   0   0 100     0    0    0   0.000      0  0.00
   28   28     0   0   0   0   0   0   0   0   0   0   0   0   0 100   0   0   0   0   0   0     0    0    0   0.000      0  0.00
   29   29     0   0   0 100   0   0   0   0   0   0   0   0   0   0   0   0   0   0   0   0     0    0    0   0.000      0  0.00
   30   30     0   0 100   0   0   0   0   0   0   0   0   0   0   0   0   0   0   0   0   0     0    0    0   0.000      0  0.00
   31   31     0   0   0   0   0   0   0   0   0   0 100   0   0   0   0   0   0   0   0   0     0    0    0   0.000      0  0.00
   32   32     0   0   0   0   0   0   0   0   0   0   0   0   0   0   0   0   0   0   8  92     0    0    0   0.279      9  0.00
   33   33     0   0   0   0   0   0   0 100   0   0   0   0   0   0   0   0   0   0   0   0     0    0    0   0.000      0  0.00
   34   34    12   0   0   0  88   0   0   0   0   0   0   0   0   0   0   0   0   0   0   0     0    0    0   0.367     12  0.00
   35   35     0 100   0   0   0   0   0   0   0   0   0   0   0   0   0   0   0   0   0   0     0    0    0   0.000      0  0.00
   36   36     0   0   0   0   0   0   0   0   0   0   4  96   0   0   0   0   0   0   0   0     0    0    0   0.168      5  0.00
   37   37     8   0  88   0   0   0   0   0   0   0   0   0   0   0   0   0   0   0   4   0     0    0    0   0.443     14  0.00
   38   38     4   0   4   0   0   0   0   0   0   0  88   0   0   0   0   0   0   0   0   4     0    0    0   0.499     16  0.00
   39   39     0   0   0   0   0   0   0   0   0   0   0   0   0   0   0   0   0 100   0   0     0    0    0   0.000      0  0.00
   40   40     0   0   0   0   0   0   0   0   0   0   0   0   0   0   0   0   0 100   0   0     0    0    0   0.000      0  0.00
   41   41     0   0   0   0   0   0   0   0   4   0   0   0   0   0   0   0   0  96   0   0     0    0    0   0.168      5  0.00
   42   42     0   0   0   0   0   0   0   0   0   0   0   0   0   0   0 100   0   0   0   0     0    0    0   0.000      0  0.00
   43   43   100   0   0   0   0   0   0   0   0   0   0   0   0   0   0   0   0   0   0   0     0    0    0   0.000      0  0.00
   44   44     0   4   0   0   0   0   0   0   0   0   0   0   0   0  88   8   0   0   0   0     0    0    0   0.443     14  0.00
   45   45     0   0   0   0   0   0   0   0   0   0  12   0   0   0   0   0   0   0  88   0     0    0    0   0.367     12  0.00
   46   46     0   0   0   0   0   0   0   0   0   0   0   0   0   0   0   4   8  88   0   0     0    0    0   0.443     14  0.00
   47   47     0   0   0   0   0   0   0   0  12  88   0   0   0   0   0   0   0   0   0   0     0    0    0   0.367     12  0.00
   48   48     0   0   0   0   0   0   0   0   0   0   0 100   0   0   0   0   0   0   0   0     0    0    0   0.000      0  0.00
   49   49     0   0   0   0   0   0   0   0   0   0   0   0   0   0   4   0  96   0   0   0     0    0    0   0.168      5  0.00
   50   50     0   0   0   0   0   0   8   0   0   0   0   0   0   0   0   4  88   0   0   0     0    0    0   0.443     14  0.00
   51   51     0   0   0   0   0   0   0   0   0   0   0   0   0   0   0   0  96   4   0   0     0    0    0   0.168      5  0.00
   52   52     0   0   0   0   0   0   0   0   0   0   0   0   0   0  96   0   4   0   0   0     0    0    0   0.168      5  0.00
   53   53     0   0   0   0   0   0   0   0 100   0   0   0   0   0   0   0   0   0   0   0     0    0    0   0.000      0  0.00
   54   54     4   0   0   0   0   0   0   0  96   0   0   0   0   0   0   0   0   0   0   0     0    0    0   0.168      5  0.00
   55   55     0   0   0  88   0   0   0   0  12   0   0   0   0   0   0   0   0   0   0   0     0    0    0   0.367     12  0.00
   56   56     0 100   0   0   0   0   0   0   0   0   0   0   0   0   0   0   0   0   0   0     0    0    0   0.000      0  0.00
   57   57     0   4  96   0   0   0   0   0   0   0   0   0   0   0   0   0   0   0   0   0     0    0    0   0.168      5  0.00
   58   58     0   0   0   0   0   0   0   0   0   0   0   0   0   0   0  96   0   4   0   0     0    0    0   0.168      5  0.00
   59   59     0   0   0  96   0   0   0   0   0   0   0   4   0   0   0   0   0   0   0   0     0    0    0   0.168      5  0.00
   60   60     0   4  96   0   0   0   0   0   0   0   0   0   0   0   0   0   0   0   0   0     0    0    0   0.163      5  0.00
   61   61     0 100   0   0   0   0   0   0   0   0   0   0   0   0   0   0   0   0   0   0     0    0    0   0.000      0  0.00
   62   62     0   0   0   0   0   0   0   0   0   0   0   0   0   0   4  88   0   0   8   0     0    0    0   0.431     14  0.00
   63   63     0   0   0   0   0   0   0   0   0   0   0   0   0   0   0 100   0   0   0   0     0    0    0   0.000      0  0.00
   64   64     0   0   0   0   0   0   0   0   0   0   0   0   0   0   0   0   0   0   0 100     0    0    0   0.000      0  0.00
   65   65     0   0   0   0   0   0   0   0   0   0   0   0   0   0   0   0   0   0 100   0     0    0    0   0.000      0  0.00
   66   66     0   0   0   0   0   0   8   0   0   0   0   0   4   0   4   0   0   0   0  85     0    0    0   0.589     19  0.00
   67   67     0   0   0   0   0   0   0   0  12   0  88   0   0   0   0   0   0   0   0   0     0    0    0   0.358     11  0.00
   68   68     0   0   0   0   0   0 100   0   0   0   0   0   0   0   0   0   0   0   0   0     0    0    0   0.000      0  0.00
   69   69    85   0  15   0   0   0   0   0   0   0   0   0   0   0   0   0   0   0   0   0     0    0    0   0.429     14  0.00
   70   70     0   0   0   0   0   0   0   0   0   0 100   0   0   0   0   0   0   0   0   0     0    0    0   0.000      0  0.00
   71   71     0   0   0   0 100   0   0   0   0   0   0   0   0   0   0   0   0   0   0   0     0    0    0   0.000      0  0.00
   72   72     0   0   0   0   0   0 100   0   0   0   0   0   0   0   0   0   0   0   0   0     0    0    0   0.000      0  0.00
   73   73     0   0   0   0   0   0   0   0   0   0   0   0   0   0   0   0   0   0 100   0     0    0    0   0.000      0  0.00
   74   74     0   0   0   0   0   0   0   0 100   0   0   0   0   0   0   0   0   0   0   0     0    0    0   0.000      0  0.00
   75   75     0 100   0   0   0   0   0   0   0   0   0   0   0   0   0   0   0   0   0   0     0    0    0   0.000      0  0.00
   76   76     0  92   8   0   0   0   0   0   0   0   0   0   0   0   0   0   0   0   0   0     0    0    0   0.271      9  0.00
   77   77     0   0   0   0   0   0   0   0   0   0   0   0   0  96   4   0   0   0   0   0     0    0    0   0.163      5  0.00
   78   78     0   0   0   0   0   0   0   0   0   0   0   0   0   0   0   0   0 100   0   0     0    0    0   0.000      0  0.00
   79   79     0   0   0   0   0   0   0  96   0   0   4   0   0   0   0   0   0   0   0   0     0    0    0   0.163      5  0.00
   80   80     0   0   0   0   0   0 100   0   0   0   0   0   0   0   0   0   0   0   0   0     0    0    0   0.000      0  0.00
   81   81     0   0   0   0   0   0   0   4   0   0   0   0   0   0   0  96   0   0   0   0     0    0    0   0.163      5  0.00
   82   82     0   0   0   0   0   0   0   0   0   0   0   0   0   0   0   0   0   0   0 100     0    0    0   0.000      0  0.00
   83   83     0 100   0   0   0   0   0   0   0   0   0   0   0   0   0   0   0   0   0   0     0    0    0   0.000      0  0.00
   84   84     0   0   0   0   0   0   0   0 100   0   0   0   0   0   0   0   0   0   0   0     0    0    0   0.000      0  0.00
   85   85     0   0   0   0   0   0   0   4  92   0   4   0   0   0   0   0   0   0   0   0     0    0    0   0.325     10  0.00
   86   86     0 100   0   0   0   0   0   0   0   0   0   0   0   0   0   0   0   0   0   0     0    0    0   0.000      0  0.00
   87   87     0 100   0   0   0   0   0   0   0   0   0   0   0   0   0   0   0   0   0   0     0    0    0   0.000      0  0.00
   88   88     0   0   0   0   0   0   0   0   0   0   0   0   0  96   0   0   4   0   0   0     0    0    0   0.163      5  0.00
   89   89     0   0   0   0   0   0   0   0   0   0  15   0   0   0   0   0   0   0   0  85     0    0    0   0.429     14  0.00
   90   90     0   0   0   0   0   0   0  96   0   0   0   0   0   0   0   0   0   0   0   4     0    0    0   0.163      5  0.00
   91   91     0  12  88   0   0   0   0   0   0   0   0   0   0   0   0   0   0   0   0   0     0    0    0   0.358     11  0.00
   92   92     0   0   0   0   0   0   0   0   0 100   0   0   0   0   0   0   0   0   0   0     0    0    0   0.000      0  0.00
//
