ID Pseudo hssp file.
SEQ 
SEQ gi|4758294|ref|NP_004437.1| glutamyl-prolyl tRNA synthetase; glu...    88  2e-17
SEQ gi|13637491|ref|XP_001958.3| glutamyl-prolyl tRNA synthetase [Ho...    88  2e-17
SEQ gi|825664|emb|CAA30354.1| (X07466) glutaminyl-tRNA synthetase [H...    85  1e-16
SEQ gi|8569491|pdb|1D2D|A Chain A, Hamster Eprs Second Repeated Elem...    74  2e-13
SEQ gi|13787073|pdb|1FYJ|A Chain A, Solution Structure Of Multi-Func...    58  2e-08
SEQ gi|165011|gb|AAA31246.1| (M33460) eucaryotic release factor (eRF...    53  5e-07
SEQ gi|2851538|sp|P23612|SYW_RABIT TRYPTOPHANYL-TRNA SYNTHETASE (TRY...    53  5e-07
SEQ gi|7428462|pir||YWRBPR tryptophan--tRNA ligase (EC 6.1.1.2) [val...    53  5e-07
SEQ gi|135103|sp|P28668|SYEP_DROME BIFUNCTIONAL AMINOACYL-TRNA SYNTH...    51  2e-06
SEQ gi|7301076|gb|AAF56211.1| (AE003745) Aats-glupro gene product [D...    51  2e-06
SEQ gi|13097426|gb|AAH03450.1|AAH03450 (BC003450) tryptophanyl-tRNA ...    51  3e-06
SEQ gi|55436|emb|CAA49347.1| (X69656) tryptophan--tRNA ligase [Mus m...    50  3e-06
SEQ gi|6755991|ref|NP_035840.1| tryptophanyl-tRNA synthetase [Mus mu...    50  3e-06
SEQ gi|12835778|dbj|BAB23357.1| (AK004541) putative [Mus musculus]         50  3e-06
SEQ gi|135189|sp|P17248|SYW_BOVIN TRYPTOPHANYL-TRNA SYNTHETASE (TRYP...    49  1e-05
SEQ gi|837|emb|CAA36356.1| (X52113) tryptophan tRNA ligase (AA 1-459...    48  1e-05
SEQ gi|7715429|gb|AAF68030.1|AF252640_1 (AF252640) glu-prolyl-tRNA a...    47  4e-05
SEQ gi|7715433|gb|AAF68032.1|AF252642_1 (AF252642) glu-prolyl-tRNA a...    47  4e-05
SEQ gi|7715423|gb|AAF68027.1|AF252637_1 (AF252637) glu-prolyl-tRNA a...    47  4e-05
SEQ gi|7715431|gb|AAF68031.1|AF252641_1 (AF252641) glu-prolyl-tRNA a...    47  4e-05
SEQ gi|7510756|pir||T27567 hypothetical protein ZC434.5 - Caenorhabd...    44  2e-04
SEQ gi|11433596|ref|XP_007246.1| tryptophanyl-tRNA synthetase [Homo ...    44  3e-04
SEQ gi|32709|emb|CAA44450.1| (X62570) IFP53 [Homo sapiens]                 44  3e-04
SEQ gi|4759316|ref|NP_004175.1| tryptophanyl-tRNA synthetase; interf...    44  3e-04
SEQ gi|8439414|emb|CAB94198.1| (X67920) tryptophanyl-tRNA synthetase...    44  3e-04
SEQ 
## SEQUENCE PROFILE AND ENTROPY
 SeqNo PDBNo   V   L   I   M   F   W   Y   G   A   P   S   T   C   H   R   K   Q   E   N   D  NOCC NDEL NINS ENTROPY RELENT WEIGHT
    1    1    78   0   0  22   0   0   0   0   0   0   0   0   0   0   0   0   0   0   0   0     0    0    0   0.530     17  0.00
    2    2    23  63  11   3   0   0   0   0   0   0   0   0   0   0   0   0   0   0   0   0     0    0    0   0.979     32  0.00
    3    3     0  23   0   0  46   0  31   0   0   0   0   0   0   0   0   0   0   0   0   0     0    0    0   1.059     35  0.00
    4    4     0   0   0   0   0   0   0   0   0   0  27   0   0   7   0   0   0   0  37  29     0    0    0   1.272     42  0.00
    5    5     0   2   0   0   0   0   0   0   0   0  30   0   0   0   9  40  12   7   0   0     0    0    0   1.473     49  0.00
    6    6    22   0  78   0   0   0   0   0   0   0   0   0   0   0   0   0   0   0   0   0     0    0    0   0.530     17  0.00
    7    7     4   0   0   0   0   0   0   0  69   0   2   7   0   0   0   0  13   4   0   0     0    0    0   1.067     35  0.00
    8    8     9   0   0   0   0   0   0   0  42   0   9  18   0   0   0   4  18   0   0   0     0    0    0   1.547     51  0.00
    9    9     0   0   0   0   0   0   0   0   0   0   0   0   0   0   0   0 100   0   0   0     0    0    0   0.000      0  0.00
   10   10     0   0   0   0   0   0   0 100   0   0   0   0   0   0   0   0   0   0   0   0     0    0    0   0.000      0  0.00
   11   11     0   2   0   0   0   0   0   0   2   0   0   0   0   0   0   0   0  47   0  49     0    0    0   0.875     29  0.00
   12   12    27  42   0   0   0   0   0   0   0   0   0   0   0   0   0  31   0   0   0   0     0    0    0   1.080     36  0.00
   13   13    73   0  27   0   0   0   0   0   0   0   0   0   0   0   0   0   0   0   0   0     0    0    0   0.580     19  0.00
   14   14     0   0   0   0   0   0   0   0   0   0   0   0   0   0  93   7   0   0   0   0     0    0    0   0.245      8  0.00
   15   15     0   0   0   0   0   0   0   0   0   0  24   0   0   0   0  31  13  18   0  13     0    0    0   1.552     51  0.00
   16   16     0 100   0   0   0   0   0   0   0   0   0   0   0   0   0   0   0   0   0   0     0    0    0   0.000      0  0.00
   17   17     0   0   0   0   0   0   0   0   0   0   0   0   0   0   0 100   0   0   0   0     0    0    0   0.000      0  0.00
   18   18     0   0   0   0   0   0   0   9  49   0  36   7   0   0   0   0   0   0   0   0     0    0    0   1.113     37  0.00
   19   19     0   0   0   0   0   0   0  18  18   0   0   0   0   0  11  22   0  31   0   0     0    0    0   1.556     51  0.00
   20   20     0   0   0   0   0   0   0   0   0   0   0   0   0   0   0  73   0   0  22   4     0    0    0   0.700     23  0.00
   21   21     0   0   0   0   0   0   0   0  80   0  20   0   0   0   0   0   0   0   0   0     0    0    0   0.500     16  0.00
   22   22     0   0   0   0   0   0   0   0  22  42  13   0   0   0   0   4   0  13   0   4     0    0    0   1.512     50  0.00
   23   23     0   0   0   0   0   0   0   0   0   0   4   0   0   0   0  96   0   0   0   0     0    0    0   0.182      6  0.00
   24   24     0   0   0   0   0   0   0   0  16   4  13   0   0   0   0   0   4  16  13  33     0    0    0   1.759     58  0.00
   25   25    13  13   0   0   0   0   0   0   4   0   0   4   0   0   0  11  11  33   0   9     0    0    0   1.884     62  0.00
   26   26    38   0  58   0   0   0   0   0   0   0   0   4   0   0   0   0   0   0   0   0     0    0    0   0.823     27  0.00
   27   27     0   0   0   0   0   0   0   0   0   0   0   4   0   0   0   4   0   4   7  80     0    0    0   0.774     25  0.00
   28   28     4   0   7   0   0   0   0   0  31  13  29   0   0   0   0   0   0  11   0   4     0    0    0   1.692     56  0.00
   29   29     0   0   0   0   0   0   0   0  73   0   0   0   0   0   0   0   0  27   0   0     0    0    0   0.580     19  0.00
   30   30    96   0   4   0   0   0   0   0   0   0   0   0   0   0   0   0   0   0   0   0     0    0    0   0.182      6  0.00
   31   31     0   0   0   0   0   0   0   0   4   0   0   0   0   0   0  78   7  11   0   0     0    0    0   0.759     25  0.00
   32   32     0  13   0  29   0   0   0   0   9   0   0  13  11   0   0   9   9   7   0   0     0    0    0   1.966     65  0.00
   33   33     0 100   0   0   0   0   0   0   0   0   0   0   0   0   0   0   0   0   0   0     0    0    0   0.000      0  0.00
   34   34     9  91   0   0   0   0   0   0   0   0   0   0   0   0   0   0   0   0   0   0     0    0    0   0.300     10  0.00
   35   35     0   0   0   0   0   0   0   0  33   0  53   0   0   0   0   0   7   7   0   0     0    0    0   1.063     35  0.00
   36   36     0 100   0   0   0   0   0   0   0   0   0   0   0   0   0   0   0   0   0   0     0    0    0   0.000      0  0.00
   37   37     0   0   0   0   0   0   0   0   0   0   0   0   0   0   0 100   0   0   0   0     0    0    0   0.000      0  0.00
   38   38     2   0   0  16   0   0   0   4  49   0   0  24   0   0   0   4   0   0   0   0     0    0    0   1.345     44  0.00
   39   39     0   0   0   0   0   0   0   0   0   0  29   0   0   0   0   0  22  27   0  22     0    0    0   1.380     46  0.00
   40   40     0   0   0   0   0   0 100   0   0   0   0   0   0   0   0   0   0   0   0   0     0    0    0   0.000      0  0.00
   41   41     0   0   0   0   0   0   0   0   0   0   0   0   0   0   0 100   0   0   0   0     0    0    0   0.000      0  0.00
   42   42     0   0   0   0   0   0   0   0  27   0  24  18   0   0   0   0   0  31   0   0     0    0    0   1.367     45  0.00
   43   43     4  38   0   0   0   0   0   0  38   0   0   0   0   0   0  20   0   0   0   0     0    0    0   1.196     39  0.00
   44   44     0   0   7  16   0   0   0   0   9   0  16  53   0   0   0   0   0   0   0   0     0    0    0   1.310     43  0.00
   45   45     0   0   0   0   0   0   0 100   0   0   0   0   0   0   0   0   0   0   0   0     0    0    0   0.000      0  0.00
   46   46     7   0   0   0   0   0   0   0   0   0   9   0   0   0   0  29  27  29   0   0     0    0    0   1.466     48  0.00
   47   47     0   0   0   0   0   0   0   0   0   0   0   0   0   0   0   0   0  49   0  51     0    0    0   0.693     23  0.00
   48   48     0   0   0   0   0  40  56   0   0   0   0   0   0   4   0   0   0   0   0   0     0    0    0   0.831     27  0.00
   49   49     6   0   8   0   0   0   0   0   0   0   0  17   0   0   0  69   0   0   0   0     0    0    0   0.920     30  0.00
   50   50     0   0   0   0   0   0   0   0  11  89   0   0   0   0   0   0   0   0   0   0     0    0    0   0.349     11  0.00
   51   51     0   0   0   0   0   0   0 100   0   0   0   0   0   0   0   0   0   0   0   0     0    0    0   0.000      0  0.00
   52   52    33  67   0   0   0   0   0   0   0   0   0   0   0   0   0   0   0   0   0   0     0    0    0   0.637     21  0.00
   53   53     0   0   0   0   0   0   0   0   0   0   0   0   0   0   0   0   0 100   0   0     0    0    0   0.000      0  0.00
   54   54     0   0   0   0   0   0   0   0   0   0   0   0   0 100   0   0   0   0   0   0     0    0    0   0.000      0  0.00
   55   55     0   0   0   0   0   0   0   0   0   0   0   0   0 100   0   0   0   0   0   0     0    0    0   0.000      0  0.00
   56   56     0   0   0   0   0   0   0   0   0   0   0   0   0 100   0   0   0   0   0   0     0    0    0   0.000      0  0.00
//
