ID Pseudo hssp file.
SEQ 
SEQ gi|6831496|sp|Q01738|CDH_PHACH CELLOBIOSE DEHYDROGENASE PRECURSO...   329  2e-89
SEQ gi|2133354|pir||S60676 cellobiose oxidase (EC 1.1.3.25) precurso...   323  1e-87
SEQ gi|1279638|emb|CAA61359.1| (X88897) cellobiose dehydrogenase [Ph...   320  1e-86
SEQ gi|11514402|pdb|1D7C|A Chain A, Cytochrome Domain Of Cellobiose ...   312  3e-84
SEQ gi|11514399|pdb|1D7B|A Chain A, Cytochrome Domain Of Cellobiose ...   305  2e-82
SEQ gi|3421395|gb|AAC32197.1| (AF081574) cellobiose dehydrogenase [P...   210  2e-53
SEQ gi|2739491|gb|AAC50004.1| (AF029668) cellobiose dehydrogenase [T...   209  2e-53
SEQ gi|7493994|pir||JC6564 cellobiose oxidase (EC 1.1.3.25) precurso...   206  2e-52
SEQ gi|3319315|gb|AAC26221.1| (AF074951) cellobiose dehydrogenase [T...    75  6e-13
SEQ gi|7739769|gb|AAF69005.1| (AF257654) cellobiose dehydrogenase [H...    62  7e-09
SEQ 
## SEQUENCE PROFILE AND ENTROPY
 SeqNo PDBNo   V   L   I   M   F   W   Y   G   A   P   S   T   C   H   R   K   Q   E   N   D  NOCC NDEL NINS ENTROPY RELENT WEIGHT
    1    1     0   0   0   0   0   0   0   0   0   0   0   0   0   0   0   0   0   0   0   0     0    0    0   0.000      0  0.00
    2    2     0   0   0   0   0   0   0   0   0   0 100   0   0   0   0   0   0   0   0   0     0    0    0   0.000      0  0.00
    3    3     0   0   0   0   0   0   0   0 100   0   0   0   0   0   0   0   0   0   0   0     0    0    0   0.000      0  0.00
    4    4     0   0   0   0   0   0   0   0  33   0  67   0   0   0   0   0   0   0   0   0     0    0    0   0.637     21  0.00
    5    5     0   0   0   0   0   0   0   0   0  33   0   0   0   0   0   0  67   0   0   0     0    0    0   0.637     21  0.00
    6    6     0   0   0   0  64   0  36   0   0   0   0   0   0   0   0   0   0   0   0   0     0    0    0   0.655     21  0.00
    7    7    27   0   0   0   0   0   0   0   0   0   0  73   0   0   0   0   0   0   0   0     0    0    0   0.586     19  0.00
    8    8     0   0   0   0   0   0   0   0   0   0   0   0   0   0   0   0   0   0   0 100     0    0    0   0.000      0  0.00
    9    9     0   0   0   0   0   0   0   0   0  64  36   0   0   0   0   0   0   0   0   0     0    0    0   0.655     21  0.00
   10   10     0   0   0   0   0   0   0  27   0   0   0  55   0   0   0   0   0   9   0   9     0    0    0   1.121     37  0.00
   11   11     0   0   0   0   0   0   0   0   0   0   9  64   0   0   0   0   0   0  27   0     0    0    0   0.860     28  0.00
   12   12     0   0   0   0   0   0   0 100   0   0   0   0   0   0   0   0   0   0   0   0     0    0    0   0.000      0  0.00
   13   13     0   0  18   0  82   0   0   0   0   0   0   0   0   0   0   0   0   0   0   0     0    0    0   0.474     15  0.00
   14   14    27   0   0   0   0   0   0   0   0   0   0   9   0   0   0   9  55   0   0   0     0    0    0   1.121     37  0.00
   15   15     0   0   0   0 100   0   0   0   0   0   0   0   0   0   0   0   0   0   0   0     0    0    0   0.000      0  0.00
   16   16     0   0   0   0   0   0   0   0   0   0   0  64   0   0   0   0   0   0   9  27     0    0    0   0.860     28  0.00
   17   17     0   0   0   0   0   9   0  91   0   0   0   0   0   0   0   0   0   0   0   0     0    0    0   0.305     10  0.00
   18   18    18   9  64   0   0   0   0   0   0   0   9   0   0   0   0   0   0   0   0   0     0    0    0   1.034     34  0.00
   19   19     0   0   0   0   0   0   0   0   9   9   0  82   0   0   0   0   0   0   0   0     0    0    0   0.600     20  0.00
   20   20     0   0   0   0   0   0   0   0   0   0   0   0   0   0   0   0   0   9   0  91     0    0    0   0.305     10  0.00
   21   21     0   0   0   0   0   0   0   0   0  91   0   0   0   0   0   0   0   0   0   9     0    0    0   0.305     10  0.00
   22   22    90   0   0   0   0   0   0   0   0   0  10   0   0   0   0   0   0   0   0   0     0    0    0   0.325     10  0.00
   23   23     0   0   0   0   0   0  10   0   0  10   0   0   0  80   0   0   0   0   0   0     0    0    0   0.639     21  0.00
   24   24     0   0   0   0   0   0   0   0   0   0  18   0   0   9   0   0  18   0   0  55     0    0    0   1.169     39  0.00
   25   25    82   0   0   0   9   0   0   0   0   0   0   9   0   0   0   0   0   0   0   0     0    0    0   0.600     20  0.00
   26   26     0   0   0   0   0   0   0   0   0   0   9  82   0   0   0   9   0   0   0   0     0    0    0   0.600     20  0.00
   27   27     0   0   0   0   9   0  82   9   0   0   0   0   0   0   0   0   0   0   0   0     0    0    0   0.600     20  0.00
   28   28     0   0   0   0   0   0   0 100   0   0   0   0   0   0   0   0   0   0   0   0     0    0    0   0.000      0  0.00
   29   29     0   9  27   0  64   0   0   0   0   0   0   0   0   0   0   0   0   0   0   0     0    0    0   0.860     28  0.00
   30   30    82   0   0   0   0   0   0   0   9   0   0   9   0   0   0   0   0   0   0   0     0    0    0   0.600     20  0.00
   31   31     0  36   0   0  64   0   0   0   0   0   0   0   0   0   0   0   0   0   0   0     0    0    0   0.655     21  0.00
   32   32     0   0   0   0   0   0   0   9   0  91   0   0   0   0   0   0   0   0   0   0     0    0    0   0.305     10  0.00
   33   33     9   0   0   0   0   0   0   0   0  64   0   0   0   0   0   0  27   0   0   0     0    0    0   0.860     28  0.00
   34   34     0  55   0   0   0   0   0   0  36   0   0   0   0   0   0   0   0   0   0   9     0    0    0   0.916     30  0.00
   35   35     0   9   0   0   0   0   0   0  64   0  18   9   0   0   0   0   0   0   0   0     0    0    0   1.034     34  0.00
   36   36     0   9   0   0   0   0   0   0   0   9   0  82   0   0   0   0   0   0   0   0     0    0    0   0.600     20  0.00
   37   37     0   0   0   0   0   0   0   0   0   0  88   0   0   0   0   0   0  13   0   0     0    0    0   0.377     12  0.00
   38   38     0   0   0   0   0   0   0  86   0   0   0   0   0   0   0   0   0   0   0  14     0    0    0   0.410     13  0.00
   39   39     0   0   0   0   0   0   0   0  88   0   0   0   0   0   0  13   0   0   0   0     0    0    0   0.377     12  0.00
   40   40     0  13   0   0   0   0   0   0   0   0   0   0   0   0   0   0  75   0   0  13     0    0    0   0.736     24  0.00
   41   41     0   0   0   0   0   0   0   0   9   0  82   9   0   0   0   0   0   0   0   0     0    0    0   0.600     20  0.00
   42   42     0   0   0   0   0   0   0   0   0   0   9  91   0   0   0   0   0   0   0   0     0    0    0   0.305     10  0.00
   43   43     0   0   0   0   0   0   0   0   0   0   0   0   0   0   0   0   0 100   0   0     0    0    0   0.000      0  0.00
   44   44     0   0   0   0  91   0   9   0   0   0   0   0   0   0   0   0   0   0   0   0     0    0    0   0.305     10  0.00
   45   45     0   0 100   0   0   0   0   0   0   0   0   0   0   0   0   0   0   0   0   0     0    0    0   0.000      0  0.00
   46   46     0   0   0   0   0   0   0 100   0   0   0   0   0   0   0   0   0   0   0   0     0    0    0   0.000      0  0.00
   47   47     0   9   0   0   0   0   0   0   0   0   0   0   0   0   0   9   0  82   0   0     0    0    0   0.600     20  0.00
   48   48    55   9   9   0  18   0   0   0   0   0   0   0   9   0   0   0   0   0   0   0     0    0    0   1.295     43  0.00
   49   49    82   0   0   0   0   0   0   0  18   0   0   0   0   0   0   0   0   0   0   0     0    0    0   0.474     15  0.00
   50   50     0   0   0   0   0   0   0   0  82   0   0   0   0   0   9   0   0   0   0   9     0    0    0   0.600     20  0.00
   51   51     0   0   0   0   0   0   0   0   0  91   0   0   0   0   0   0   0   0   9   0     0    0    0   0.305     10  0.00
   52   52     0   9  55   0   0   0   0   0   0   0   9   0   0   0   0   0   0   0  18   9     0    0    0   1.295     43  0.00
   53   53     0   0   0   0   0   0   0   0  55   0   0   0   0   0   0   0   0  27   0  18     0    0    0   0.995     33  0.00
   54   54     0   0   0   0   0   0   0   0  27   9  64   0   0   0   0   0   0   0   0   0     0    0    0   0.860     28  0.00
   55   55     0   0   0   0   0   0   0  18   0   0   0   0   0   0   0  64  18   0   0   0     0    0    0   0.908     30  0.00
   56   56     0   0   0   0   0  91   9   0   0   0   0   0   0   0   0   0   0   0   0   0     0    0    0   0.305     10  0.00
   57   57     0   0  82   0   0   0   0   0   0   0   0   0  18   0   0   0   0   0   0   0     0    0    0   0.474     15  0.00
   58   58     0   0   0   0   0   0   0 100   0   0   0   0   0   0   0   0   0   0   0   0     0    0    0   0.000      0  0.00
   59   59     9  36  55   0   0   0   0   0   0   0   0   0   0   0   0   0   0   0   0   0     0    0    0   0.916     30  0.00
   60   60     0   0   0   0   0   0   0   0  82   0  18   0   0   0   0   0   0   0   0   0     0    0    0   0.474     15  0.00
   61   61     0  91   0   0   0   0   0   0   0   0   0   0   0   9   0   0   0   0   0   0     0    0    0   0.305     10  0.00
   62   62     0   0   0   0   0   0   0 100   0   0   0   0   0   0   0   0   0   0   0   0     0    0    0   0.000      0  0.00
   63   63     0   0   0   0   0   0   0 100   0   0   0   0   0   0   0   0   0   0   0   0     0    0    0   0.000      0  0.00
   64   64     0   0   0   0   0   0   0   0  82   9   0   0   0   0   0   0   9   0   0   0     0    0    0   0.600     20  0.00
   65   65     0   0   0 100   0   0   0   0   0   0   0   0   0   0   0   0   0   0   0   0     0    0    0   0.000      0  0.00
   66   66     0   0  27   0   0   0   0   0   0   0   0  18   0   0   0   0   0   0  55   0     0    0    0   0.995     33  0.00
   67   67     0   0   0   0   0   0   0  27   0   0   0   0   0   0   0   0   9   0  64   0     0    0    0   0.860     28  0.00
   68   68     0   0   0   0   0   0   0   0   0   0  18   0   0   0   0   0   0   0  18  64     0    0    0   0.908     30  0.00
   69   69     0 100   0   0   0   0   0   0   0   0   0   0   0   0   0   0   0   0   0   0     0    0    0   0.000      0  0.00
   70   70     0 100   0   0   0   0   0   0   0   0   0   0   0   0   0   0   0   0   0   0     0    0    0   0.000      0  0.00
   71   71     0  82  18   0   0   0   0   0   0   0   0   0   0   0   0   0   0   0   0   0     0    0    0   0.474     15  0.00
   72   72    91   0   0   0   0   0   0   0   9   0   0   0   0   0   0   0   0   0   0   0     0    0    0   0.305     10  0.00
   73   73     0   0   0   0   0   0   0   0 100   0   0   0   0   0   0   0   0   0   0   0     0    0    0   0.000      0  0.00
   74   74     0   0   0   0   0 100   0   0   0   0   0   0   0   0   0   0   0   0   0   0     0    0    0   0.000      0  0.00
   75   75     0   0   0   0   0   0   0   0  64  36   0   0   0   0   0   0   0   0   0   0     0    0    0   0.655     21  0.00
   76   76     0   0   0   0   0   0   9   0   0   0   0   0   0   9   0   0   0   0  82   0     0    0    0   0.600     20  0.00
   77   77     0   0   0   0   0   0   0  82   0   0   0   0   0   0   0   0   0  18   0   0     0    0    0   0.474     15  0.00
   78   78     0   0   0   0   0   0   0   0   0   0   0   0   0   0   0   0   0   0  91   9     0    0    0   0.305     10  0.00
   79   79     0   0   0   0   0   0   0   0   0   0   0   9   0   0   0  18  64   9   0   0     0    0    0   1.034     34  0.00
   80   80    18   0  82   0   0   0   0   0   0   0   0   0   0   0   0   0   0   0   0   0     0    0    0   0.474     15  0.00
   81   81    82   0   0   0   0   0  18   0   0   0   0   0   0   0   0   0   0   0   0   0     0    0    0   0.474     15  0.00
   82   82     0   0   0   0   0   0   0   0   0   0  82  18   0   0   0   0   0   0   0   0     0    0    0   0.474     15  0.00
   83   83     0   0   0   0   0   0   0   0   0   0 100   0   0   0   0   0   0   0   0   0     0    0    0   0.000      0  0.00
   84   84     0   9   0   0   9   0   0   0   0  18   0  64   0   0   0   0   0   0   0   0     0    0    0   1.034     34  0.00
   85   85     0   0   0   0   0   0   0   0   0   0   0   0   0   0 100   0   0   0   0   0     0    0    0   0.000      0  0.00
   86   86     0   0   0   0   9  55  36   0   0   0   0   0   0   0   0   0   0   0   0   0     0    0    0   0.916     30  0.00
   87   87     0   0   0   0   0   0   0   0 100   0   0   0   0   0   0   0   0   0   0   0     0    0    0   0.000      0  0.00
   88   88     0   0   0   0   0   0   0   0   0   0   0 100   0   0   0   0   0   0   0   0     0    0    0   0.000      0  0.00
   89   89     0   0   0   0   0   0   0  91   9   0   0   0   0   0   0   0   0   0   0   0     0    0    0   0.305     10  0.00
   90   90     0   0   0   0   0   0 100   0   0   0   0   0   0   0   0   0   0   0   0   0     0    0    0   0.000      0  0.00
   91   91    60   0   0   0   0   0   0   0  10   0   0  30   0   0   0   0   0   0   0   0     0    0    0   0.898     29  0.00
   92   92     0   0   0  13   0   0   0   0   0   0   0   0   0   0   0   0  88   0   0   0     0    0    0   0.377     12  0.00
   93   93     0  40   0   0   0   0   0   0   0  60   0   0   0   0   0   0   0   0   0   0     0    0    0   0.673     22  0.00
   94   94     0   0   0   0   0   0   0   0   0  45   0  55   0   0   0   0   0   0   0   0     0    0    0   0.689     22  0.00
   95   95     0   0   0   0   0   0   0   9  73   0   0   0   0   0   0   0   0   0   0  18     0    0    0   0.760     25  0.00
   96   96    18   9   0   0   0   0  55   0  18   0   0   0   0   0   0   0   0   0   0   0     0    0    0   1.169     39  0.00
   97   97     0   0   0   0   0   0  45   0   0   0   0  55   0   0   0   0   0   0   0   0     0    0    0   0.689     22  0.00
   98   98     0   0   0   0   0   0   0  55  27   0   0   9   0   0   0   0   9   0   0   0     0    0    0   1.121     37  0.00
   99   99     0   0   0   0   0   0   0  45   0   0   0  55   0   0   0   0   0   0   0   0     0    0    0   0.689     22  0.00
  100  100     0   0   0   0   0   0   0   0  55  27   0   0   0   0   0   0   0   0   9   9     0    0    0   1.121     37  0.00
  101  101     0   0   0   0   0   0   0   0  18   0   0  82   0   0   0   0   0   0   0   0     0    0    0   0.474     15  0.00
  102  102     0  55  27   0   0   0   0   0   0   0   0   0   0   0   0   9   0   9   0   0     0    0    0   1.121     37  0.00
  103  103     0   9   9   0   0   0   0   0   0   0   0  82   0   0   0   0   0   0   0   0     0    0    0   0.600     20  0.00
  104  104     0   0   0   0   0   0   0   0   0   0   0  82   0   0   0   0  18   0   0   0     0    0    0   0.474     15  0.00
  105  105     0  82   0   0   0   0   0   0   0   0   0   0   0   0   0   0  18   0   0   0     0    0    0   0.474     15  0.00
  106  106     9   9   0   0   0   0   0   0   0  82   0   0   0   0   0   0   0   0   0   0     0    0    0   0.600     20  0.00
  107  107     0   0   0   0   0   0   0   0   0   0  45   0   0   0   0   0   0  55   0   0     0    0    0   0.689     22  0.00
  108  108     9   0   0   0   0   0   0   0   0   0  36  55   0   0   0   0   0   0   0   0     0    0    0   0.916     30  0.00
  109  109     0   9   0   0   0   0   0   0   0   0  27  55   0   0   0   0   0   0   9   0     0    0    0   1.121     37  0.00
  110  110    36   0  64   0   0   0   0   0   0   0   0   0   0   0   0   0   0   0   0   0     0    0    0   0.655     21  0.00
  111  111     0   0   0   0   0   0   0   0   0   0   0   9   0   0   0   0   0   0  91   0     0    0    0   0.305     10  0.00
  112  112     0   0   0   0   0   0   0   0   0   0  91   0   0   0   0   0   0   0   0   9     0    0    0   0.305     10  0.00
  113  113     0   0   0   0   0   0   0   0   0   0   0 100   0   0   0   0   0   0   0   0     0    0    0   0.000      0  0.00
  114  114     0   0   0   0   0   0   0   0   0   0   9   0   0  91   0   0   0   0   0   0     0    0    0   0.305     10  0.00
  115  115     0   0   0   0  18  82   0   0   0   0   0   0   0   0   0   0   0   0   0   0     0    0    0   0.474     15  0.00
  116  116     0   0   0   0   0   0   0   0   0   0   9   0   0   0   0  82   0   9   0   0     0    0    0   0.600     20  0.00
  117  117     0  18   0   0  27  55   0   0   0   0   0   0   0   0   0   0   0   0   0   0     0    0    0   0.995     33  0.00
  118  118    82   0  18   0   0   0   0   0   0   0   0   0   0   0   0   0   0   0   0   0     0    0    0   0.474     15  0.00
  119  119     0   0   0   0  91   0   9   0   0   0   0   0   0   0   0   0   0   0   0   0     0    0    0   0.305     10  0.00
  120  120     0   0   0   0   0   0   0   0   0   0   0   0   0   0 100   0   0   0   0   0     0    0    0   0.000      0  0.00
  121  121     0   0   0   0   0   0   0   0   0   0   0   0 100   0   0   0   0   0   0   0     0    0    0   0.000      0  0.00
  122  122     0   0   0   0   0   0   0   0   0   0   0   0   0   0   0   0  82  18   0   0     0    0    0   0.474     15  0.00
  123  123     0   0   0   0   0   0   0  55   0   0   0   0   0   0   0   0   0   0  45   0     0    0    0   0.689     22  0.00
  124  124     0   0   0   0   0   0   0   0   0   0   0   0 100   0   0   0   0   0   0   0     0    0    0   0.000      0  0.00
  125  125     0   9   0   0   9   0   0   0   0   0   0  82   0   0   0   0   0   0   0   0     0    0    0   0.600     20  0.00
  126  126     0   0   0   0   0   0   0   0  18   0  18   0   0   0   0   0   9  55   0   0     0    0    0   1.169     39  0.00
  127  127     0   0   0   0   0 100   0   0   0   0   0   0   0   0   0   0   0   0   0   0     0    0    0   0.000      0  0.00
  128  128     0   0   0   0   0   0   0   0   0   0  11   0   0   0   0   0   0  22  67   0     0    0    0   0.849     28  0.00
  129  129     0   0   0   0   0   0   0   9   0   0   0   0   0   9   0   0   9   0  73   0     0    0    0   0.886     29  0.00
  130  130     0   0   0   0   0   0   0  82   0   0  18   0   0   0   0   0   0   0   0   0     0    0    0   0.474     15  0.00
  131  131     0   0   0   0   0   0   0  91   0   0   0   9   0   0   0   0   0   0   0   0     0    0    0   0.305     10  0.00
  132  132     0   0   0   0   0   0   0  82   0   0  18   0   0   0   0   0   0   0   0   0     0    0    0   0.474     15  0.00
  133  133     0   0  82   0   0   0   0   9   0   0   9   0   0   0   0   0   0   0   0   0     0    0    0   0.600     20  0.00
  134  134     0   0   0   0   0   0   0   0   9   0   9   0   0   0   0   0   0   0   0  82     0    0    0   0.600     20  0.00
  135  135    55   0   0   0   0   0   0   0   0  27  18   0   0   0   0   0   0   0   0   0     0    0    0   0.995     33  0.00
  136  136     0   0   0   0   0   0   0   0   0   0  18  82   0   0   0   0   0   0   0   0     0    0    0   0.474     15  0.00
  137  137     0   0   0   0   0   0   0  27   0   0  73   0   0   0   0   0   0   0   0   0     0    0    0   0.586     19  0.00
  138  138     0   0   0   0   0   0   0   0   0   0   0  27   0   0   0   0  64   0   9   0     0    0    0   0.860     28  0.00
  139  139     0   0   0   0   0   0   0 100   0   0   0   0   0   0   0   0   0   0   0   0     0    0    0   0.000      0  0.00
  140  140   100   0   0   0   0   0   0   0   0   0   0   0   0   0   0   0   0   0   0   0     0    0    0   0.000      0  0.00
  141  141     0  73   0   0  27   0   0   0   0   0   0   0   0   0   0   0   0   0   0   0     0    0    0   0.586     19  0.00
  142  142     9   0   0   0   0   0   0   9  82   0   0   0   0   0   0   0   0   0   0   0     0    0    0   0.600     20  0.00
  143  143     0   9   0   0   0  82   0   0   0   0   0   0   0   0   9   0   0   0   0   0     0    0    0   0.600     20  0.00
  144  144     0   0   0   0   0   0   0   9  91   0   0   0   0   0   0   0   0   0   0   0     0    0    0   0.305     10  0.00
  145  145     0   0   0   0  73   9   9   0   0   0   9   0   0   0   0   0   0   0   0   0     0    0    0   0.886     29  0.00
  146  146     9   0   0   0   0   0   0   0   9   0  82   0   0   0   0   0   0   0   0   0     0    0    0   0.600     20  0.00
  147  147     0   0   0   0   0   0   0   0   0   0   9   0   0   0   9   0   9   0  73   0     0    0    0   0.886     29  0.00
  148  148    90   0   0   0   0   0   0   0   0   0   0   0   0   0  10   0   0   0   0   0     0    0    0   0.325     10  0.00
  149  149     0   0   0   0   0   0   0  18  82   0   0   0   0   0   0   0   0   0   0   0     0    0    0   0.474     15  0.00
  150  150    91   0   0   0   9   0   0   0   0   0   0   0   0   0   0   0   0   0   0   0     0    0    0   0.305     10  0.00
  151  151     9   0   0   0   0   0   0   0   9   0   0   0   0   0   0   0   0   0   0  82     0    0    0   0.600     20  0.00
  152  152     0   0   0   0   0   0   0   9   0   0   0   0   0   0   0   0   0   0   0  91     0    0    0   0.305     10  0.00
  153  153     0   0   0   0   0   0   0   0   0 100   0   0   0   0   0   0   0   0   0   0     0    0    0   0.000      0  0.00
  154  154     0   0   0   0   0   0   0   9   0   0  82   9   0   0   0   0   0   0   0   0     0    0    0   0.600     20  0.00
  155  155     0   0   0   0   0   0   0   0   0   0   0   0   9   0   0   0   0   0   9  82     0    0    0   0.600     20  0.00
  156  156     0   0   0   0   0   0   0   0   0 100   0   0   0   0   0   0   0   0   0   0     0    0    0   0.000      0  0.00
  157  157     0   0   0   0   0   0   0   0   0   0   0   0   0   0   0   0  64   0  27   9     0    0    0   0.860     28  0.00
  158  158     0   0   9   0   0   0   0   0   0   0  73  18   0   0   0   0   0   0   0   0     0    0    0   0.760     25  0.00
  159  159     0   0   0   0   0   0   0   0   0   0  18  82   0   0   0   0   0   0   0   0     0    0    0   0.474     15  0.00
  160  160     0   9   0   0  82   0   0   0   0   0   0   0   0   0   0   0   0   0   9   0     0    0    0   0.600     20  0.00
  161  161     0   0   0   0   0   0   0   9  18   0  55   0   0   0   0   0   9   9   0   0     0    0    0   1.295     43  0.00
  162  162     0   0   0   0   9   0   0   0   0   0   0   0   0   0   0   0   9  82   0   0     0    0    0   0.600     20  0.00
  163  163     0   0   0   0   0   0   0   0   0   0   0   0   0 100   0   0   0   0   0   0     0    0    0   0.000      0  0.00
  164  164     0   0   0   0   0   0   0   0   0   0   0  82   0   0   0   0   0   0   0  18     0    0    0   0.474     15  0.00
  165  165     0   0   0   0   0   0   0   0   0   0   0   0   0   0   0   0   0   0  18  82     0    0    0   0.474     15  0.00
  166  166     0   0   0   9  91   0   0   0   0   0   0   0   0   0   0   0   0   0   0   0     0    0    0   0.305     10  0.00
  167  167     0   0   0   0   0   0   0 100   0   0   0   0   0   0   0   0   0   0   0   0     0    0    0   0.000      0  0.00
  168  168     0   0   9   0  82   0   0   0   0   0   0   0   0   0   0   0   9   0   0   0     0    0    0   0.600     20  0.00
  169  169     0   0   0   0  82  18   0   0   0   0   0   0   0   0   0   0   0   0   0   0     0    0    0   0.474     15  0.00
  170  170     0   0   0   0   0   0   0 100   0   0   0   0   0   0   0   0   0   0   0   0     0    0    0   0.000      0  0.00
  171  171     9   0  82   0   0   0   0   0   9   0   0   0   0   0   0   0   0   0   0   0     0    0    0   0.600     20  0.00
  172  172     0   0   0   0   0   0   0   9   0   0   0   0   0   0   0   0   9   0  27  55     0    0    0   1.121     37  0.00
  173  173     0  18   0   0  27   0  55   0   0   0   0   0   0   0   0   0   0   0   0   0     0    0    0   0.995     33  0.00
  174  174     0   0   0   0   0   0   0   0   0  27  64   0   0   0   0   0   0   9   0   0     0    0    0   0.860     28  0.00
  175  175     0   0   0   0   0   0   0   0   0   0   0  55   0   0   0   0   0   0   9  36     0    0    0   0.916     30  0.00
  176  176     0   0   0   0   0   0   0   0 100   0   0   0   0   0   0   0   0   0   0   0     0    0    0   0.000      0  0.00
  177  177     9   0   0   0   0   0   0   0   9   0   0   0   0  36   0   0  27   0   0  18     0    0    0   1.468     49  0.00
  178  178     0   0   0   0   0   0   0   0   0   0  91   0   0   0   0   0   0   0   9   0     0    0    0   0.305     10  0.00
  179  179     0   0   0   0   0   0   0   0  55   9  27   0   0   0   0   0   0   9   0   0     0    0    0   1.121     37  0.00
  180  180     0   0   0   0   0   0   0   0   0   0   9   0   0   0   0   0   9   0  82   0     0    0    0   0.600     20  0.00
  181  181     0   0   0   0   0   0 100   0   0   0   0   0   0   0   0   0   0   0   0   0     0    0    0   0.000      0  0.00
  182  182     0   0   0   0   0   0   0   0   0   0   9   9   0   0   0   0  82   0   0   0     0    0    0   0.600     20  0.00
  183  183     0   0   0   0   0   0   0   0   0   0   0   0   0   0   0   0   0  18  82   0     0    0    0   0.474     15  0.00
  184  184     0   0   0   0   0  18  82   0   0   0   0   0   0   0   0   0   0   0   0   0     0    0    0   0.474     15  0.00
  185  185     0 100   0   0   0   0   0   0   0   0   0   0   0   0   0   0   0   0   0   0     0    0    0   0.000      0  0.00
  186  186     0   0   0   0   0   0   0   0  22   0   0   0   0   0   0   0  11   0  67   0     0    0    0   0.849     28  0.00
  187  187     0   0   0   0   0   0   0 100   0   0   0   0   0   0   0   0   0   0   0   0     0    0    0   0.000      0  0.00
  188  188     0   0   0   0   0   0   0   0   0   0   0   0   0   0   0   0   0   0  38  63     0    0    0   0.662     22  0.00
  189  189     0   0   0   0   0   0   0   0  38   0  63   0   0   0   0   0   0   0   0   0     0    0    0   0.662     22  0.00
  190  190     0   0   0   0   0   0   0 100   0   0   0   0   0   0   0   0   0   0   0   0     0    0    0   0.000      0  0.00
//
