ID Pseudo hssp file.
SEQ 
SEQ gi|4557831|ref|NP_000272.1| pterin-4 alpha-carbinolamine dehydra...   193  5e-49
SEQ gi|423034|pir||A45424 pterin-4-alpha-carbinolamine dehydratase (...   193  6e-49
SEQ gi|13384608|ref|NP_079549.1| dimerization cofactor of hepatocyte...   192  1e-48
SEQ gi|1943047|pdb|1DCP|C Chain C, Dcoh, A Bifunctional Protein-Bind...   191  2e-48
SEQ gi|10835702|pdb|1F93|A Chain A, Crystal Structure Of A Complex B...   188  2e-47
SEQ gi|476908|pir||A47010 4a-hydroxytetrahydrobiopterin dehydratase ...   187  4e-47
SEQ gi|3127813|emb|CAA06394.1| (AJ005157) dimerization cofactor of H...   181  2e-45
SEQ gi|2134181|pir||I51697 4a-hydroxytetrahydrobiopterin dehydratase...   177  4e-44
SEQ gi|12849229|dbj|BAB28260.1| (AK012465) putative [Mus musculus]        146  1e-34
SEQ gi|14149825|ref|NP_115527.1| hypothetical protein DKFZp566K1946 ...   136  8e-32
SEQ gi|7507571|pir||T33522 hypothetical protein T10B11.1 - Caenorhab...   133  8e-31
SEQ gi|10441615|gb|AAG17122.1|AF190051_1 (AF190051) hepatocyte nucle...   131  2e-30
SEQ gi|3283431|gb|AAC25196.1| (AF069297) pterin-4a-carbinolamine deh...   115  2e-25
SEQ gi|14326445|gb|AAK60268.1|AF382144_1 (AF382144) pterin 4alpha-ca...   114  2e-25
SEQ gi|13421376|gb|AAK22232.1| (AE005698) pterin-4-alpha-carbinolami...    96  8e-20
SEQ gi|7492099|pir||T38437 hypothetical protein SPAC27D7.04 [importe...    89  1e-17
SEQ gi|7437033|pir||S74881 4a-hydroxytetrahydrobiopterin dehydratase...    82  2e-15
SEQ gi|348903|gb|AAA35670.1| (L15410) 4a-carbinolamine dehydratase [...    81  5e-15
SEQ gi|13473674|ref|NP_105242.1| pterin-4a-carbinolamine dehydratase...    75  3e-13
SEQ gi|348907|gb|AAA35672.1| (L15428) 4a-carbinolamine dehydratase [...    63  8e-10
SEQ gi|13815484|gb|AAK42360.1| (AE006824) Pterin-4-alpha-carbinolami...    60  8e-09
SEQ gi|348905|gb|AAA35671.1| (L15427) 4a-carbinolamine dehydratase [...    58  5e-08
SEQ gi|202537|gb|AAA40609.1| (L04537) 4a-hydroxytetrahydrobiopterin ...    52  1e-06
SEQ gi|7437034|pir||C70304 4a-hydroxytetrahydrobiopterin dehydratase...    50  7e-06
SEQ gi|11290382|pir||G82537 pterin-4-alpha-carbinolamine dehydratase...    47  8e-05
SEQ 
## SEQUENCE PROFILE AND ENTROPY
 SeqNo PDBNo   V   L   I   M   F   W   Y   G   A   P   S   T   C   H   R   K   Q   E   N   D  NOCC NDEL NINS ENTROPY RELENT WEIGHT
    1    1     0   0   0   0   0   0   0   0   0   0   0   0   0 100   0   0   0   0   0   0     0    0    0   0.000      0  0.00
    2    2     0   0   0   0   0   6   0   0   0   0   0   0   0   0  75  19   0   0   0   0     0    0    0   0.703     23  0.00
    3    3     0 100   0   0   0   0   0   0   0   0   0   0   0   0   0   0   0   0   0   0     0    0    0   0.000      0  0.00
    4    4     0   0   6   0   0   0   0   6   0   0  56  22   0   0   0   0   0   0  11   0     0    0    0   1.226     40  0.00
    5    5     0   0   0   0   0   0   0   6  67   0   0   0   0   0   0   0   6  22   0   0     0    0    0   0.926     30  0.00
    6    6     0   0   0   0   0   0   0   0   6   0   6   0   0   0   0   0  11  78   0   0     0    0    0   0.761     25  0.00
    7    7     0   0   0   0   0   0   0   0   0   0   0   0   0   0   6   0   0  94   0   0     0    0    0   0.215      7  0.00
    8    8     5   5   0   0   0   0   0   0   0   0   0   0   0   0  84   5   0   0   0   0     0    0    0   0.610     20  0.00
    9    9     5   0   0   0   0   0   0   0  11   0   0  11   0   0   0   5   0  11   5  53     0    0    0   1.514     50  0.00
   10   10     0   0   0   0   0   0   0   0   5   0   0   0   0   0   5   0  68  21   0   0     0    0    0   0.898     29  0.00
   11   11     5  63   5   0   0   0   0   0   5   0   0   0   0   0   0  11   5   5   0   0     0    0    0   1.302     43  0.00
   12   12     0  85  10   0   0   0   0   0   0   0   0   5   0   0   0   0   0   0   0   0     0    0    0   0.518     17  0.00
   13   13     0  10   0   0   0   0   0   0   5  60   5   0   0   0   0   0  10  10   0   0     0    0    0   1.297     43  0.00
   14   14     0   0   0   0   0   0   0  10   5  10   0   0   0   0   0   0   5   5  55  10     0    0    0   1.469     49  0.00
   15   15     5  95   0   0   0   0   0   0   0   0   0   0   0   0   0   0   0   0   0   0     0    0    0   0.199      6  0.00
   16   16     0  10   0   0   0   0   0   0   5   5   0   0   0   0  52  24   0   5   0   0     0    0    0   1.339     44  0.00
   17   17     0   0   5   0   0   0   0   0  74   0   0   5   0   0   0   0   0   5   0  11     0    0    0   0.927     30  0.00
   18   18    58   5   0   0   0   0   0   0  26   0   5   0   0   0   0   0   0   0   5   0     0    0    0   1.133     37  0.00
   19   19     0   0   0   0   0   0   0 100   0   0   0   0   0   0   0   0   0   0   0   0     0    0    0   0.000      0  0.00
   20   20     0   0   0   0   0 100   0   0   0   0   0   0   0   0   0   0   0   0   0   0     0    0    0   0.000      0  0.00
   21   21     0   0   9   0   0   0   0   0   0   0  22   4   4   4   0   4   0   9  43   0     0    0    0   1.664     55  0.00
   22   22     5  27   0   0   5   0   0   0   0   0   0   0   0   0   0   0   0  64   0   0     0    0    0   0.923     30  0.00
   23   23    22  57   0   0   0   0   0   0   4   0   9   0   4   0   0   0   4   0   0   0     0    0    0   1.276     42  0.00
   24   24     0   0   0   0   0   0   0   5   0   0   9   5   0   0   0   0   9  64   5   5     0    0    0   1.286     42  0.00
   25   25     0   0   0   0   0   0   0  73   0   0   0   0   0   0   0   0   0  14   9   5     0    0    0   0.862     28  0.00
   26   26     0   0   0   0   0   0   0  13   0   0   0   0   0   0  74   9   0   0   0   4     0    0    0   0.838     27  0.00
   27   27     0   0   0   0   0   0   0   0   4   0   0   4   0   4   0   4   0   0   4  79     0    0    0   0.847     28  0.00
   28   28     0   0   0   0   0   0   4   0  79   0   4   0   0   0   0  13   0   0   0   0     0    0    0   0.710     23  0.00
   29   29     0  13  88   0   0   0   0   0   0   0   0   0   0   0   0   0   0   0   0   0     0    0    0   0.377     12  0.00
   30   30     4   0   0   0  50   0  17   0   0   0   0   4   4   4   0   8   8   0   0   0     0    0    0   1.589     53  0.00
   31   31     0   0   0   0   0   0   0   0   0   0   0   0   0   0  13  88   0   0   0   0     0    0    0   0.377     12  0.00
   32   32     0   0   0   0   0   0   0   0   0   0   8   8   0   0   0   0  46  38   0   0     0    0    0   1.140     38  0.00
   33   33     0   0   0   0 100   0   0   0   0   0   0   0   0   0   0   0   0   0   0   0     0    0    0   0.000      0  0.00
   34   34     8   4   0   0   0   0   0   0   0   0  13   0   0  50  17   4   0   0   4   0     0    0    0   1.509     50  0.00
   35   35     0   4   0   0  92   0   0   0   0   0   0   4   0   0   0   0   0   0   0   0     0    0    0   0.345     11  0.00
   36   36     0   0   0   0   0   0   0   0   4   0   0   0   0   4   4  79   0   0   0   8     0    0    0   0.789     26  0.00
   37   37     0   0   0   0   0   0   0   0   0   0   0   0   0   0   0   0   0   0  33  67     0    0    0   0.637     21  0.00
   38   38     0   0   0   0  92   4   4   0   0   0   0   0   0   0   0   0   0   0   0   0     0    0    0   0.345     11  0.00
   39   39     0   0   4   0   0   0   4   0   0   0   4   0   0   0   0   8   0   0  79   0     0    0    0   0.789     26  0.00
   40   40     0   0   0   0   0   0   0   0   0   0   0   4   0   0  50   0  33  13   0   0     0    0    0   1.105     36  0.00
   41   41     0   0   0   0   0   0   0   0  87   0   4   9   0   0   0   0   0   0   0   0     0    0    0   0.470     15  0.00
   42   42     4   4   4   0  83   4   0   0   0   0   0   0   0   0   0   0   0   0   0   0     0    0    0   0.703     23  0.00
   43   43     0   0   0   0   4   0   0  74   9   0   9   0   0   0   0   0   0   0   0   4     0    0    0   0.921     30  0.00
   44   44     4   0   0   0  96   0   0   0   0   0   0   0   0   0   0   0   0   0   0   0     0    0    0   0.179      5  0.00
   45   45     9   5   0  86   0   0   0   0   0   0   0   0   0   0   0   0   0   0   0   0     0    0    0   0.485     16  0.00
   46   46     0   0   0   0   0   0   0   0   0   0  13  74   0   0   0   4   0   0   9   0     0    0    0   0.838     27  0.00
   47   47     0   0   0   0   0   0   0   9   9   0   0   0   4   0  74   0   0   0   0   4     0    0    0   0.921     30  0.00
   48   48    83   9   9   0   0   0   0   0   0   0   0   0   0   0   0   0   0   0   0   0     0    0    0   0.583     19  0.00
   49   49     0   0   0   0   0   0   0   4  91   0   0   0   0   0   0   0   4   0   0   0     0    0    0   0.356     11  0.00
   50   50     0  87   0   0   4   0   0   0   0   4   4   0   0   0   0   0   0   0   0   0     0    0    0   0.531     17  0.00
   51   51     4  13   4   4   0   0   0   0   4   0   4   0   0   0   4   4  57   0   0   0     0    0    0   1.542     51  0.00
   52   52     0   0   0   0   0   0   0   0 100   0   0   0   0   0   0   0   0   0   0   0     0    0    0   0.000      0  0.00
   53   53     0   0   0   0   0   0   0   0   0   0   0   0   0   4   0   0   4  83   0   9     0    0    0   0.643     21  0.00
   54   54     0   0   0   0   0   0   0   0   9   0   0   4   4   0   0  74   4   0   4   0     0    0    0   0.981     32  0.00
   55   55     0  61   4  26   0   0   0   0   0   0   0   0   0   0   0   0   4   4   0   0     0    0    0   1.062     35  0.00
   56   56     0   0   0   0   0   4   0   0   0   0   0   0   0   0   0   0   0   0  30  65     0    0    0   0.777     25  0.00
   57   57     0   0   0   0   0   0   0   0   0   0   0   0   0 100   0   0   0   0   0   0     0    0    0   0.000      0  0.00
   58   58     0   0   0   0   0   0   0   0   0   0   0   0   0 100   0   0   0   0   0   0     0    0    0   0.000      0  0.00
   59   59     0   0   0   0   0   0   0   0   0 100   0   0   0   0   0   0   0   0   0   0     0    0    0   0.000      0  0.00
   60   60     0   0   0   0   0   0   0   0   0   0   0   0   0   0   0   0   0  83   0  17     0    0    0   0.462     15  0.00
   61   61     4   4   0   4   0  87   0   0   0   0   0   0   0   0   0   0   0   0   0   0     0    0    0   0.531     17  0.00
   62   62     0   0   0   0  74   0   0   0   0   0  13   4   4   0   0   0   0   4   0   0     0    0    0   0.898     29  0.00
   63   63    13   0   0   0   0   0   0   0   0   0   0   0   0   0   0   0   0   0  87   0     0    0    0   0.387     12  0.00
   64   64    83   0   0   0   0   0   4   0   0   0   4   0   4   4   0   0   0   0   0   0     0    0    0   0.703     23  0.00
   65   65     0   0   0   0   4   0  96   0   0   0   0   0   0   0   0   0   0   0   0   0     0    0    0   0.179      5  0.00
   66   66     0   0   0   0   0   0   0   4   0   0   4   0   0   0   0   9   0   0  78   4     0    0    0   0.813     27  0.00
   67   67     0   0   0   0   0   0   0   0   0   0   0   4   0   0  17  78   0   0   0   0     0    0    0   0.632     21  0.00
   68   68    91   4   0   0   0   0   0   0   4   0   0   0   0   0   0   0   0   0   0   0     0    0    0   0.356     11  0.00
   69   69     9   0   0   0   0   0   0   0   0   0   0   4   0  43   0   4  17   4   0  17     0    0    0   1.592     53  0.00
   70   70    30   0  70   0   0   0   0   0   0   0   0   0   0   0   0   0   0   0   0   0     0    0    0   0.615     20  0.00
   71   71     0   4   0   0   0   0   0   0   0   0   0  78   4   0   0   4   0   4   0   4     0    0    0   0.873     29  0.00
   72   72     0  96   0   0   4   0   0   0   0   0   0   0   0   0   0   0   0   0   0   0     0    0    0   0.179      5  0.00
   73   73     0   0   4   0   0   0   0   0   0   0  61  30   0   0   0   0   0   0   4   0     0    0    0   0.937     31  0.00
   74   74     0   0   0   0   0   0   0   0   0   0  13  87   0   0   0   0   0   0   0   0     0    0    0   0.387     12  0.00
   75   75     0   0   0   0   0   0   0   0   0   0   0   0   0 100   0   0   0   0   0   0     0    0    0   0.000      0  0.00
   76   76     0   0   0   0   0   0   0   0   0   0   0   0   0   0   0   4   0  43   0  52     0    0    0   0.838     27  0.00
   77   77    13   0   4   0   0   0   0   0  17   0   0   4  57   0   4   0   0   0   0   0     0    0    0   1.301     43  0.00
   78   78     0   0   0   0   0   0   0  52  35   0   0   4   0   0   0   4   0   0   0   4     0    0    0   1.116     37  0.00
   79   79     0   0   0   0   0   0   0  96   0   0   0   0   0   0   0   0   0   4   0   0     0    0    0   0.179      5  0.00
   80   80     9  78  13   0   0   0   0   0   0   0   0   0   0   0   0   0   0   0   0   0     0    0    0   0.670     22  0.00
   81   81     0   0   0   0   0   0   0   0   0   0  61  39   0   0   0   0   0   0   0   0     0    0    0   0.669     22  0.00
   82   82     0   0   0   0   0   0   0   0   4   4   9   0   0   0   0  13   0  61   0   9     0    0    0   1.265     42  0.00
   83   83     0  17   0   0   0   0   0   0   0   0   0   0   0   0  57   9   9   0   9   0     0    0    0   1.264     42  0.00
   84   84     0   0   0   0   0   0   0   0   0   0   0   0   0   0   0   0   0   0   0 100     0    0    0   0.000      0  0.00
   85   85    22   9  61   0   4   0   4   0   0   0   0   0   0   0   0   0   0   0   0   0     0    0    0   1.119     37  0.00
   86   86     0   0   4   0   0   0   0   0   4   0   0   4   0   0   9  35   0   0  43   0     0    0    0   1.351     45  0.00
   87   87     0  83   0   9   4   0   0   0   0   0   0   0   4   0   0   0   0   0   0   0     0    0    0   0.643     21  0.00
   88   88     0   0   0   0   0   0   0   0 100   0   0   0   0   0   0   0   0   0   0   0     0    0    0   0.000      0  0.00
   89   89     0   0   5   0   0   0   0   0   5   0  45  18   0   0   0  14   9   5   0   0     0    0    0   1.580     52  0.00
   90   90     0   0   0   0  80   0   5   0   0   0   5   0   0   5   0   5   0   0   0   0     0    0    0   0.778     25  0.00
   91   91     0  15  80   5   0   0   0   0   0   0   0   0   0   0   0   0   0   0   0   0     0    0    0   0.613     20  0.00
   92   92     0   0   0   0   0   0   0   0   0   0   0   0   0   0   0   0   0  75   0  25     0    0    0   0.562     18  0.00
   93   93     0   0   0   0   0   0   0   0   0   0  10  15   0   0   0  15  50  10   0   0     0    0    0   1.376     45  0.00
   94   94    45  15  10   0   0   0   0   0  20   0   0   5   0   0   0   0   5   0   0   0     0    0    0   1.496     49  0.00
   95   95     0   0   0   0   0   0   0   0 100   0   0   0   0   0   0   0   0   0   0   0     0    0    0   0.000      0  0.00
   96   96    62   0   0   0   0   0   0   0  38   0   0   0   0   0   0   0   0   0   0   0     0    0    0   0.666     22  0.00
   97   97     0   0   0   0   0   0   0   0   0   0 100   0   0   0   0   0   0   0   0   0     0    0    0   0.000      0  0.00
   98   98    17  25   0  58   0   0   0   0   0   0   0   0   0   0   0   0   0   0   0   0     0    0    0   0.960     32  0.00
   99   99     0   0   0   0   0   0   0   0   0   0  22  78   0   0   0   0   0   0   0   0     0    0    0   0.530     17  0.00
//
