ID Pseudo hssp file.
SEQ 
SEQ gi|10954343|ref|NP_067546.1| ICEBERG caspase-1 inhibitor [Homo s...   164  2e-40
SEQ gi|11514713|pdb|1DGN|A Chain A, Solution Structure Of Iceberg, A...   163  5e-40
SEQ gi|5669607|gb|AAD46400.1|AF090119_1 (AF090119) caspase-1 [Equus ...   110  4e-24
SEQ gi|7595239|gb|AAF64389.1|AF135968_1 (AF135968) caspase-1-like pr...    99  8e-21
SEQ gi|13639646|ref|XP_012047.2| ICEBERG caspase-1 inhibitor [Homo s...    99  1e-20
SEQ gi|6714562|dbj|BAA89531.1| (AB027296) interleukin-1 beta convert...    94  4e-19
SEQ gi|266321|sp|P29466|I1BC_HUMAN INTERLEUKIN-1 BETA CONVERTASE PRE...    91  2e-18
SEQ gi|4502573|ref|NP_001214.1| caspase 1, apoptosis-related cystein...    91  2e-18
SEQ gi|7595237|gb|AAF64388.1|AF135967_1 (AF135967) caspase-1-like pr...    91  3e-18
SEQ gi|6978603|ref|NP_036894.1| interleukin 1beta converting enzyme ...    83  6e-16
SEQ gi|266322|sp|P29452|I1BC_MOUSE INTERLEUKIN-1 BETA CONVERTASE PRE...    83  6e-16
SEQ gi|476934|pir||A47258 interleukin-1 beta-convertase precursor - ...    83  6e-16
SEQ gi|6753282|ref|NP_033937.1| caspase 1; IL-1B converting enzyme [...    77  4e-14
SEQ gi|12736468|ref|XP_006264.2| caspase 1, apoptosis-related cystei...    74  5e-13
SEQ gi|2493523|sp|P55865|ICEA_XENLA INTERLEUKIN-1 BETA CONVERTASE HO...    44  3e-04
SEQ 
## SEQUENCE PROFILE AND ENTROPY
 SeqNo PDBNo   V   L   I   M   F   W   Y   G   A   P   S   T   C   H   R   K   Q   E   N   D  NOCC NDEL NINS ENTROPY RELENT WEIGHT
    1    1     0   0   0   0   0   0   0   0 100   0   0   0   0   0   0   0   0   0   0   0     0    0    0   0.000      0  0.00
    2    2     0   0   0   0   0   0   0   0   0   0   0   0   0   0   0   0   0   0   0 100     0    0    0   0.000      0  0.00
    3    3     0   0   0   0   0   0   0   0   0   0   0   0   0   0   0  75  25   0   0   0     0    0    0   0.562     18  0.00
    4    4    58  25  17   0   0   0   0   0   0   0   0   0   0   0   0   0   0   0   0   0     0    0    0   0.960     32  0.00
    5    5     7  93   0   0   0   0   0   0   0   0   0   0   0   0   0   0   0   0   0   0     0    0    0   0.257      8  0.00
    6    6     0   0   0   0   0   0   0   0   0   0   0   0   0   0  50  43   0   0   7   0     0    0    0   0.898     29  0.00
    7    7     0   0   0   0   0   0   0   7  29   0   0   0   0   0   0  29   0  29   0   7     0    0    0   1.451     48  0.00
    8    8     7   0   0   0   0   0   0   0   0   0   0   0   0   0   0  93   0   0   0   0     0    0    0   0.257      8  0.00
    9    9     0   0   0   0   0   0   0   0   0   0   0   0   0   0 100   0   0   0   0   0     0    0    0   0.000      0  0.00
   10   10     0   0   0   0   0   0   0   0   0   0   0   0   0   0  50  50   0   0   0   0     0    0    0   0.693     23  0.00
   11   11     0  36  21   0   0   0   0   0   7   0   0   0   0   0   0   0  36   0   0   0     0    0    0   1.254     41  0.00
   12   12     0   0   7   0  93   0   0   0   0   0   0   0   0   0   0   0   0   0   0   0     0    0    0   0.257      8  0.00
   13   13    14   0  86   0   0   0   0   0   0   0   0   0   0   0   0   0   0   0   0   0     0    0    0   0.410     13  0.00
   14   14     0   0   0   0   0   0   0   0   0   0   0   0   0  21  36   0   0   0  36   7     0    0    0   1.254     41  0.00
   15   15     0   0   0   0   0   0   0   7   0   0  93   0   0   0   0   0   0   0   0   0     0    0    0   0.257      8  0.00
   16   16    73   0   0  20   0   0   0   0   0   0   0   0   7   0   0   0   0   0   0   0     0    0    0   0.730     24  0.00
   17   17     0   0   0   0   0   0   0  53   7   0  27   0   0   0   0   0   0   0   7   7     0    0    0   1.229     41  0.00
   18   18     7   0  20  20   0   0   0   0  20   7   0   7   0   0   0   0   0  20   0   0     0    0    0   1.829     61  0.00
   19   19     0   0   0   0   0   0   0  93   7   0   0   0   0   0   0   0   0   0   0   0     0    0    0   0.245      8  0.00
   20   20     0   0   0   7   0   0   0   0   0   0   0  93   0   0   0   0   0   0   0   0     0    0    0   0.245      8  0.00
   21   21    13   0  87   0   0   0   0   0   0   0   0   0   0   0   0   0   0   0   0   0     0    0    0   0.393     13  0.00
   22   22     0   0   0   0   0   0   0   0   0   0   7   0   0   0   0   0   0   0  93   0     0    0    0   0.245      8  0.00
   23   23     0   0   0   0   0   0   0  67  20   0   7   0   0   0   0   0   0   0   0   7     0    0    0   0.953     31  0.00
   24   24     0 100   0   0   0   0   0   0   0   0   0   0   0   0   0   0   0   0   0   0     0    0    0   0.000      0  0.00
   25   25     0 100   0   0   0   0   0   0   0   0   0   0   0   0   0   0   0   0   0   0     0    0    0   0.000      0  0.00
   26   26     0   0   0   0   0   0   0   0   0   0   0   0   0   0   0   0   0   0   0 100     0    0    0   0.000      0  0.00
   27   27     0   0   0   0   0   0   0   0   0   0   0   0  20   0   0   0   0  73   0   7     0    0    0   0.730     24  0.00
   28   28     0 100   0   0   0   0   0   0   0   0   0   0   0   0   0   0   0   0   0   0     0    0    0   0.000      0  0.00
   29   29     0  80   0   0  13   0   0   0   0   0   0   0   0   0   7   0   0   0   0   0     0    0    0   0.628     20  0.00
   30   30     0   0   0   0   0   0   0   0   0   0   0   0   0   0   0   0  20  80   0   0     0    0    0   0.500     16  0.00
   31   31     0   0   0   0   0   0   0   0   0   0   0  27   0   0   0  53   0   0   0  20     0    0    0   1.010     33  0.00
   32   32     0   0   0   0   0   0   0   0   0   0   0   0   0   0  67   0   0  20  13   0     0    0    0   0.861     28  0.00
   33   33   100   0   0   0   0   0   0   0   0   0   0   0   0   0   0   0   0   0   0   0     0    0    0   0.000      0  0.00
   34   34     0  80  20   0   0   0   0   0   0   0   0   0   0   0   0   0   0   0   0   0     0    0    0   0.500     16  0.00
   35   35     7   0   0   0   0   0   0   0   0   0  20   0   0   0   0   0   0   0  73   0     0    0    0   0.730     24  0.00
   36   36     0   0   0   0   0   0   0   0   0   0   0   0   0   7   0  20  67   0   0   7     0    0    0   0.953     31  0.00
   37   37     0   0   0   0   0   0   0   0   0   0   7   0   0   0   0   0   0  93   0   0     0    0    0   0.245      8  0.00
   38   38     0   0   0   0   0   0   0   0   0   0   0   0   0   0   0   0   0  80   0  20     0    0    0   0.500     16  0.00
   39   39    13   0   0  88   0   0   0   0   0   0   0   0   0   0   0   0   0   0   0   0     0    0    0   0.377     12  0.00
   40   40     0   0   0   0   0   0   0   0   0   0   0   0   0   0   0   0   0  50  25  25     0    0    0   1.040     34  0.00
   41   41     0   0   6   0   0   0   0   0   0   0   0   6   0   6  13  69   0   0   0   0     0    0    0   1.037     34  0.00
   42   42    69   0  31   0   0   0   0   0   0   0   0   0   0   0   0   0   0   0   0   0     0    0    0   0.621     20  0.00
   43   43     0   0   0   0   0   0   0   0   0   0   0   0   0   0  44  56   0   0   0   0     0    0    0   0.685     22  0.00
   44   44     0  25   0   0   0   0   0   6   0   0   0   0  13   0  19   0   0   6   0  31     0    0    0   1.630     54  0.00
   45   45     0   0   0   0   0   0   0   0  31   0   6   0   0   0   0   0   0  63   0   0     0    0    0   0.831     27  0.00
   46   46     0   0   0   0   0   0   0   0   0   0   0   0   0   6   0   0   0   0  94   0     0    0    0   0.234      7  0.00
   47   47     0   0  25   0   0   0   0   0  38   0   6   0   0   0   0   0   0   0   6  25     0    0    0   1.408     46  0.00
   48   48     0   0   0   0   0   0   0   0   0   0   0 100   0   0   0   0   0   0   0   0     0    0    0   0.000      0  0.00
   49   49    75   0   0   0   0   0   0   0  19   0   0   0   0   0   0   0   0   0   6   0     0    0    0   0.703     23  0.00
   50   50     0   0   0  94   0   0   0   0   0   0   0   0   0   0   6   0   0   0   0   0     0    0    0   0.234      7  0.00
   51   51     0   0   0   0   0   0   0   0   0   0   0   0   0   0   0   0   0   6   0  94     0    0    0   0.234      7  0.00
   52   52     0   0   0   0   0   0   0   0   0   0   0   0   0   0   6  88   6   0   0   0     0    0    0   0.463     15  0.00
   53   53     0   0   0   0   0   0   0   0  75   0   0  19   6   0   0   0   0   0   0   0     0    0    0   0.703     23  0.00
   54   54     0   0   0   0   0   0   0   0   0   0   0   0   0   0 100   0   0   0   0   0     0    0    0   0.000      0  0.00
   55   55    31   0   0   0   0   0   0   0  44   0   0   0   0   0   0   0   0   0   0  25     0    0    0   1.072     35  0.00
   56   56     0  94   0   6   0   0   0   0   0   0   0   0   0   0   0   0   0   0   0   0     0    0    0   0.234      7  0.00
   57   57     0   0  75   0   0   0   0   0   0   0   0   0  25   0   0   0   0   0   0   0     0    0    0   0.562     18  0.00
   58   58     0   0   0   0   0   0   0   0   0   0   0   0   0   0   0   0   0   0   0 100     0    0    0   0.000      0  0.00
   59   59     0  25   0   0   0   0   0   0   6   0  44   0   0  25   0   0   0   0   0   0     0    0    0   1.228     40  0.00
   60   60   100   0   0   0   0   0   0   0   0   0   0   0   0   0   0   0   0   0   0   0     0    0    0   0.000      0  0.00
   61   61     0  13  31   0   0   0   0   0   0   0  19  31   0   0   0   6   0   0   0   0     0    0    0   1.474     49  0.00
   62   62     0   0   0   0   0   0   0  25   0  19   0   0   0   0  25  31   0   0   0   0     0    0    0   1.371     45  0.00
   63   63     0   0   0   0   0   0   0   0   0   0   0   0   0   0   0 100   0   0   0   0     0    0    0   0.000      0  0.00
   64   64     0   0   0   0   0   0   0 100   0   0   0   0   0   0   0   0   0   0   0   0     0    0    0   0.000      0  0.00
   65   65     0   0   0   0   0   0   0   0  19  75   0   0   0   0   0   0   0   0   0   6     0    0    0   0.703     23  0.00
   66   66     0   0   0   0   0   0   0   0   0   0   0   0   0   0  13  25  50   0   6   6     0    0    0   1.300     43  0.00
   67   67     0   0   0   0   0   0   0   0  69   6  25   0   0   0   0   0   0   0   0   0     0    0    0   0.777     25  0.00
   68   68     0   0   0   0   0   0   0   0   0   0  31   0  69   0   0   0   0   0   0   0     0    0    0   0.621     20  0.00
   69   69     0   0   0   0   0   0   0   0   0   0   0   0  25   0   0   0  69   0   6   0     0    0    0   0.777     25  0.00
   70   70     0   0  69   6   0   0   0   0   0   0   0   0   0   0   0  25   0   0   0   0     0    0    0   0.777     25  0.00
   71   71     0   6   0   0  69   0   0   0   0   0   0   0  25   0   0   0   0   0   0   0     0    0    0   0.777     25  0.00
   72   72     0   6  94   0   0   0   0   0   0   0   0   0   0   0   0   0   0   0   0   0     0    0    0   0.234      7  0.00
   73   73     0   0   0   0   0   0   0   6   0   0   6  44   6   0   0  25   0   6   6   0     0    0    0   1.575     52  0.00
   74   74     0   0   0   0   0   0  44   0   0   0   6   0   0  44   0   0   0   0   6   0     0    0    0   1.070     35  0.00
   75   75     0  31  69   0   0   0   0   0   0   0   0   0   0   0   0   0   0   0   0   0     0    0    0   0.621     20  0.00
   76   76     6   0   0   0   0   0   0   0   0   0   0   0  94   0   0   0   0   0   0   0     0    0    0   0.234      7  0.00
   77   77     0   0   0   0   0   0   0   6   0   0   0   0   0   0   0   6   0  56  31   0     0    0    0   1.034     34  0.00
   78   78     0   0   0   0   0   0   0   0   0   0   0   0   0   0   0   0   0  81   6  13     0    0    0   0.602     20  0.00
   79   79     0   0   0   0   0   0   0   0   0   0   0   0   0   6   0   0   0   0   0  94     0    0    0   0.234      7  0.00
   80   80     0   0   6   0   0   0   0   0   0  38  19   6  25   0   0   6   0   0   0   0     0    0    0   1.548     51  0.00
   81   81     0   0   0   0   0   0  44   0   0   0   0   6   0  25   0   0  25   0   0   0     0    0    0   1.228     40  0.00
   82   82     0 100   0   0   0   0   0   0   0   0   0   0   0   0   0   0   0   0   0   0     0    0    0   0.000      0  0.00
   83   83     0   0   0   0   0   0   0   0 100   0   0   0   0   0   0   0   0   0   0   0     0    0    0   0.000      0  0.00
   84   84     0   0   0   0   0   0   0  44   0   0  25   0   0   0   0   6   6  19   0   0     0    0    0   1.369     45  0.00
   85   85     6   0  25   0   0   0   0   0   0   0   6  38   0   0   0  25   0   0   0   0     0    0    0   1.408     46  0.00
   86   86     0  75   0  25   0   0   0   0   0   0   0   0   0   0   0   0   0   0   0   0     0    0    0   0.562     18  0.00
   87   87     0   0   0   0   0   0   0  63   0   0   0   0   0   0   6   0   0  31   0   0     0    0    0   0.831     27  0.00
   88   88     0 100   0   0   0   0   0   0   0   0   0   0   0   0   0   0   0   0   0   0     0    0    0   0.000      0  0.00
   89   89     0   0   0   0   0   0   0   0   0   0   0   0   0 100   0   0   0   0   0   0     0    0    0   0.000      0  0.00
//
