ID Pseudo hssp file.
SEQ 
SEQ gi|4504193|ref|NP_001505.1| general transcription factor IIB; RN...   122  6e-28
SEQ gi|13591965|ref|NP_112303.1| general transcription factor IIB [R...   122  6e-28
SEQ gi|254934|gb|AAB23144.1| (S44184) S300-II, TFIIB=transcription f...   116  5e-26
SEQ gi|135632|sp|P29054|TF2B_XENLA TRANSCRIPTION INITIATION FACTOR I...   116  5e-26
SEQ gi|11514408|pdb|1DL6|A Chain A, Solution Structure Of Human Tfii...   113  3e-25
SEQ gi|135628|sp|P29052|TF2B_DROME TRANSCRIPTION INITIATION FACTOR I...    90  4e-18
SEQ gi|10864489|gb|AAG24202.1| (AF022981) similar to transcription f...    80  5e-15
SEQ gi|8050578|gb|AAF71709.1| (AF220260) transcription factor TFIIB ...    58  2e-08
SEQ gi|7493060|pir||T37796 probable transcription initiation factor ...    55  1e-07
SEQ gi|13812036|ref|NP_113167.1| transcription initiation factor IIB...    52  7e-07
SEQ gi|464871|sp|Q05959|TF2B_KLULA TRANSCRIPTION INITIATION FACTOR I...    52  1e-06
SEQ gi|6325343|ref|NP_015411.1| transcription factor TFIIB homolog; ...    51  2e-06
SEQ gi|11498897|ref|NP_070128.1| transcription initiation factor IIB...    50  4e-06
SEQ gi|13541920|ref|NP_111608.1| Transcription initiation factor IIB...    48  2e-05
SEQ gi|14195242|sp|Q9HJM2|TFB2_THEAC TRANSCRIPTION INITIATION FACTOR...    47  2e-05
SEQ gi|807035|gb|AAB32639.1| transcription factor IIB, TFIIB=sua7-3 ...    47  2e-05
SEQ gi|13541914|ref|NP_111602.1| Transcription initiation factor IIB...    47  4e-05
SEQ gi|807034|gb|AAB32638.1| transcription factor IIB, TFIIB=sua7-1 ...    47  5e-05
SEQ gi|14195243|sp|Q9HJM7|TFB1_THEAC TRANSCRIPTION INITIATION FACTOR...    46  5e-05
SEQ gi|6056193|gb|AAF02810.1|AC009400_6 (AC009400) transcription ini...    46  5e-05
SEQ gi|1351221|sp|P48512|TF2B_ARATH TRANSCRIPTION INITIATION FACTOR ...    46  6e-05
SEQ gi|11994519|dbj|BAB02583.1| (AP001309) transcription initiation ...    45  1e-04
SEQ gi|1351222|sp|P48513|TF2B_SOYBN TRANSCRIPTION INITIATION FACTOR ...    45  1e-04
SEQ gi|1841399|emb|CAA84309.1| (Z34661) AtTFIIB2 [Arabidopsis thaliana]    45  1e-04
SEQ gi|14195233|sp|O26971|TF2B_METTH TRANSCRIPTION INITIATION FACTOR...    43  5e-04
SEQ gi|2833587|sp|Q58192|TF2B_METJA TRANSCRIPTION INITIATION FACTOR ...    43  5e-04
SEQ gi|479487|pir||S34116 transcription factor IIB - Pyrococcus woesei     42  8e-04
SEQ gi|2833445|sp|Q51731|TF2B_PYRFU TRANSCRIPTION INITIATION FACTOR ...    42  8e-04
SEQ 
## SEQUENCE PROFILE AND ENTROPY
 SeqNo PDBNo   V   L   I   M   F   W   Y   G   A   P   S   T   C   H   R   K   Q   E   N   D  NOCC NDEL NINS ENTROPY RELENT WEIGHT
    1    1     0   0   0   0   0   0   0   0 100   0   0   0   0   0   0   0   0   0   0   0     0    0    0   0.000      0  0.00
    2    2     0   0   0   0   0   0   0   0   0   0 100   0   0   0   0   0   0   0   0   0     0    0    0   0.000      0  0.00
    3    3     0   0   0   0   0   0   0   0   0   0   0 100   0   0   0   0   0   0   0   0     0    0    0   0.000      0  0.00
    4    4     0   0   0   0   0   0   0   0   0   0 100   0   0   0   0   0   0   0   0   0     0    0    0   0.000      0  0.00
    5    5     0   0   0   0   0   0   0   0   0   0   0   0   0   0 100   0   0   0   0   0     0    0    0   0.000      0  0.00
    6    6     0  88  13   0   0   0   0   0   0   0   0   0   0   0   0   0   0   0   0   0     0    0    0   0.377     12  0.00
    7    7     0   0   0   0   0   0   0   0   0   0   0   0   0   0   0   0   0  13   0  88     0    0    0   0.377     12  0.00
    8    8     0   0   0   0   0   0   0   0  75   0   0   0   0   0   0   0   0   0  25   0     0    0    0   0.562     18  0.00
    9    9     0 100   0   0   0   0   0   0   0   0   0   0   0   0   0   0   0   0   0   0     0    0    0   0.000      0  0.00
   10   10     0   0   0   0   0   0   0   0   0  75   0   0   0   0   0   0   0   0  25   0     0    0    0   0.562     18  0.00
   11   11     0   0   0   0   0   0   0   0   0   0   0   0   0   0  63  38   0   0   0   0     0    0    0   0.662     22  0.00
   12   12    64  21  14   0   0   0   0   0   0   0   0   0   0   0   0   0   0   0   0   0     0    0    0   0.892     29  0.00
   13   13     7   0   0   0   0   0   0   0   0   0   7  67  13   0   0   0   7   0   0   0     0    0    0   1.081     36  0.00
   14   14     0   0   0   0   0   0   0   0   0   0   0   0 100   0   0   0   0   0   0   0     0    0    0   0.000      0  0.00
   15   15     0   0   4   0   0   0   8   0   0  83   0   0   0   0   0   4   0   0   0   0     0    0    0   0.624     20  0.00
   16   16     0   0   8   0   0   0   0   0  17   0   0   0   0   0   4   0   0  42  29   0     0    0    0   1.362     45  0.00
   17   17     0   0   0   0   0   0  17   0   0   0   0   0  42  42   0   0   0   0   0   0     0    0    0   1.028     34  0.00
   18   18     0   0   0   0   0   0   0  25   0  54   0   4   0   4   0   0   0   8   4   0     0    0    0   1.283     42  0.00
   19   19     0   0   0   0   0   0   0   0   0  17  42   0   0   0   0   0   0  13   0  29     0    0    0   1.283     42  0.00
   20   20     8   0   0   0   0   0   0   0  33   4   8   8   0   0   0  25   0   8   0   4     0    0    0   1.806     60  0.00
   21   21     8   4  36   0   0   0   0   0   0   8   0   0   0  12   8   0   0  12   8   4     0    0    0   1.942     64  0.00
   22   22    12  76   0   4   8   0   0   0   0   0   0   0   0   0   0   0   0   0   0   0     0    0    0   0.794     26  0.00
   23   23    57   4  36   0   0   0   0   0   0   0   0   0   0   0   4   0   0   0   0   0     0    0    0   0.926     30  0.00
   24   24     7   0   0   0   7   0   7   4   0   0   0   0   0   0  18   4   0  54   0   0     0    0    0   1.446     48  0.00
   25   25     0   0   0   0   0   0   0   0   0   0   0   0   0   0  14   0   0   3   0  83     0    0    0   0.546     18  0.00
   26   26     0   0   0   0  17   0  55   0   0   7   0   0   0  21   0   0   0   0   0   0     0    0    0   1.142     38  0.00
   27   27     0   0   0   0   0   0   0   0   0   0  34   0   0   0  34   3   0  28   0   0     0    0    0   1.206     40  0.00
   28   28     0   0   0   0   0   0   0   0  45   0   7   0   0  14  17   0   3  14   0   0     0    0    0   1.510     50  0.00
   29   29     0   0   0   0   0   0   0  93   7   0   0   0   0   0   0   0   0   0   0   0     0    0    0   0.251      8  0.00
   30   30     0   0   0   0   0   0   0   0   0   0   0   0   0   0   0   0   0  31   0  69     0    0    0   0.619     20  0.00
   31   31    10  17  21  28   3   0   0   0   0   0   0  21   0   0   0   0   0   0   0   0     0    0    0   1.661     55  0.00
   32   32    52   3  45   0   0   0   0   0   0   0   0   0   0   0   0   0   0   0   0   0     0    0    0   0.817     27  0.00
   33   33     0   0   0   0   0   0   0   0   0   0   0   0 100   0   0   0   0   0   0   0     0    0    0   0.000      0  0.00
   34   34     0   0   0   0   0   0   0  14  31  21  28   0   0   0   0   3   3   0   0   0     0    0    0   1.550     51  0.00
   35   35     0  14   0   0   0   0   0   0   3   0   3   0   0   0   0  14   0  52   3  10     0    0    0   1.471     49  0.00
   36   36     0   0   0   0   0   0   0   0   0   0   0   0 100   0   0   0   0   0   0   0     0    0    0   0.000      0  0.00
   37   37     0   0   0   0   0   0   0 100   0   0   0   0   0   0   0   0   0   0   0   0     0    0    0   0.000      0  0.00
   38   38     0  72   0   0   3   0   7   0  14   0   0   0   3   0   0   0   0   0   0   0     0    0    0   0.924     30  0.00
   39   39    97   0   3   0   0   0   0   0   0   0   0   0   0   0   0   0   0   0   0   0     0    0    0   0.150      5  0.00
   40   40    31  34  34   0   0   0   0   0   0   0   0   0   0   0   0   0   0   0   0   0     0    0    0   1.097     36  0.00
   41   41     0   0   0   0   0   0   0  34   0   0  14   0   0   0   0   3   0  45   0   3     0    0    0   1.232     41  0.00
   42   42     0   0   0   0   0   0   0   0   3   0  17   0   0   0   0   0   0  10   0  69     0    0    0   0.910     30  0.00
   43   43     0   0   0   0   0   0   0   0   7   0   7   4   0  21  36  14   0   0  11   0     0    0    0   1.711     57  0.00
   44   44    25  21  21   0   4   0  14   0   0   0  14   0   0   0   0   0   0   0   0   0     0    0    0   1.682     56  0.00
   45   45    21   0  75   0   4   0   0   0   0   0   0   0   0   0   0   0   0   0   0   0     0    0    0   0.665     22  0.00
   46   46     0   0   0   0   0   0   0   0   0   0   0   0   0   0   0   0   0   4   0  96     0    0    0   0.154      5  0.00
   47   47    29   0   4  11   4   0   4   0   4   0   0  18   0   0   0   0  14  14   0   0     0    0    0   1.937     64  0.00
   48   48     0   0   0   0   0   0   0  64   0   0   4  14   0   0  18   0   0   0   0   0     0    0    0   0.989     33  0.00
   49   49     0   0   0   0   0   0   0   0   0  32  61   4   0   0   0   0   4   0   0   0     0    0    0   0.906     30  0.00
   50   50     0   0   0   0   0   0   0   0   0   0   0   0   0   0   0   4   0  96   0   0     0    0    0   0.154      5  0.00
   51   51     0   0   0   0   0 100   0   0   0   0   0   0   0   0   0   0   0   0   0   0     0    0    0   0.000      0  0.00
   52   52     0   0   0   0   0   0   0   0   0   0   0   0   0   0 100   0   0   0   0   0     0    0    0   0.000      0  0.00
   53   53     0   0   4   0   0   0   0   0  32   0   4  61   0   0   0   0   0   0   0   0     0    0    0   0.906     30  0.00
   54   54     0   0   0   0 100   0   0   0   0   0   0   0   0   0   0   0   0   0   0   0     0    0    0   0.000      0  0.00
   55   55     0   0   0   0   0   0   0   0  19   0  54   0   0   0   0   0   0   0   0  27     0    0    0   1.004     33  0.00
   56   56     0   0   0   0   0   0   0   0   0   0  23   0   0   8   0   0   0   0  65   4     0    0    0   0.939     31  0.00
   57   57     0   0   0   0   0   0   0   0   0   0   0   0   0   0   0   0   0  44   0  56     0    0    0   0.686     22  0.00
   58   58     0   0   0   0   0   0   0   0   0   0   0   0   0   0   7  47  47   0   0   0     0    0    0   0.892     29  0.00
//
