ID Pseudo hssp file.
SEQ 
SEQ gi|7322057|gb|AAA29446.2| (M57542) hemoglobin major component [P...   149  1e-35
SEQ gi|121272|sp|P15160|GLB_PARCA MYOGLOBIN (HEMOGLOBIN) >gi|2133429...   148  3e-35
SEQ gi|10835656|pdb|1DLW|A Chain A, X-Ray Crystal Structure Of Trunc...   147  4e-35
SEQ gi|12248867|dbj|BAB20307.1| (AB023078) hemoglobin [Paramecium ca...   141  4e-33
SEQ gi|2147463|pir||S60031 hemoglobin - Paramecium multimicronucleat...   134  3e-31
SEQ gi|2147462|pir||S60030 hemoglobin - Paramecium jenningsi >gi|742...   132  1e-30
SEQ gi|121274|sp|P17724|GLB_TETPY MYOGLOBIN (HEMOGLOBIN) >gi|102384|...    59  2e-08
SEQ gi|1723009|sp|Q10784|GLBN_MYCTU HEMOGLOBIN HBN (FLAVOHAEMOGLOBIN...    57  8e-08
SEQ gi|1707907|sp|Q08753|GLB1_CHLEU GLOBIN LI637 >gi|1076204|pir||S4...    56  1e-07
SEQ gi|417052|sp|Q03459|GLB_TETTH MYOGLOBIN (HEMOGLOBIN) >gi|422322|...    54  6e-07
SEQ gi|1707909|sp|P52334|GLB2_CHLEU GLOBIN LI410 >gi|1076203|pir||S4...    53  1e-06
SEQ 
## SEQUENCE PROFILE AND ENTROPY
 SeqNo PDBNo   V   L   I   M   F   W   Y   G   A   P   S   T   C   H   R   K   Q   E   N   D  NOCC NDEL NINS ENTROPY RELENT WEIGHT
    1    1     0   0   0   0   0   0   0   0   0   0  70  30   0   0   0   0   0   0   0   0     0    0    0   0.611     20  0.00
    2    2    10  90   0   0   0   0   0   0   0   0   0   0   0   0   0   0   0   0   0   0     0    0    0   0.325     10  0.00
    3    3     0   0   0   0 100   0   0   0   0   0   0   0   0   0   0   0   0   0   0   0     0    0    0   0.000      0  0.00
    4    4     0   0   0   0   0   0   0   0  20   0   0   0   0   0   0   0   0  80   0   0     0    0    0   0.500     16  0.00
    5    5     0   0   0   0   0   0   0   0   0   0   0   0   0   0   0  30  70   0   0   0     0    0    0   0.611     20  0.00
    6    6     0 100   0   0   0   0   0   0   0   0   0   0   0   0   0   0   0   0   0   0     0    0    0   0.000      0  0.00
    7    7     0   0   0   0   0   0   0 100   0   0   0   0   0   0   0   0   0   0   0   0     0    0    0   0.000      0  0.00
    8    8     0   0   0   0   0   0   0 100   0   0   0   0   0   0   0   0   0   0   0   0     0    0    0   0.000      0  0.00
    9    9     0   0   0   0   0   0   0   0   0   0   0   0   0   0  20   0  60  20   0   0     0    0    0   0.950     31  0.00
   10   10     0   0   0   0   0   0   0   0  80   0   0   0   0   0   0   0   0  20   0   0     0    0    0   0.500     16  0.00
   11   11     0   0   0   0   0   0   0   0 100   0   0   0   0   0   0   0   0   0   0   0     0    0    0   0.000      0  0.00
   12   12    90   0   0  10   0   0   0   0   0   0   0   0   0   0   0   0   0   0   0   0     0    0    0   0.325     10  0.00
   13   13     0   0   0   0   0   0   0   0   0   0   0  10   0  20   0   0  50  20   0   0     0    0    0   1.221     40  0.00
   14   14     0   0   0   0   0   0   0   0 100   0   0   0   0   0   0   0   0   0   0   0     0    0    0   0.000      0  0.00
   15   15    70   0   0   0   0   0   0   0  30   0   0   0   0   0   0   0   0   0   0   0     0    0    0   0.611     20  0.00
   16   16    30   0   0   0   0   0   0   0   0   0   0  70   0   0   0   0   0   0   0   0     0    0    0   0.611     20  0.00
   17   17     0   0   0   0   0   0   0   0  40  10   0  20   0   0   0   0   0   0   0  30     0    0    0   1.280     42  0.00
   18   18     0  10   0   0   0   0   0   0   0   0   0   0   0   0   0  20  70   0   0   0     0    0    0   0.802     26  0.00
   19   19     0   0   0   0 100   0   0   0   0   0   0   0   0   0   0   0   0   0   0   0     0    0    0   0.000      0  0.00
   20   20     0   0   0   0   0   0 100   0   0   0   0   0   0   0   0   0   0   0   0   0     0    0    0   0.000      0  0.00
   21   21     8   0   0   0   0   0   0   0  58   0   0   0   0   0   0  17   0   0  17   0     0    0    0   1.119     37  0.00
   22   22     0   0   0   0   0   0   0   0   0   0   0   0   0   0   8  33   0   0  58   0     0    0    0   0.888     29  0.00
   23   23    33   0  67   0   0   0   0   0   0   0   0   0   0   0   0   0   0   0   0   0     0    0    0   0.637     21  0.00
   24   24    17  25   0   0   0   0   0   0   8   0   0   0   0   0   0   0  50   0   0   0     0    0    0   1.199     40  0.00
   25   25     0   0   0   0   0   0   0   0 100   0   0   0   0   0   0   0   0   0   0   0     0    0    0   0.000      0  0.00
   26   26     0   0   0   0   0   0   0   0   0   0   0   0   0   0   0   0   0   0   0 100     0    0    0   0.000      0  0.00
   27   27     0   0   0   0   0   0   0   0  58  17   0   0   0   0   0   0   0   8   0  17     0    0    0   1.119     37  0.00
   28   28     0   0   0   0   0   0   0   0   0   0   0  75   0   0  17   0   8   0   0   0     0    0    0   0.721     24  0.00
   29   29    92   8   0   0   0   0   0   0   0   0   0   0   0   0   0   0   0   0   0   0     0    0    0   0.287      9  0.00
   30   30     0   0   0   0   0   0   0   0  58   0  25   0   0   0   0  17   0   0   0   0     0    0    0   0.960     32  0.00
   31   31     8   0   0   0   0   0   0   0   8   0   0  50   0  17   0   0   0   0  17   0     0    0    0   1.358     45  0.00
   32   32     0   0   0   0  83   0  17   0   0   0   0   0   0   0   0   0   0   0   0   0     0    0    0   0.451     15  0.00
   33   33     0   0   0   0 100   0   0   0   0   0   0   0   0   0   0   0   0   0   0   0     0    0    0   0.000      0  0.00
   34   34     0   0   0   0   0   0   0   0   0   0  25   0   0   0   0  17   0   0  58   0     0    0    0   0.960     32  0.00
   35   35     0   0   0   0   0   0   0  67   0   0   0   0   0   0   0   8   0   0  25   0     0    0    0   0.824     27  0.00
   36   36     0   0  58   0   0   0   0   0   0   0   0  42   0   0   0   0   0   0   0   0     0    0    0   0.679     22  0.00
   37   37     0   0   0   0   0   0   0   0   0   0   0   0   0   0   0   0   0   0  33  67     0    0    0   0.637     21  0.00
   38   38     0   0   0 100   0   0   0   0   0   0   0   0   0   0   0   0   0   0   0   0     0    0    0   0.000      0  0.00
   39   39     0   0   0   0   0   0   0   0   8  50   8   0   0   0   0  17   0   8   0   8     0    0    0   1.474     49  0.00
   40   40    17   0   0   0   0   0   0   0   0   0   0   8   0  17   8   0   0   0  42   8     0    0    0   1.583     52  0.00
   41   41     0   8   0   0   0   0   0   0   0   0   0   0   0   0   0   0  92   0   0   0     0    0    0   0.287      9  0.00
   42   42     0   0   0   0   0   0   0   0   8   0   0  67   0   0  17   8   0   0   0   0     0    0    0   0.983     32  0.00
   43   43     0   0   0   0   0   0   0   8   0   0  17   0   0   0   0  17   0   0  50   8     0    0    0   1.358     45  0.00
   44   44     0   0   0   0   0   0   0   0   0   0   0   0   0   0   0  83  17   0   0   0     0    0    0   0.451     15  0.00
   45   45     0   0   0   0   0   0   0   0   0   0   0  58   0   0   0   0  42   0   0   0     0    0    0   0.679     22  0.00
   46   46     8   0   0   0  17   0   0   0  58   0   0   8   0   0   0   0   0   8   0   0     0    0    0   1.234     41  0.00
   47   47     0   0   0   0   0   0   0   0  67   0   8   0   0   0   0   0   0   8   0  17     0    0    0   0.983     32  0.00
   48   48     0   0   0   0 100   0   0   0   0   0   0   0   0   0   0   0   0   0   0   0     0    0    0   0.000      0  0.00
   49   49     0  92   0   0   8   0   0   0   0   0   0   0   0   0   0   0   0   0   0   0     0    0    0   0.287      9  0.00
   50   50     0   0   0   0   0   0   0   0  25   0   0  17  58   0   0   0   0   0   0   0     0    0    0   0.960     32  0.00
   51   51     0   0   0  17   0   0  17   0  67   0   0   0   0   0   0   0   0   0   0   0     0    0    0   0.868     28  0.00
   52   52     0  17   0   0   0   0   0   0  83   0   0   0   0   0   0   0   0   0   0   0     0    0    0   0.451     15  0.00
   53   53     0 100   0   0   0   0   0   0   0   0   0   0   0   0   0   0   0   0   0   0     0    0    0   0.000      0  0.00
   54   54     0   0   0   0   0   0   0 100   0   0   0   0   0   0   0   0   0   0   0   0     0    0    0   0.000      0  0.00
   55   55     0   0   0   0   0   0   0 100   0   0   0   0   0   0   0   0   0   0   0   0     0    0    0   0.000      0  0.00
   56   56     0   0   0   0   0   0   0   0  17  83   0   0   0   0   0   0   0   0   0   0     0    0    0   0.451     15  0.00
   57   57     0   0   0   0   0   0   0   0   8   0   8   0   0   0   0   8   0   8  67   0     0    0    0   1.099     36  0.00
   58   58     0   0   0   0   0   0   0   0  58   8   0   0   0  17   0   0   0  17   0   0     0    0    0   1.119     37  0.00
   59   59     0   0   0   0   0  75  25   0   0   0   0   0   0   0   0   0   0   0   0   0     0    0    0   0.562     18  0.00
   60   60     0   0   0   0   0   0   0   8   8   0   0  50   0   0   0  33   0   0   0   0     0    0    0   1.127     37  0.00
   61   61     0   0   0   0   0   0   0 100   0   0   0   0   0   0   0   0   0   0   0   0     0    0    0   0.000      0  0.00
   62   62     0   0   0   0   0   0   0   0   9   0   0   0   0   0  55  36   0   0   0   0     0    0    0   0.916     30  0.00
   63   63     0   0   0   0   0   0   0   0   0   8   0   0   0   0   0   0   0   0  75  17     0    0    0   0.721     24  0.00
   64   64     0  58   0  42   0   0   0   0   0   0   0   0   0   0   0   0   0   0   0   0     0    0    0   0.679     22  0.00
   65   65     0   0   0   0   0   0   0   0   8   0   0   8   0   0  17  67   0   0   0   0     0    0    0   0.983     32  0.00
   66   66     0   0   0   0   0   0   0   0   0   0   0  17   0   0   0   0   8  75   0   0     0    0    0   0.721     24  0.00
   67   67    67   0   0   0   0   0   0   0  33   0   0   0   0   0   0   0   0   0   0   0     0    0    0   0.637     21  0.00
   68   68     0   0   0   0   0   0   0   0   0   0   0   0   0 100   0   0   0   0   0   0     0    0    0   0.000      0  0.00
   69   69     0   0   0   0   0   0   0   0  58   0   0   0   0   0   0  33   8   0   0   0     0    0    0   0.888     29  0.00
   70   70     0   0   0   0   0   0   0  25   0   0   0   0   0   0   0   0   0   0  58  17     0    0    0   0.960     32  0.00
   71   71     0  17   0  75   0   0   0   0   0   0   0   0   0   0   8   0   0   0   0   0     0    0    0   0.721     24  0.00
   72   72     0   0   0   0   0   0   0  67   0   0   0   0   0  17   0   0   0   0  17   0     0    0    0   0.868     28  0.00
   73   73    58  33   8   0   0   0   0   0   0   0   0   0   0   0   0   0   0   0   0   0     0    0    0   0.888     29  0.00
   74   74     0   0   0   0   0   0   0   0   0   0  50  33   0   0   0   0  17   0   0   0     0    0    0   1.011     33  0.00
   75   75     0   0   0   8   0   0   0   0   0   0   0   0   0   0   0   0   0   0  75  17     0    0    0   0.721     24  0.00
   76   76    17   8   0   0   0   0   0   0  58   0   8   0   0   8   0   0   0   0   0   0     0    0    0   1.234     41  0.00
   77   77     0   0   0   0   0   0   0   0   0   0   0   0   0  42   0   0  58   0   0   0     0    0    0   0.679     22  0.00
   78   78     0   0   0   0 100   0   0   0   0   0   0   0   0   0   0   0   0   0   0   0     0    0    0   0.000      0  0.00
   79   79     0   0   0   0   0   0   0   0   0   0   8  58   0   0   0   0  17   0   0  17     0    0    0   1.119     37  0.00
   80   80     0   8   0   0   0   0   0   0  33   0   0  58   0   0   0   0   0   0   0   0     0    0    0   0.888     29  0.00
   81   81    83   0  17   0   0   0   0   0   0   0   0   0   0   0   0   0   0   0   0   0     0    0    0   0.451     15  0.00
   82   82     8   0  75   0   0   0   0   0  17   0   0   0   0   0   0   0   0   0   0   0     0    0    0   0.721     24  0.00
   83   83     0   0   0   0   0   0   0  67   0   0   0   0   0   0  17   0   0  17   0   0     0    0    0   0.868     28  0.00
   84   84     0   0   0   0   0   0   0   0   0   0   0   0   0  83   0   0   0   0  17   0     0    0    0   0.451     15  0.00
   85   85     0 100   0   0   0   0   0   0   0   0   0   0   0   0   0   0   0   0   0   0     0    0    0   0.000      0  0.00
   86   86     0   0   0   0   0   0   0   0  18   0  18   0   0   0  64   0   0   0   0   0     0    0    0   0.908     30  0.00
   87   87     0   0   0   0   0   0   0   0  18   0  64   0   0   0   0   0   0   0   0  18     0    0    0   0.908     30  0.00
   88   88     0   0   0   0   0   0   0   0  64   0   0  36   0   0   0   0   0   0   0   0     0    0    0   0.655     21  0.00
   89   89     0 100   0   0   0   0   0   0   0   0   0   0   0   0   0   0   0   0   0   0     0    0    0   0.000      0  0.00
   90   90     0   0   0   0   0   0   0   0   9   0   0  73   0   0   0  18   0   0   0   0     0    0    0   0.760     25  0.00
   91   91     0   0   0   0   0   0   0  55   0   0   9   0   0   0   0   0   0  36   0   0     0    0    0   0.916     30  0.00
   92   92     0  36   0   0   0   0   0   0  64   0   0   0   0   0   0   0   0   0   0   0     0    0    0   0.655     21  0.00
   93   93     0   0   0   0   0   0   0 100   0   0   0   0   0   0   0   0   0   0   0   0     0    0    0   0.000      0  0.00
   94   94   100   0   0   0   0   0   0   0   0   0   0   0   0   0   0   0   0   0   0   0     0    0    0   0.000      0  0.00
   95   95     0   0   0   0   0   0   0   0  64   9   9  18   0   0   0   0   0   0   0   0     0    0    0   1.034     34  0.00
   96   96     0   0   0   0   0   0   0   0  64  18   0   0   0   0   0   0   0   0   0  18     0    0    0   0.908     30  0.00
   97   97     0   0   0   0   0   0   0   9  64   0   0   0   0   0   0   0   9   9   0   9     0    0    0   1.160     38  0.00
   98   98     9  64   9   0   0   0   0   0   0   0   0   0   0   0   0   0   0   0   0  18     0    0    0   1.034     34  0.00
   99   99    64   0  36   0   0   0   0   0   0   0   0   0   0   0   0   0   0   0   0   0     0    0    0   0.655     21  0.00
  100  100     0   0   0   0   0   0   0   9   9   0   0   9   0   0   0   0   0  64   9   0     0    0    0   1.160     38  0.00
  101  101     0   0   0   0   0   0   0   0   0   0   0   0   0   0   0   0  64  18   0  18     0    0    0   0.908     30  0.00
  102  102     0   0   0   0   0   0   0   0  36   0   0  64   0   0   0   0   0   0   0   0     0    0    0   0.655     21  0.00
  103  103    64   0   0  18   0   0   0   0  18   0   0   0   0   0   0   0   0   0   0   0     0    0    0   0.908     30  0.00
  104  104     0   0   0   0   0   0   0   0  82   0   0   0   0   0   0  18   0   0   0   0     0    0    0   0.474     15  0.00
  105  105   100   0   0   0   0   0   0   0   0   0   0   0   0   0   0   0   0   0   0   0     0    0    0   0.000      0  0.00
  106  106    18   0  18   0   0   0   0   0  64   0   0   0   0   0   0   0   0   0   0   0     0    0    0   0.908     30  0.00
  107  107     0   0   0   0   0   0   0   0  18   0   0   0   0   0   0   0   0  82   0   0     0    0    0   0.474     15  0.00
  108  108     0   0   0   0   0   0   0   0   0   0  18  64   0  18   0   0   0   0   0   0     0    0    0   0.908     30  0.00
  109  109    64   0   0   0   0   0   0   0   0   0   0  36   0   0   0   0   0   0   0   0     0    0    0   0.655     21  0.00
  110  110     0   0   0   0   0   0   0   0   0   0   0   0   0   0  91   9   0   0   0   0     0    0    0   0.305     10  0.00
  111  111     0   0   0   0   0   0   0  64   0   0   0  18   0   0   0  18   0   0   0   0     0    0    0   0.908     30  0.00
  112  112     0   0   0   0   0   0   0   0   0   0   0   0   0   0   0   0   0  18   0  82     0    0    0   0.474     15  0.00
  113  113    90   0   0  10   0   0   0   0   0   0   0   0   0   0   0   0   0   0   0   0     0    0    0   0.325     10  0.00
  114  114    70  30   0   0   0   0   0   0   0   0   0   0   0   0   0   0   0   0   0   0     0    0    0   0.611     20  0.00
  115  115     0   0   0   0   0   0   0   0   0   0   0  78   0   0   0   0   0   0  22   0     0    0    0   0.530     17  0.00
  116  116    75   0   0  25   0   0   0   0   0   0   0   0   0   0   0   0   0   0   0   0     0    0    0   0.562     18  0.00
//
