ID Pseudo hssp file.
SEQ 
SEQ gi|11421352|ref|XP_009595.1| thrombomodulin [Homo sapiens]            153  5e-37
SEQ gi|1070535|pir||THHUB thrombomodulin precursor [validated] - hum...   151  2e-36
SEQ gi|4507483|ref|NP_000352.1| thrombomodulin [Homo sapiens] >gi|13...   151  3e-36
SEQ gi|386319|gb|AAB27209.1| thrombomodulin [human, urine, Peptide, ...   146  7e-35
SEQ gi|7245441|pdb|1DQB|A Chain A, Nmr Structure Of Thrombomodulin E...   127  5e-29
SEQ gi|7767165|pdb|1DX5|I Chain I, Crystal Structure Of The Thrombin...   125  1e-28
SEQ gi|13929084|ref|NP_113959.1| thrombomodulin [Rattus norvegicus] ...   113  5e-25
SEQ gi|6678339|ref|NP_033404.1| thrombomodulin [Mus musculus] >gi|13...   112  8e-25
SEQ gi|1890292|gb|AAB49723.1| (U90121) thrombomdulin [synthetic cons...   108  2e-23
SEQ gi|136169|sp|P06579|TRBM_BOVIN THROMBOMODULIN (FETOMODULIN) (TM)...   104  4e-22
SEQ gi|1310756|pdb|1ZAQ|    Fourth Egf-Like Domain Of Thrombomodulin...    71  4e-12
SEQ gi|2781031|pdb|1ADX|    Fifth Egf-Like Domain Of Thrombomodulin ...    62  2e-09
SEQ 
## SEQUENCE PROFILE AND ENTROPY
 SeqNo PDBNo   V   L   I   M   F   W   Y   G   A   P   S   T   C   H   R   K   Q   E   N   D  NOCC NDEL NINS ENTROPY RELENT WEIGHT
    1    1     0   0   0   0   0   0   0   0   0   0   0   0   0 100   0   0   0   0   0   0     0    0    0   0.000      0  0.00
    2    2    82   0   0  18   0   0   0   0   0   0   0   0   0   0   0   0   0   0   0   0     0    0    0   0.474     15  0.00
    3    3     0   0   0   0   0   0   0   0   0   0   0   0   0   0   0   0   0  92   0   8     0    0    0   0.287      9  0.00
    4    4     0   8   0   0   0   0   0   0   0  75   0   0   0   0   0   0  17   0   0   0     0    0    0   0.721     24  0.00
    5    5    75  25   0   0   0   0   0   0   0   0   0   0   0   0   0   0   0   0   0   0     0    0    0   0.562     18  0.00
    6    6     0   0   0   0   0   0   0   0   0   0   0   0   0   0   0   0   0   0   0 100     0    0    0   0.000      0  0.00
    7    7     0   0   0   0   0   0   0   0   0 100   0   0   0   0   0   0   0   0   0   0     0    0    0   0.000      0  0.00
    8    8     0   0   0   0   0   0   0   0   0   0   0   0 100   0   0   0   0   0   0   0     0    0    0   0.000      0  0.00
    9    9     0   0   0   0 100   0   0   0   0   0   0   0   0   0   0   0   0   0   0   0     0    0    0   0.000      0  0.00
   10   10     0   0   0   0   0   0   0   8   0   0   0   0   0   0  83   0   0   0   0   8     0    0    0   0.566     18  0.00
   11   11     0   0   0   0   0   0   0   0  67   0  25   0   0   0   0   0   0   0   8   0     0    0    0   0.824     27  0.00
   12   12     0   0   0   0   0   0   0   0   0   0   0   0   0   0   0  17   0   0  83   0     0    0    0   0.451     15  0.00
   13   13     0   0   0   0   0   0   0   0   0   0   0   0 100   0   0   0   0   0   0   0     0    0    0   0.000      0  0.00
   14   14     0   0   0   0   0   0   0   0   0   0   0   0   0   0   0   0   0 100   0   0     0    0    0   0.000      0  0.00
   15   15     0   0   0   0   8   0  92   0   0   0   0   0   0   0   0   0   0   0   0   0     0    0    0   0.287      9  0.00
   16   16     0   0   0   0   0   0   0   0   0   0   0   0   0   0   0   0 100   0   0   0     0    0    0   0.000      0  0.00
   17   17     0   0   0   0   0   0   0   0   0   0   0   0 100   0   0   0   0   0   0   0     0    0    0   0.000      0  0.00
   18   18     0   0   0   0   0   0   0   0   0   0   0   0   0   0   0   0 100   0   0   0     0    0    0   0.000      0  0.00
   19   19     0   0   0   0   0   0   0   0   0 100   0   0   0   0   0   0   0   0   0   0     0    0    0   0.000      0  0.00
   20   20    33  67   0   0   0   0   0   0   0   0   0   0   0   0   0   0   0   0   0   0     0    0    0   0.637     21  0.00
   21   21     0   0   0   0   0   0   0   8   0   0   8   0   0   0   0   0   0   0  75   8     0    0    0   0.837     27  0.00
   22   22     0   0   0   0   0   0   0   0   0   8  17   0   0   0   8   0  67   0   0   0     0    0    0   0.983     32  0.00
   23   23     0   0   0   0   0   0   0   0   0   0   8  92   0   0   0   0   0   0   0   0     0    0    0   0.287      9  0.00
   24   24     0   0   0   0   0   0   0   0   0   0  67   0   0  17   0   0   0   8   0   8     0    0    0   0.983     32  0.00
   25   25     0   0   0   0   0   0  92   0   0   0   0   0   0   8   0   0   0   0   0   0     0    0    0   0.287      9  0.00
   26   26     0  67   0   0   0   0   0   0   0   0   0   0   0   0   8   8   0   0  17   0     0    0    0   0.983     32  0.00
   27   27     0   0   0   0   0   0   0   0   0   0   0   0 100   0   0   0   0   0   0   0     0    0    0   0.000      0  0.00
   28   28    67   0  33   0   0   0   0   0   0   0   0   0   0   0   0   0   0   0   0   0     0    0    0   0.637     21  0.00
   29   29     0   0   0   0   0   0   0   0   0   0   0   0 100   0   0   0   0   0   0   0     0    0    0   0.000      0  0.00
   30   30     0   0   0   0   0   0   0   0 100   0   0   0   0   0   0   0   0   0   0   0     0    0    0   0.000      0  0.00
   31   31     0   0   0   0   0   0   0   0   0   8   0   0   0   0   0   0   0  92   0   0     0    0    0   0.287      9  0.00
   32   32     0   0   0   0   0   0   0 100   0   0   0   0   0   0   0   0   0   0   0   0     0    0    0   0.000      0  0.00
   33   33     0   0   0   0 100   0   0   0   0   0   0   0   0   0   0   0   0   0   0   0     0    0    0   0.000      0  0.00
   34   34     0   0   0   0   0   0   0   0 100   0   0   0   0   0   0   0   0   0   0   0     0    0    0   0.000      0  0.00
   35   35     0   0   0   0   0   0   0   0   0 100   0   0   0   0   0   0   0   0   0   0     0    0    0   0.000      0  0.00
   36   36     8   0  67   0   0   0   0   0   0   0   0   0   0   0   0  25   0   0   0   0     0    0    0   0.824     27  0.00
   37   37     0  17   0   0   0   0   0   0   0  83   0   0   0   0   0   0   0   0   0   0     0    0    0   0.451     15  0.00
   38   38     0   0   0   0   0   0   0   8   0   0   0   0   0  67   0   0   0   0   0  25     0    0    0   0.824     27  0.00
   39   39     0   0   0   0   0   0   0   0   8   0   0   0   0   0   0   0   0  75   0  17     0    0    0   0.721     24  0.00
   40   40     0   0   0   0   0   0   0   0   0 100   0   0   0   0   0   0   0   0   0   0     0    0    0   0.000      0  0.00
   41   41     0   0   0   0   0   0   0   0   0   0   0   0   0  83   0   0   0   0   0  17     0    0    0   0.451     15  0.00
   42   42     0   0   0   0   0   0   0   0   0   0   0   0   0   0  83  17   0   0   0   0     0    0    0   0.451     15  0.00
   43   43     0   0   0   0   0   0   0   0   0   0   0   0 100   0   0   0   0   0   0   0     0    0    0   0.000      0  0.00
   44   44     0   0   0   0   0   0   0   0   0   0   0   0   0   0   0   0  77  23   0   0     0    0    0   0.540     18  0.00
   45   45     0   0   0 100   0   0   0   0   0   0   0   0   0   0   0   0   0   0   0   0     0    0    0   0.000      0  0.00
   46   46     0   0   0   0 100   0   0   0   0   0   0   0   0   0   0   0   0   0   0   0     0    0    0   0.000      0  0.00
   47   47     0   0   0   0   0   0   0   0   0   0   0   0 100   0   0   0   0   0   0   0     0    0    0   0.000      0  0.00
   48   48     0   0   0   0   0   0   0   0   0   0   0   0   0   0   0   0   0   0 100   0     0    0    0   0.000      0  0.00
   49   49     0   0   0   0   0   0   0   0   0   0   0   0   0   0   0   0  75  25   0   0     0    0    0   0.562     18  0.00
   50   50     0   0   0   0   0   0   0   0   0   0   0 100   0   0   0   0   0   0   0   0     0    0    0   0.000      0  0.00
   51   51     0   0   0   0   0   0   0   0  67   0  33   0   0   0   0   0   0   0   0   0     0    0    0   0.637     21  0.00
   52   52     0   0   0   0   0   0   0   0   0   0   0   0 100   0   0   0   0   0   0   0     0    0    0   0.000      0  0.00
   53   53     0   0   0   0   0   0   0   0   0 100   0   0   0   0   0   0   0   0   0   0     0    0    0   0.000      0  0.00
   54   54     0   0   0   0   0   0   0   0 100   0   0   0   0   0   0   0   0   0   0   0     0    0    0   0.000      0  0.00
   55   55     0   0   0   0   0   0   0   0   0   0   0   0   0   0   0   0   0   0   0 100     0    0    0   0.000      0  0.00
   56   56     0   0   0   0   0   0   0   0   0   0   0   0 100   0   0   0   0   0   0   0     0    0    0   0.000      0  0.00
   57   57     0   0   0   0   0   0   0   0   0   0   0   0   0   0   0   0   0   0   0 100     0    0    0   0.000      0  0.00
   58   58     0   0   0   0   0   0   0   0   0 100   0   0   0   0   0   0   0   0   0   0     0    0    0   0.000      0  0.00
   59   59     0   0   0   0   0   0   0   0   0   0   0   0   0   8   0   0   0   0  92   0     0    0    0   0.287      9  0.00
   60   60     0   0   0   0   0   0   8   0   0   0  25  67   0   0   0   0   0   0   0   0     0    0    0   0.824     27  0.00
   61   61     0   0   0   0   0   0   0   0   0  33   0   0   0   0   0   0  67   0   0   0     0    0    0   0.637     21  0.00
   62   62     0   0   0   0   0   0   0   0  67   0  17  17   0   0   0   0   0   0   0   0     0    0    0   0.868     28  0.00
   63   63     8   0   8   0  17   0   0   0   0   0  67   0   0   0   0   0   0   0   0   0     0    0    0   0.983     32  0.00
   64   64     0   0   0   0   0   0   0   0   0   0   0   0 100   0   0   0   0   0   0   0     0    0    0   0.000      0  0.00
   65   65     0   0   0   0   0   0   0   0   0   0   0   0   0   0   8   0  17  75   0   0     0    0    0   0.721     24  0.00
   66   66     0   0   0   0   0   0   0   0   0   0   0   0 100   0   0   0   0   0   0   0     0    0    0   0.000      0  0.00
   67   67     0   0   0   0   0   0   0   0   0 100   0   0   0   0   0   0   0   0   0   0     0    0    0   0.000      0  0.00
   68   68     0   0   0   0   0   0   0   0   0   0   0   0   0   0   0   0   0 100   0   0     0    0    0   0.000      0  0.00
   69   69     0   0   0   0   0   0   0 100   0   0   0   0   0   0   0   0   0   0   0   0     0    0    0   0.000      0  0.00
   70   70     0   0   0   0  25   0  75   0   0   0   0   0   0   0   0   0   0   0   0   0     0    0    0   0.562     18  0.00
   71   71     0   0 100   0   0   0   0   0   0   0   0   0   0   0   0   0   0   0   0   0     0    0    0   0.000      0  0.00
   72   72     0  92   8   0   0   0   0   0   0   0   0   0   0   0   0   0   0   0   0   0     0    0    0   0.287      9  0.00
   73   73     0   0   0   0   0   0   0   0   0   0   0   0   0   0   0   0   0   0   0 100     0    0    0   0.000      0  0.00
   74   74     0   0   0   0   0   0   0   0   0   0   0   0   0   0   0   0   0  33   0  67     0    0    0   0.637     21  0.00
   75   75     0   0   0   0   0   0   0 100   0   0   0   0   0   0   0   0   0   0   0   0     0    0    0   0.000      0  0.00
   76   76     0   0   0   0  67   0   0   0   0   0  33   0   0   0   0   0   0   0   0   0     0    0    0   0.637     21  0.00
   77   77     8   0  83   0   0   0   0   0   0   0   0   8   0   0   0   0   0   0   0   0     0    0    0   0.566     18  0.00
   78   78     0   0   0   0   0   0   0   0   0   0   0   0 100   0   0   0   0   0   0   0     0    0    0   0.000      0  0.00
   79   79     0   0   0   0   0   0   0   0   0   0   0 100   0   0   0   0   0   0   0   0     0    0    0   0.000      0  0.00
   80   80     0   0   0   0   0   0   0   0   0   0   0   0   0   0   0   0   0   0   0 100     0    0    0   0.000      0  0.00
   81   81     0   0 100   0   0   0   0   0   0   0   0   0   0   0   0   0   0   0   0   0     0    0    0   0.000      0  0.00
   82   82     0   0   0   0   0   0   0   0   0   0   0   0   0   0   0   0   0   0   8  92     0    0    0   0.287      9  0.00
   83   83     0   0   0   0   0   0   0   0   0   0   0   0   0   0   0   0   0 100   0   0     0    0    0   0.000      0  0.00
//
