ID Pseudo hssp file.
SEQ 
SEQ gi|7767191|pdb|1DZ1|A Chain A, Mouse Hp1 (M31) C Terminal (Shado...   133  2e-31
SEQ gi|4530297|gb|AAD21972.1| (AF106801) heterochromatin-specific no...   124  2e-28
SEQ gi|5803076|ref|NP_006798.1| chromobox homolog 1 (Drosophila HP1 ...   123  3e-28
SEQ gi|3649783|dbj|BAA33400.1| (AB005617) chromobox protein (CHCB1) ...   119  6e-27
SEQ gi|2454534|gb|AAC60299.1| (AF009821) heterochromatin protein 1 g...   118  9e-27
SEQ gi|3649785|dbj|BAA33401.1| (AB005618) chromobox protein (CHCB2) ...   118  1e-26
SEQ gi|12654267|gb|AAH00954.1|AAH00954 (BC000954) heterochromatin-li...   117  1e-26
SEQ gi|6680860|ref|NP_031650.1| chromobox homolog 3 (Drosophila HP1 ...   117  2e-26
SEQ gi|4585819|emb|CAB40898.1| (AJ238107) chromobox protein [Oryzias...   117  2e-26
SEQ gi|7705407|ref|NP_057671.1| heterochromatin-like protein 1 [Homo...   117  2e-26
SEQ gi|12584628|emb|CAC27399.1| (AJ305220) chromobox protein [Platic...   116  5e-26
SEQ gi|6005780|ref|NP_009207.1| chromobox homolog 3 (Drosophila HP1 ...   115  6e-26
SEQ gi|2454532|gb|AAC60298.1| (AF009820) heterochromatin protein 1 a...   110  3e-24
SEQ gi|6912292|ref|NP_036249.1| chromobox homolog 5 (Drosophila HP1 ...   105  9e-23
SEQ gi|7459585|pir||G01808 HP1Hs-alpha - human (fragment) >gi|886063...   105  9e-23
SEQ gi|12858011|dbj|BAB31173.1| (AK018349) putative [Mus musculus]        105  1e-22
SEQ gi|6671694|ref|NP_031652.1| chromobox homolog 5 (Drosophila HP1a...   105  1e-22
SEQ gi|7291000|gb|AAF46438.1| (AE003446) CG7041 gene product [Drosop...   102  7e-22
SEQ gi|7295694|gb|AAF50999.1| (AE003576) CG15636 gene product [Droso...    79  1e-14
SEQ gi|123479|sp|P29227|HP1_DROVI HETEROCHROMATIN PROTEIN 1 (HP1) >g...    77  4e-14
SEQ gi|1170337|sp|P05205|HP1_DROME HETEROCHROMATIN PROTEIN 1 (HP1) (...    71  2e-12
SEQ gi|12856936|dbj|BAB30836.1| (AK017608) putative [Mus musculus]         62  1e-09
SEQ gi|7300919|gb|AAF56059.1| (AE003740) CG6990 gene product [Drosop...    59  6e-09
SEQ gi|7505606|pir||T23518 heterochromatin protein 1 homolog - Caeno...    46  8e-05
SEQ gi|7505081|pir||T23196 hypothetical protein K01G5.2a - Caenorhab...    42  8e-04
SEQ 
## SEQUENCE PROFILE AND ENTROPY
 SeqNo PDBNo   V   L   I   M   F   W   Y   G   A   P   S   T   C   H   R   K   Q   E   N   D  NOCC NDEL NINS ENTROPY RELENT WEIGHT
    1    1     0   0   0   0   0   0   0   0   0   0   0   0   0 100   0   0   0   0   0   0     0    0    0   0.000      0  0.00
    2    2     0   0   0 100   0   0   0   0   0   0   0   0   0   0   0   0   0   0   0   0     0    0    0   0.000      0  0.00
    3    3     0   0   0   0   0   0   0   0   0   0   0   0   0   0  35  45   0  20   0   0     0    0    0   1.049     35  0.00
    4    4     0   0   0   0   0   0   0   0   0   0   0   0   0   0   0   0  18  50   0  32     0    0    0   1.021     34  0.00
    5    5     5   0   0   5   0   0   0   0  18   0  32   5   0   0   0   0   0  36   0   0     0    0    0   1.464     48  0.00
    6    6    14   0   5   0   0   0   0   0  23   0  27   0   0   0   0   0   5   0  27   0     0    0    0   1.598     53  0.00
    7    7     0   0   0   0   0   0   0   0   0   0   0   0   0   0   0   5   9  36   0  50     0    0    0   1.073     35  0.00
    8    8     0   0  23   0   0   0   0   0   0   0   0   0   0   0   0  73   0   0   5   0     0    0    0   0.709     23  0.00
    9    9     0   9   0   0   0   0   0   0  23  64   0   0   0   0   0   0   0   0   0   5     0    0    0   0.983     32  0.00
   10   10     0   0   5   0   0   0   0   0   0   0   0   0   0   0  91   5   0   0   0   0     0    0    0   0.368     12  0.00
   11   11     0   0   0   0   4   0   0  96   0   0   0   0   0   0   0   0   0   0   0   0     0    0    0   0.168      5  0.00
   12   12     0   0   0   0  92   0   4   0   0   0   4   0   0   0   0   0   0   0   0   0     0    0    0   0.334     11  0.00
   13   13     0   4   0   0   0   0   0   0  56   0   0   0   0   0   0   0   0  28   0  12     0    0    0   1.064     35  0.00
   14   14     0   4   0   0   0   0   0   0   0   0   0   0   0   0  92   0   0   4   0   0     0    0    0   0.334     11  0.00
   15   15     0   0   0   0   0   0   0  88   4   0   4   0   0   0   0   0   0   0   4   0     0    0    0   0.499     16  0.00
   16   16     0  92   0   0   4   0   0   0   0   0   0   0   0   0   0   4   0   0   0   0     0    0    0   0.334     11  0.00
   17   17     0   0   0   0   0   0   0   0   0   0   0   0   0   0   0   0   4  68   0  28     0    0    0   0.747     24  0.00
   18   18     0   8   0   0   0   0   0   0  12  80   0   0   0   0   0   0   0   0   0   0     0    0    0   0.635     21  0.00
   19   19     0   4   0   0   0   0   0   0   4   0   4   0   0   0   0   4   0  84   0   0     0    0    0   0.661     22  0.00
   20   20     0   0   0   0   0   0   0   0   0   0   0   0   4   0  60  32   0   4   0   0     0    0    0   0.929     30  0.00
   21   21     0   0 100   0   0   0   0   0   0   0   0   0   0   0   0   0   0   0   0   0     0    0    0   0.000      0  0.00
   22   22     8  15  77   0   0   0   0   0   0   0   0   0   0   0   0   0   0   0   0   0     0    0    0   0.687     22  0.00
   23   23     0   0   0   0   0   0   0 100   0   0   0   0   0   0   0   0   0   0   0   0     0    0    0   0.000      0  0.00
   24   24     0   4   4   0   0   0   0   0  92   0   0   0   0   0   0   0   0   0   0   0     0    0    0   0.325     10  0.00
   25   25     0   0   4   0   0   0   0   0   0   0   8  85   4   0   0   0   0   0   0   0     0    0    0   0.589     19  0.00
   26   26     0   0   0   0   0   0   0   0   0   0   0   0   0   0   0   8   0   0   4  88     0    0    0   0.431     14  0.00
   27   27     4   0   0   0   0   4   0   4   4   0  77   0   0   0   0   0   0   0   8   0     0    0    0   0.900     30  0.00
   28   28     0   0   0   0   0   0   0   0   0   8  62   4  19   0   0   0   0   0   8   0     0    0    0   1.136     37  0.00
   29   29     0   0   0   0   0   0   0 100   0   0   0   0   0   0   0   0   0   0   0   0     0    0    0   0.000      0  0.00
   30   30     0   0   0   0   0   0   0   0   0   0   0   0   0   4   8   4   0  65   0  19     0    0    0   1.043     34  0.00
   31   31     4  92   4   0   0   0   0   0   0   0   0   0   0   0   0   0   0   0   0   0     0    0    0   0.325     10  0.00
   32   32     0   0   0  77   0   0   0   0   0   0   0  12   0   8   0   4   0   0   0   0     0    0    0   0.774     25  0.00
   33   33     0   0   0   0  96   0   4   0   0   0   0   0   0   0   0   0   0   0   0   0     0    0    0   0.163      5  0.00
   34   34     0 100   0   0   0   0   0   0   0   0   0   0   0   0   0   0   0   0   0   0     0    0    0   0.000      0  0.00
   35   35     4   0   8  81   0   0   0   0   0   0   0   0   8   0   0   0   0   0   0   0     0    0    0   0.692     23  0.00
   36   36     0   0   0   0   0   0   0   0   0   0   0   0   0   0   4  85  12   0   0   0     0    0    0   0.516     17  0.00
   37   37     0   0   0   0  15  85   0   0   0   0   0   0   0   0   0   0   0   0   0   0     0    0    0   0.429     14  0.00
   38   38     0   0   0   0   0   0   0   0   0   0  12   0   0   0   0  85   4   0   0   0     0    0    0   0.516     17  0.00
   39   39     0   0   0   0   4   0   0  15   0   0   4   0   0   0   0   0   0   0  19  58     0    0    0   1.173     39  0.00
   40   40     8   0   0   0   0   0   0   0   0   0  67  17   8   0   0   0   0   0   0   0     0    0    0   0.983     32  0.00
   41   41     0   0   0   0   0   0   0   0   0   0   0   0   0   0   0   0   0   0   4  96     0    0    0   0.168      5  0.00
   42   42     0   0   0   0   0   0   0   0   0   0   4   4   0   4   0   0   8  80   0   0     0    0    0   0.767     25  0.00
   43   43     4   0   0   0   4   0   0   0  92   0   0   0   0   0   0   0   0   0   0   0     0    0    0   0.334     11  0.00
   44   44     0   0   0   0   0   0   0   4   0   0   0   0   0   4   4   0   0   8   0  80     0    0    0   0.767     25  0.00
   45   45     0  92   0   8   0   0   0   0   0   0   0   0   0   0   0   0   0   0   0   0     0    0    0   0.279      9  0.00
   46   46    92   4   4   0   0   0   0   0   0   0   0   0   0   0   0   0   0   0   0   0     0    0    0   0.334     11  0.00
   47   47     0  40   0   0   0   0   0   0   0  60   0   0   0   0   0   0   0   0   0   0     0    0    0   0.673     22  0.00
   48   48     0   4   0   0   0   0   0   0  84   0  12   0   0   0   0   0   0   0   0   0     0    0    0   0.530     17  0.00
   49   49     0   0   0   0   0   0   0   0   4   0   4   4   0   0  12  72   0   4   0   0     0    0    0   1.006     33  0.00
   50   50    12   4   0   0   0   0   0   0   0   0   0   0   0   0   0   0   4  80   0   0     0    0    0   0.690     23  0.00
   51   51     4   4   4   0   0   0   0   0  88   0   0   0   0   0   0   0   0   0   0   0     0    0    0   0.499     16  0.00
   52   52     4   0   0   0   0   0   0   0   0   0   4   0   0   0   0   0   0   0  92   0     0    0    0   0.334     11  0.00
   53   53    52   4   4  16   0   0   0   0   0   0   4  12   0   0   0   0   0   8   0   0     0    0    0   1.476     49  0.00
   54   54     0   0   0   0   0   0   0   0   0   0   0   0   0   0  24  76   0   0   0   0     0    0    0   0.551     18  0.00
   55   55     0   0   8   0   4   0   4   0   0   0   4   0  76   0   0   0   0   0   0   4     0    0    0   0.926     30  0.00
   56   56     0   0   0   0   0   0   0   0   0 100   0   0   0   0   0   0   0   0   0   0     0    0    0   0.000      0  0.00
   57   57     0   0   0   0   0   0   0   0   0   0   8   0   0   0   4   0  88   0   0   0     0    0    0   0.443     14  0.00
   58   58    36   0  40  16   0   0   0   0   0   0   0   0   0   0   0   0   8   0   0   0     0    0    0   1.230     41  0.00
   59   59    96   4   0   0   0   0   0   0   0   0   0   0   0   0   0   0   0   0   0   0     0    0    0   0.168      5  0.00
   60   60     0   0 100   0   0   0   0   0   0   0   0   0   0   0   0   0   0   0   0   0     0    0    0   0.000      0  0.00
   61   61     0   0   0   0   0   0   0   0  44   0  32   0   0   4   8   4   4   0   0   4     0    0    0   1.443     48  0.00
   62   62     0   0   0   0  92   0   8   0   0   0   0   0   0   0   0   0   0   0   0   0     0    0    0   0.279      9  0.00
   63   63     0   0   0   0   4   0  96   0   0   0   0   0   0   0   0   0   0   0   0   0     0    0    0   0.168      5  0.00
   64   64     0   0   0   0   0   0   0   0   0   0   0   0   0   0   0   0   4  96   0   0     0    0    0   0.168      5  0.00
   65   65     0   0   0   0   0   0   0   0   0   0   4   4   0   0   0   4   0  88   0   0     0    0    0   0.499     16  0.00
   66   66     0   0   0   0   0   0   0   0   0   0   0   0   0   0  96   4   0   0   0   0     0    0    0   0.173      5  0.00
   67   67     0  96   4   0   0   0   0   0   0   0   0   0   0   0   0   0   0   0   0   0     0    0    0   0.173      5  0.00
   68   68     4   0   0   0   0   0   0   0   0   0   9  87   0   0   0   0   0   0   0   0     0    0    0   0.470     15  0.00
   69   69     0   0   0   0   5  95   0   0   0   0   0   0   0   0   0   0   0   0   0   0     0    0    0   0.185      6  0.00
   70   70     0   0   0   0   0   0  10   0   0   0   0   0   0  90   0   0   0   0   0   0     0    0    0   0.314     10  0.00
//
