ID Pseudo hssp file.
SEQ 
SEQ gi|730857|sp|P40381|SWI6_SCHPO CHROMATIN-ASSOCIATED SWI6 PROTEIN...   119  2e-26
SEQ gi|8569458|pdb|1E0B|A Chain A, Chromo Shadow Domain From Fission...   116  8e-26
SEQ gi|7493045|pir||T39561 probable transcription factor - fission y...    56  2e-07
SEQ 
## SEQUENCE PROFILE AND ENTROPY
 SeqNo PDBNo   V   L   I   M   F   W   Y   G   A   P   S   T   C   H   R   K   Q   E   N   D  NOCC NDEL NINS ENTROPY RELENT WEIGHT
    1    1     0   0   0   0   0   0   0   0   0   0   0   0   0   0   0   0 100   0   0   0     0    0    0   0.000      0  0.00
    2    2   100   0   0   0   0   0   0   0   0   0   0   0   0   0   0   0   0   0   0   0     0    0    0   0.000      0  0.00
    3    3     0   0   0   0   0   0   0   0   0   0   0   0   0   0   0   0   0 100   0   0     0    0    0   0.000      0  0.00
    4    4     0   0   0   0   0   0   0   0   0   0   0   0   0   0   0   0   0   0 100   0     0    0    0   0.000      0  0.00
    5    5     0   0   0   0   0   0 100   0   0   0   0   0   0   0   0   0   0   0   0   0     0    0    0   0.000      0  0.00
    6    6     0   0   0   0   0   0   0   0   0   0   0   0   0   0   0   0   0   0   0 100     0    0    0   0.000      0  0.00
    7    7     0   0   0   0   0   0   0   0   0   0 100   0   0   0   0   0   0   0   0   0     0    0    0   0.000      0  0.00
    8    8     0   0   0   0   0 100   0   0   0   0   0   0   0   0   0   0   0   0   0   0     0    0    0   0.000      0  0.00
    9    9     0   0   0   0   0   0   0   0   0   0   0   0   0   0   0   0   0 100   0   0     0    0    0   0.000      0  0.00
   10   10     0   0   0   0   0   0   0   0   0   0   0   0   0   0   0   0   0   0   0 100     0    0    0   0.000      0  0.00
   11   11     0 100   0   0   0   0   0   0   0   0   0   0   0   0   0   0   0   0   0   0     0    0    0   0.000      0  0.00
   12   12   100   0   0   0   0   0   0   0   0   0   0   0   0   0   0   0   0   0   0   0     0    0    0   0.000      0  0.00
   13   13     0   0   0   0   0   0   0   0   0   0  75   0   0   0   0   0   0   0   0  25     0    0    0   0.562     18  0.00
   14   14     0   0   0   0   0   0   0   0   0   0  75   0  25   0   0   0   0   0   0   0     0    0    0   0.562     18  0.00
   15   15    25   0  75   0   0   0   0   0   0   0   0   0   0   0   0   0   0   0   0   0     0    0    0   0.562     18  0.00
   16   16     0   0   0   0   0   0   0   0   0   0   0   0   0   0   0  25   0   0   0  75     0    0    0   0.562     18  0.00
   17   17     0   0   0   0   0   0   0   0   0   0   0 100   0   0   0   0   0   0   0   0     0    0    0   0.000      0  0.00
   18   18    25   0  75   0   0   0   0   0   0   0   0   0   0   0   0   0   0   0   0   0     0    0    0   0.562     18  0.00
   19   19     0   0   0   0   0   0   0   0   0   0   0   0   0   0   0   0  25  75   0   0     0    0    0   0.562     18  0.00
   20   20     0   0   0   0   0   0   0   0   0   0   0   0   0   0  75   0  25   0   0   0     0    0    0   0.562     18  0.00
   21   21     0  25   0   0   0   0   0   0   0   0   0   0   0   0   0  75   0   0   0   0     0    0    0   0.562     18  0.00
   22   22     0   0   0   0   0   0   0   0   0   0   0   0   0   0   0   0   0   0   0 100     0    0    0   0.000      0  0.00
   23   23     0   0   0   0   0   0   0   0   0   0   0   0   0   0   0   0   0   0  25  75     0    0    0   0.562     18  0.00
   24   24     0   0   0   0   0   0   0 100   0   0   0   0   0   0   0   0   0   0   0   0     0    0    0   0.000      0  0.00
   25   25     0   0   0   0   0   0   0   0   0   0   0  75   0   0   0  25   0   0   0   0     0    0    0   0.562     18  0.00
   26   26     0 100   0   0   0   0   0   0   0   0   0   0   0   0   0   0   0   0   0   0     0    0    0   0.000      0  0.00
   27   27     0   0  25   0   0   0   0   0   0   0   0   0   0   0   0   0   0  75   0   0     0    0    0   0.562     18  0.00
   28   28     0   0  75   0   0   0   0   0  25   0   0   0   0   0   0   0   0   0   0   0     0    0    0   0.562     18  0.00
   29   29     0   0   0   0   0   0  75   0   0   0   0   0   0   0   0  25   0   0   0   0     0    0    0   0.562     18  0.00
   30   30     0  75  25   0   0   0   0   0   0   0   0   0   0   0   0   0   0   0   0   0     0    0    0   0.562     18  0.00
   31   31     0   0   0   0   0   0   0   0   0   0   0  75   0   0   0  25   0   0   0   0     0    0    0   0.562     18  0.00
   32   32     0   0   0   0   0 100   0   0   0   0   0   0   0   0   0   0   0   0   0   0     0    0    0   0.000      0  0.00
   33   33     0   0   0   0   0   0   0   0   0   0   0   0   0   0   0 100   0   0   0   0     0    0    0   0.000      0  0.00
   34   34     0   0   0   0   0   0   0   0   0   0   0   0   0   0   0   0   0   0 100   0     0    0    0   0.000      0  0.00
   35   35     0   0   0   0   0   0   0 100   0   0   0   0   0   0   0   0   0   0   0   0     0    0    0   0.000      0  0.00
   36   36     0   0   0   0   0   0  25   0  75   0   0   0   0   0   0   0   0   0   0   0     0    0    0   0.562     18  0.00
   37   37    20   0  80   0   0   0   0   0   0   0   0   0   0   0   0   0   0   0   0   0     0    0    0   0.500     16  0.00
   38   38     0   0   0   0   0   0   0   0  20   0  80   0   0   0   0   0   0   0   0   0     0    0    0   0.500     16  0.00
   39   39     0   0   0   0   0   0   0   0   0   0   0  20   0  60   0   0   0  20   0   0     0    0    0   0.950     31  0.00
   40   40     0   0   0   0   0   0   0   0   0   0   0  20   0  80   0   0   0   0   0   0     0    0    0   0.500     16  0.00
   41   41     0   0   0   0   0   0   0   0   0  80   0   0   0   0   0   0   0   0   0  20     0    0    0   0.500     16  0.00
   42   42     0   0   0   0   0   0   0   0   0   0  80   0   0   0   0   0   0   0  20   0     0    0    0   0.500     16  0.00
   43   43     0   0  20   0   0   0   0   0   0   0   0  60   0   0   0   0   0   0  20   0     0    0    0   0.950     31  0.00
   44   44    20   0  80   0   0   0   0   0   0   0   0   0   0   0   0   0   0   0   0   0     0    0    0   0.500     16  0.00
   45   45     0   0  20   0   0   0   0   0   0   0   0  80   0   0   0   0   0   0   0   0     0    0    0   0.500     16  0.00
   46   46     0   0   0   0   0   0   0   0   0  20   0   0   0  20   0   0   0   0  60   0     0    0    0   0.950     31  0.00
   47   47     0   0   0   0   0   0   0   0   0   0   0   0   0   0   0  80  20   0   0   0     0    0    0   0.500     16  0.00
   48   48     0   0   0   0   0   0   0   0   0   0   0   0   0   0   0 100   0   0   0   0     0    0    0   0.000      0  0.00
   49   49     0   0   0   0   0   0   0   0   0   0   0   0  80   0   0  20   0   0   0   0     0    0    0   0.500     16  0.00
   50   50     0   0   0   0   0   0   0   0   0 100   0   0   0   0   0   0   0   0   0   0     0    0    0   0.000      0  0.00
   51   51     0  20   0   0   0   0   0   0   0   0  20   0   0   0   0   0  60   0   0   0     0    0    0   0.950     31  0.00
   52   52     0   0   0   0   0   0   0   0   0  20   0   0   0   0   0  80   0   0   0   0     0    0    0   0.500     16  0.00
   53   53     0   0  20  60   0   0   0   0   0   0   0   0   0   0   0   0   0  20   0   0     0    0    0   0.950     31  0.00
   54   54    20  60  20   0   0   0   0   0   0   0   0   0   0   0   0   0   0   0   0   0     0    0    0   0.950     31  0.00
   55   55     0   0   0   0   0   0   0   0   0  20   0   0   0   0   0   0  60  20   0   0     0    0    0   0.950     31  0.00
   56   56     0   0   0   0  60   0  20   0   0   0   0   0   0   0   0  20   0   0   0   0     0    0    0   0.950     31  0.00
   57   57     0  20   0   0   0   0  80   0   0   0   0   0   0   0   0   0   0   0   0   0     0    0    0   0.500     16  0.00
   58   58     0   0   0   0   0   0   0   0   0  20   0   0   0   0   0   0   0  80   0   0     0    0    0   0.500     16  0.00
   59   59     0   0   0   0   0   0   0   0  20   0  60   0   0   0   0   0   0   0   0  20     0    0    0   0.950     31  0.00
   60   60     0   0   0   0   0   0   0   0   0   0   0   0   0  80   0   0   0   0  20   0     0    0    0   0.500     16  0.00
   61   61     0  60  20   0   0   0   0   0   0   0   0   0   0   0   0   0  20   0   0   0     0    0    0   0.950     31  0.00
//
