ID Pseudo hssp file.
SEQ 
SEQ gi|13816023|gb|AAK42817.1| (AE006864) Regucalcin homolog [Sulfol...    56  7e-07
SEQ gi|399766|sp|Q01578|GNL_ZYMMO GLUCONOLACTONASE PRECURSOR (D-GLUC...    51  2e-05
SEQ gi|13476487|ref|NP_108057.1| unknown protein [Mesorhizobium loti...    47  3e-04
SEQ 
## SEQUENCE PROFILE AND ENTROPY
 SeqNo PDBNo   V   L   I   M   F   W   Y   G   A   P   S   T   C   H   R   K   Q   E   N   D  NOCC NDEL NINS ENTROPY RELENT WEIGHT
    1    1     0   0 100   0   0   0   0   0   0   0   0   0   0   0   0   0   0   0   0   0     0    0    0   0.000      0  0.00
    2    2     0   0   0   0   0   0   0   0   0 100   0   0   0   0   0   0   0   0   0   0     0    0    0   0.000      0  0.00
    3    3   100   0   0   0   0   0   0   0   0   0   0   0   0   0   0   0   0   0   0   0     0    0    0   0.000      0  0.00
    4    4     0   0 100   0   0   0   0   0   0   0   0   0   0   0   0   0   0   0   0   0     0    0    0   0.000      0  0.00
    5    5     0   0   0   0   0   0   0   0   0   0   0   0   0   0   0   0   0 100   0   0     0    0    0   0.000      0  0.00
    6    6     0   0   0   0   0   0   0   0   0 100   0   0   0   0   0   0   0   0   0   0     0    0    0   0.000      0  0.00
    7    7     0 100   0   0   0   0   0   0   0   0   0   0   0   0   0   0   0   0   0   0     0    0    0   0.000      0  0.00
    8    8     0   0   0   0 100   0   0   0   0   0   0   0   0   0   0   0   0   0   0   0     0    0    0   0.000      0  0.00
    9    9     0   0   0   0   0   0   0   0   0   0   0 100   0   0   0   0   0   0   0   0     0    0    0   0.000      0  0.00
   10   10     0   0   0   0   0   0   0   0   0   0   0   0   0   0   0 100   0   0   0   0     0    0    0   0.000      0  0.00
   11   11    50   0  50   0   0   0   0   0   0   0   0   0   0   0   0   0   0   0   0   0     0    0    0   0.693     23  0.00
   12   12     0   0   0   0   0   0   0   0  50   0   0  50   0   0   0   0   0   0   0   0     0    0    0   0.693     23  0.00
   13   13     0   0   0   0   0   0   0   0   0   0  50   0   0   0   0   0   0  50   0   0     0    0    0   0.693     23  0.00
   14   14     0   0   0   0   0   0   0   0   0   0   0   0   0   0   0   0   0   0   0 100     0    0    0   0.000      0  0.00
   15   15     0   0 100   0   0   0   0   0   0   0   0   0   0   0   0   0   0   0   0   0     0    0    0   0.000      0  0.00
   16   16     0   0   0   0   0   0   0   0   0  50   0   0   0   0   0   0  50   0   0   0     0    0    0   0.693     23  0.00
   17   17     0   0   0   0   0  50   0  50   0   0   0   0   0   0   0   0   0   0   0   0     0    0    0   0.693     23  0.00
   18   18     0   0   0   0   0   0   0   0  50   0  50   0   0   0   0   0   0   0   0   0     0    0    0   0.693     23  0.00
   19   19     0   0   0   0   0   0   0   0   0   0   0   0   0   0   0   0   0 100   0   0     0    0    0   0.000      0  0.00
   20   20     0   0   0   0   0   0   0 100   0   0   0   0   0   0   0   0   0   0   0   0     0    0    0   0.000      0  0.00
   21   21     0   0   0   0   0   0   0   0   0 100   0   0   0   0   0   0   0   0   0   0     0    0    0   0.000      0  0.00
   22   22   100   0   0   0   0   0   0   0   0   0   0   0   0   0   0   0   0   0   0   0     0    0    0   0.000      0  0.00
   23   23     0   0   0   0  33  33  33   0   0   0   0   0   0   0   0   0   0   0   0   0     0    0    0   1.099     36  0.00
   24   24    33   0   0   0   0   0   0   0   0   0   0   0   0   0   0   0   0   0   0  67     0    0    0   0.637     21  0.00
   25   25     0   0   0   0   0   0   0   0   0   0   0   0   0   0   0 100   0   0   0   0     0    0    0   0.000      0  0.00
   26   26     0   0   0   0   0   0   0   0   0   0   0   0   0   0   0   0   0   0 100   0     0    0    0   0.000      0  0.00
   27   27     0   0   0   0   0   0   0  67   0   0   0   0   0   0   0  33   0   0   0   0     0    0    0   0.637     21  0.00
   28   28     0  33   0   0   0   0   0   0   0   0   0   0   0   0   0   0   0   0  33  33     0    0    0   1.099     36  0.00
   29   29     0   0   0   0 100   0   0   0   0   0   0   0   0   0   0   0   0   0   0   0     0    0    0   0.000      0  0.00
   30   30     0  33   0   0   0  33  33   0   0   0   0   0   0   0   0   0   0   0   0   0     0    0    0   1.099     36  0.00
   31   31     0  50  50   0   0   0   0   0   0   0   0   0   0   0   0   0   0   0   0   0     0    0    0   0.693     23  0.00
   32   32    50   0   0   0  50   0   0   0   0   0   0   0   0   0   0   0   0   0   0   0     0    0    0   0.693     23  0.00
   33   33     0   0   0   0   0   0   0   0  50   0  50   0   0   0   0   0   0   0   0   0     0    0    0   0.693     23  0.00
   34   34     0   0   0   0   0   0   0   0   0 100   0   0   0   0   0   0   0   0   0   0     0    0    0   0.000      0  0.00
   35   35     0   0   0   0   0   0   0   0   0   0   0   0   0   0   0   0   0 100   0   0     0    0    0   0.000      0  0.00
   36   36   100   0   0   0   0   0   0   0   0   0   0   0   0   0   0   0   0   0   0   0     0    0    0   0.000      0  0.00
   37   37     0   0   0   0   0   0   0   0   0   0   0   0   0   0   0   0   0  50   0  50     0    0    0   0.693     23  0.00
   38   38    50   0  50   0   0   0   0   0   0   0   0   0   0   0   0   0   0   0   0   0     0    0    0   0.693     23  0.00
   39   39     0   0   0   0   0   0   0   0   0   0   0   0   0   0   0   0   0  50  50   0     0    0    0   0.693     23  0.00
   40   40     0   0   0   0   0   0   0 100   0   0   0   0   0   0   0   0   0   0   0   0     0    0    0   0.000      0  0.00
   41   41     0   0   0   0   0   0   0   0   0   0   0   0   0   0   0  67   0   0   0  33     0    0    0   0.637     21  0.00
   42   42     0   0   0   0   0   0   0   0   0 100   0   0   0   0   0   0   0   0   0   0     0    0    0   0.000      0  0.00
   43   43     0   0   0   0   0   0   0   0  50  50   0   0   0   0   0   0   0   0   0   0     0    0    0   0.693     23  0.00
   44   44     0   0   0   0   0   0   0  50  50   0   0   0   0   0   0   0   0   0   0   0     0    0    0   0.693     23  0.00
   45   45     0   0   0   0   0   0   0   0   0   0   0   0   0   0  25   0   0  50  25   0     0    0    0   1.040     34  0.00
   46   46     0   0 100   0   0   0   0   0   0   0   0   0   0   0   0   0   0   0   0   0     0    0    0   0.000      0  0.00
   47   47     0  25  50  25   0   0   0   0   0   0   0   0   0   0   0   0   0   0   0   0     0    0    0   1.040     34  0.00
   48   48    25   0   0   0   0   0   0   0  25   0   0   0   0   0  50   0   0   0   0   0     0    0    0   1.040     34  0.00
   49   49     0   0  25   0   0   0   0   0   0   0   0  25   0   0   0  25   0   0  25   0     0    0    0   1.386     46  0.00
   50   50     0   0   0   0   0  25   0   0   0   0   0   0   0   0   0   0   0   0   0  75     0    0    0   0.562     18  0.00
   51   51     0  50   0   0   0   0   0   0  25   0   0  25   0   0   0   0   0   0   0   0     0    0    0   1.040     34  0.00
   52   52     0   0   0   0   0   0   0   0   0  25   0   0   0  25   0  25   0   0  25   0     0    0    0   1.386     46  0.00
   53   53     0   0   0   0   0   0   0  25   0   0   0  50   0   0   0   0   0   0   0  25     0    0    0   1.040     34  0.00
   54   54     0   0   0   0   0   0   0  50  25   0   0   0   0   0   0   0   0   0  25   0     0    0    0   1.040     34  0.00
   55   55     0   0   0   0   0   0   0  25   0   0   0  25   0   0  25  25   0   0   0   0     0    0    0   1.386     46  0.00
   56   56    25   0   0   0   0   0   0   0   0   0   0   0   0   0   0  25   0  50   0   0     0    0    0   1.040     34  0.00
   57   57    25   0  25   0   0   0   0   0   0   0  25  25   0   0   0   0   0   0   0   0     0    0    0   1.386     46  0.00
   58   58    25   0  25  25  25   0   0   0   0   0   0   0   0   0   0   0   0   0   0   0     0    0    0   1.386     46  0.00
   59   59     0  25  25   0  25   0  25   0   0   0   0   0   0   0   0   0   0   0   0   0     0    0    0   1.386     46  0.00
   60   60     0  25  25   0   0   0   0   0   0   0   0   0  25   0   0   0   0  25   0   0     0    0    0   1.386     46  0.00
   61   61    25   0   0  25   0   0   0   0   0   0   0   0   0   0   0  50   0   0   0   0     0    0    0   1.040     34  0.00
   62   62     0   0   0   0   0   0   0   0   0 100   0   0   0   0   0   0   0   0   0   0     0    0    0   0.000      0  0.00
   63   63     0   0   0   0   0   0   0   0  25   0  25   0   0   0   0   0   0  25   0  25     0    0    0   1.386     46  0.00
   64   64    50  25   0   0   0   0   0  25   0   0   0   0   0   0   0   0   0   0   0   0     0    0    0   1.040     34  0.00
   65   65     0   0   0   0   0   0   0   0   0   0   0   0   0  50   0   0   0   0  50   0     0    0    0   0.693     23  0.00
   66   66     0   0   0   0   0   0   0  50  50   0   0   0   0   0   0   0   0   0   0   0     0    0    0   0.693     23  0.00
   67   67     0   0   0   0   0   0  50   0   0   0   0   0   0   0   0   0   0  50   0   0     0    0    0   0.693     23  0.00
   68   68     0   0   0   0   0   0   0 100   0   0   0   0   0   0   0   0   0   0   0   0     0    0    0   0.000      0  0.00
   69   69     0   0   0   0   0   0   0  50   0  50   0   0   0   0   0   0   0   0   0   0     0    0    0   0.693     23  0.00
   70   70     0  25  75   0   0   0   0   0   0   0   0   0   0   0   0   0   0   0   0   0     0    0    0   0.562     18  0.00
   71   71     0   0   0   0   0   0   0   0   0  75  25   0   0   0   0   0   0   0   0   0     0    0    0   0.562     18  0.00
   72   72     0   0   0   0   0   0  25   0  50   0  25   0   0   0   0   0   0   0   0   0     0    0    0   1.040     34  0.00
   73   73     0  25   0   0   0   0   0  50   0   0  25   0   0   0   0   0   0   0   0   0     0    0    0   1.040     34  0.00
   74   74     0   0  25   0   0   0   0   0   0   0   0   0  50   0   0   0  25   0   0   0     0    0    0   1.040     34  0.00
   75   75    25   0   0   0  25   0   0   0   0   0   0   0   0   0   0   0  25   0   0  25     0    0    0   1.386     46  0.00
   76   76     0   0  25   0   0  25   0   0   0   0   0   0  25   0  25   0   0   0   0   0     0    0    0   1.386     46  0.00
   77   77     0  25   0   0   0   0   0   0   0   0   0   0   0   0   0   0   0  25   0  50     0    0    0   1.040     34  0.00
   78   78     0   0   0   0   0   0   0   0   0  33   0   0   0   0  33   0  33   0   0   0     0    0    0   1.099     36  0.00
   79   79     0   0   0   0   0   0   0  33   0   0   0   0   0   0   0   0   0   0   0  67     0    0    0   0.637     21  0.00
   80   80     0   0   0   0   0   0   0  33  33   0  33   0   0   0   0   0   0   0   0   0     0    0    0   1.099     36  0.00
   81   81     0   0   0   0   0   0   0   0   0   0   0   0   0   0   0   0   0   0  67  33     0    0    0   0.637     21  0.00
   82   82     0   0   0   0   0   0   0   0   0   0   0   0   0   0  25  50  25   0   0   0     0    0    0   1.040     34  0.00
   83   83     0  50  25   0   0   0   0   0   0   0   0   0   0   0  25   0   0   0   0   0     0    0    0   1.040     34  0.00
   84   84    25  25   0   0  25  25   0   0   0   0   0   0   0   0   0   0   0   0   0   0     0    0    0   1.386     46  0.00
   85   85    75   0  25   0   0   0   0   0   0   0   0   0   0   0   0   0   0   0   0   0     0    0    0   0.562     18  0.00
   86   86    25   0   0   0   0   0   0   0  75   0   0   0   0   0   0   0   0   0   0   0     0    0    0   0.562     18  0.00
   87   87     0   0   0   0   0   0   0   0   0   0  25  25   0   0   0   0   0   0   0  50     0    0    0   1.040     34  0.00
   88   88     0   0  25  25   0   0   0  25   0   0  25   0   0   0   0   0   0   0   0   0     0    0    0   1.386     46  0.00
   89   89     0   0   0   0   0   0   0  25   0   0   0   0   0   0  75   0   0   0   0   0     0    0    0   0.562     18  0.00
   90   90     0  25   0   0   0   0   0   0   0   0   0  25   0  25   0   0   0  25   0   0     0    0    0   1.386     46  0.00
   91   91     0   0   0   0   0   0   0  75   0   0   0   0   0   0  25   0   0   0   0   0     0    0    0   0.562     18  0.00
   92   92     0  50   0   0  25   0   0   0  25   0   0   0   0   0   0   0   0   0   0   0     0    0    0   1.040     34  0.00
   93   93     0  50  25   0   0   0  25   0   0   0   0   0   0   0   0   0   0   0   0   0     0    0    0   1.040     34  0.00
   94   94    25  25  25  25   0   0   0   0   0   0   0   0   0   0   0   0   0   0   0   0     0    0    0   1.386     46  0.00
   95   95    50   0   0   0   0   0   0   0   0   0   0   0   0   0  25  25   0   0   0   0     0    0    0   1.040     34  0.00
   96   96    25   0   0   0   0   0   0   0   0   0   0   0   0   0   0   0  50   0  25   0     0    0    0   1.040     34  0.00
   97   97    25  25   0   0   0   0   0   0   0   0   0  25   0   0   0   0   0   0   0  25     0    0    0   1.386     46  0.00
   98   98     0   0   0   0   0   0   0   0   0  25   0   0   0   0   0   0   0   0   0  75     0    0    0   0.562     18  0.00
   99   99    25   0   0   0   0   0   0  75   0   0   0   0   0   0   0   0   0   0   0   0     0    0    0   0.562     18  0.00
  100  100     0   0   0   0   0   0   0   0   0   0   0  50   0   0   0  25   0  25   0   0     0    0    0   1.040     34  0.00
  101  101     0  25  25   0  25   0   0   0   0   0   0   0   0   0  25   0   0   0   0   0     0    0    0   1.386     46  0.00
  102  102     0   0   0   0   0   0   0   0   0   0   0   0   0   0   0   0  67  33   0   0     0    0    0   0.637     21  0.00
  103  103     0   0   0   0   0   0   0   0   0   0   0   0   0   0  33  33   0  33   0   0     0    0    0   1.099     36  0.00
  104  104    25   0  50   0   0   0   0   0   0   0  25   0   0   0   0   0   0   0   0   0     0    0    0   1.040     34  0.00
  105  105    25   0   0   0   0   0   0   0  50   0   0  25   0   0   0   0   0   0   0   0     0    0    0   1.040     34  0.00
  106  106    25   0   0   0   0   0   0   0   0   0   0   0   0  25   0  25   0  25   0   0     0    0    0   1.386     46  0.00
  107  107     0   0   0   0   0   0   0   0  25   0   0  25   0   0   0  25   0   0   0  25     0    0    0   1.386     46  0.00
  108  108     0   0   0   0   0   0   0   0   0   0   0   0   0   0   0   0   0   0  25  75     0    0    0   0.562     18  0.00
  109  109     0  25   0  25   0   0  25   0   0   0  25   0   0   0   0   0   0   0   0   0     0    0    0   1.386     46  0.00
  110  110     0   0   0   0   0   0   0   0   0   0   0   0   0   0  25  25   0  50   0   0     0    0    0   1.040     34  0.00
  111  111     0   0   0   0   0   0   0  75   0   0  25   0   0   0   0   0   0   0   0   0     0    0    0   0.562     18  0.00
  112  112     0  25   0   0   0   0   0   0   0   0   0   0   0   0  25  25   0   0  25   0     0    0    0   1.386     46  0.00
  113  113     0   0   0   0   0   0   0   0   0   0  25   0   0   0  75   0   0   0   0   0     0    0    0   0.562     18  0.00
  114  114     0   0   0  25  50   0   0   0   0   0   0   0   0   0   0  25   0   0   0   0     0    0    0   1.040     34  0.00
  115  115     0   0   0   0   0   0   0   0   0   0  33   0   0   0   0   0  33   0  33   0     0    0    0   1.099     36  0.00
  116  116     0   0   0   0   0   0   0  33   0  33  33   0   0   0   0   0   0   0   0   0     0    0    0   1.099     36  0.00
  117  117     0   0   0   0   0  33   0   0   0  33   0   0  33   0   0   0   0   0   0   0     0    0    0   1.099     36  0.00
  118  118     0   0   0   0   0   0   0   0   0   0   0   0   0   0   0   0   0   0 100   0     0    0    0   0.000      0  0.00
  119  119     0   0   0   0   0   0   0   0   0   0   0   0   0   0   0   0   0  25   0  75     0    0    0   0.562     18  0.00
  120  120     0  25  25   0   0   0   0  25   0   0   0   0  25   0   0   0   0   0   0   0     0    0    0   1.386     46  0.00
  121  121    25   0   0   0  25   0   0   0  25   0   0   0   0   0   0  25   0   0   0   0     0    0    0   1.386     46  0.00
  122  122    25   0   0   0  50   0   0   0   0   0   0   0  25   0   0   0   0   0   0   0     0    0    0   1.040     34  0.00
  123  123     0   0   0   0   0   0   0   0   0   0  25   0   0   0   0   0   0   0   0  75     0    0    0   0.562     18  0.00
  124  124     0   0   0   0   0   0  25  25   0   0   0   0   0   0   0  50   0   0   0   0     0    0    0   1.040     34  0.00
  125  125     0  25   0   0   0   0   0   0   0   0  25   0   0   0  25   0   0  25   0   0     0    0    0   1.386     46  0.00
  126  126     0   0   0   0   0   0   0 100   0   0   0   0   0   0   0   0   0   0   0   0     0    0    0   0.000      0  0.00
  127  127     0   0   0   0   0   0   0   0  25   0   0   0   0   0  25   0   0   0  50   0     0    0    0   1.040     34  0.00
  128  128    25  25  25   0   0   0  25   0   0   0   0   0   0   0   0   0   0   0   0   0     0    0    0   1.386     46  0.00
  129  129     0   0   0   0   0  50  50   0   0   0   0   0   0   0   0   0   0   0   0   0     0    0    0   0.693     23  0.00
  130  130    33   0  33   0  33   0   0   0   0   0   0   0   0   0   0   0   0   0   0   0     0    0    0   1.099     36  0.00
  131  131     0   0   0   0   0   0   0   0   0   0   0  67   0   0   0   0   0   0  33   0     0    0    0   0.637     21  0.00
  132  132     0   0   0   0   0   0   0  33  33   0   0   0   0   0   0   0   0   0   0  33     0    0    0   1.099     36  0.00
  133  133     0   0   0   0   0   0   0  33   0  67   0   0   0   0   0   0   0   0   0   0     0    0    0   0.637     21  0.00
  134  134     0   0   0   0   0   0   0  25  50  25   0   0   0   0   0   0   0   0   0   0     0    0    0   1.040     34  0.00
  135  135     0   0   0   0   0   0  25  50   0  25   0   0   0   0   0   0   0   0   0   0     0    0    0   1.040     34  0.00
  136  136     0   0   0   0   0   0   0  33  33   0   0   0   0   0   0   0   0  33   0   0     0    0    0   1.099     36  0.00
  137  137    33  33   0   0   0   0   0   0   0  33   0   0   0   0   0   0   0   0   0   0     0    0    0   1.099     36  0.00
  138  138     0   0   0   0   0   0   0   0  67   0   0  33   0   0   0   0   0   0   0   0     0    0    0   0.637     21  0.00
  139  139     0   0   0   0   0   0   0   0  33  33   0   0   0   0   0   0   0   0  33   0     0    0    0   1.099     36  0.00
  140  140     0  33   0   0   0   0   0  33  33   0   0   0   0   0   0   0   0   0   0   0     0    0    0   1.099     36  0.00
  141  141     0   0   0   0   0   0   0   0   0   0   0   0   0   0   0   0   0  33   0  67     0    0    0   0.637     21  0.00
  142  142     0   0   0   0   0   0  67   0   0   0   0   0   0   0   0   0   0  33   0   0     0    0    0   0.637     21  0.00
  143  143     0   0   0   0  25   0   0   0   0   0  25  50   0   0   0   0   0   0   0   0     0    0    0   1.040     34  0.00
  144  144     0   0   0  25   0   0   0  25   0   0   0   0   0   0  25   0   0   0   0  25     0    0    0   1.386     46  0.00
  145  145     0   0  25   0   0   0   0   0   0  25  25   0   0   0   0   0   0   0  25   0     0    0    0   1.386     46  0.00
  146  146     0   0   0  67   0   0   0   0   0   0   0   0   0   0   0  33   0   0   0   0     0    0    0   0.637     21  0.00
  147  147     0   0   0   0   0   0   0   0   0   0   0   0   0   0   0   0  33  33  33   0     0    0    0   1.099     36  0.00
  148  148     0   0   0  33   0   0   0   0   0   0   0   0   0   0   0   0   0  67   0   0     0    0    0   0.637     21  0.00
  149  149     0   0   0   0   0   0   0   0   0   0   0   0   0   0  33  33   0   0  33   0     0    0    0   1.099     36  0.00
  150  150     0   0   0   0  33   0  33   0   0   0   0  33   0   0   0   0   0   0   0   0     0    0    0   1.099     36  0.00
  151  151     0   0   0   0   0   0   0  75   0   0   0   0   0   0   0   0   0   0  25   0     0    0    0   0.562     18  0.00
  152  152     0   0   0   0   0   0   0  25   0   0  50  25   0   0   0   0   0   0   0   0     0    0    0   1.040     34  0.00
  153  153    50   0  25   0  25   0   0   0   0   0   0   0   0   0   0   0   0   0   0   0     0    0    0   1.040     34  0.00
  154  154    25   0   0   0  25   0  50   0   0   0   0   0   0   0   0   0   0   0   0   0     0    0    0   1.040     34  0.00
  155  155     0  25   0   0   0   0   0   0   0   0   0   0  25   0  25  25   0   0   0   0     0    0    0   1.386     46  0.00
  156  156     0  50  25   0  25   0   0   0   0   0   0   0   0   0   0   0   0   0   0   0     0    0    0   1.040     34  0.00
  157  157     0   0   0   0   0   0   0   0   0   0  25  50   0   0   0   0   0   0   0  25     0    0    0   1.040     34  0.00
  158  158     0   0   0   0   0   0   0   0  25  25   0  50   0   0   0   0   0   0   0   0     0    0    0   1.040     34  0.00
  159  159     0   0   0   0   0   0   0   0   0   0   0   0   0   0   0   0   0   0   0 100     0    0    0   0.000      0  0.00
  160  160     0   0   0   0   0   0   0 100   0   0   0   0   0   0   0   0   0   0   0   0     0    0    0   0.000      0  0.00
  161  161     0   0   0   0   0   0   0   0  25   0   0   0   0   0  25  25  25   0   0   0     0    0    0   1.386     46  0.00
  162  162    25  25  25  25   0   0   0   0   0   0   0   0   0   0   0   0   0   0   0   0     0    0    0   1.386     46  0.00
  163  163     0   0  25   0   0   0   0   0   0   0   0  25   0   0  25   0   0   0   0  25     0    0    0   1.386     46  0.00
  164  164     0  25   0   0   0   0   0   0   0   0   0   0   0   0   0  25  50   0   0   0     0    0    0   1.040     34  0.00
  165  165    50   0  50   0   0   0   0   0   0   0   0   0   0   0   0   0   0   0   0   0     0    0    0   0.693     23  0.00
  166  166     0  25   0   0   0   0   0   0  25   0   0   0   0   0   0   0   0  25   0  25     0    0    0   1.386     46  0.00
  167  167     0   0   0   0   0   0   0   0  25   0   0  25   0   0   0   0   0  25   0  25     0    0    0   1.386     46  0.00
  168  168     0   0   0   0   0   0   0  50  25   0   0   0   0   0   0   0   0   0   0  25     0    0    0   1.040     34  0.00
  169  169     0  50  25   0  25   0   0   0   0   0   0   0   0   0   0   0   0   0   0   0     0    0    0   1.040     34  0.00
  170  170     0   0   0   0   0   0   0   0  25   0  25  25   0   0   0   0  25   0   0   0     0    0    0   1.386     46  0.00
  171  171    25   0   0   0  50   0   0   0   0   0   0   0   0   0  25   0   0   0   0   0     0    0    0   1.040     34  0.00
  172  172     0   0   0   0   0   0   0   0  25  50  25   0   0   0   0   0   0   0   0   0     0    0    0   1.040     34  0.00
  173  173     0   0   0   0   0   0   0   0   0   0   0   0   0   0   0   0   0   0 100   0     0    0    0   0.000      0  0.00
  174  174     0   0   0   0   0   0   0 100   0   0   0   0   0   0   0   0   0   0   0   0     0    0    0   0.000      0  0.00
  175  175     0  50  25  25   0   0   0   0   0   0   0   0   0   0   0   0   0   0   0   0     0    0    0   1.040     34  0.00
  176  176     0   0   0   0   0   0   0  25  75   0   0   0   0   0   0   0   0   0   0   0     0    0    0   0.562     18  0.00
  177  177    50  25   0   0   0  25   0   0   0   0   0   0   0   0   0   0   0   0   0   0     0    0    0   1.040     34  0.00
  178  178     0   0   0   0   0   0   0   0   0   0  33  33   0   0  33   0   0   0   0   0     0    0    0   1.099     36  0.00
  179  179     0   0   0   0   0   0   0   0   0  50   0   0   0  50   0   0   0   0   0   0     0    0    0   0.693     23  0.00
  180  180     0   0   0  50   0   0   0   0   0   0   0   0   0   0   0   0   0   0   0  50     0    0    0   0.693     23  0.00
  181  181     0   0   0   0   0   0   0   0   0  33   0   0   0   0   0   0   0   0  67   0     0    0    0   0.637     21  0.00
  182  182     0   0   0   0   0   0   0   0   0   0   0   0   0   0   0  25   0   0   0  75     0    0    0   0.562     18  0.00
  183  183     0   0   0   0   0   0   0  33   0  33   0   0   0   0   0   0   0  33   0   0     0    0    0   1.099     36  0.00
  184  184     0   0   0   0   0   0   0   0   0   0   0  33   0   0  33   0   0   0   0  33     0    0    0   1.099     36  0.00
  185  185     0   0   0   0   0   0   0   0   0  33   0   0   0   0   0  33   0   0  33   0     0    0    0   1.099     36  0.00
  186  186     0  33   0   0   0   0  33   0   0   0   0  33   0   0   0   0   0   0   0   0     0    0    0   1.099     36  0.00
  187  187     0   0   0   0   0   0  25   0   0   0   0  25   0   0   0   0  50   0   0   0     0    0    0   1.040     34  0.00
  188  188    25  50   0  25   0   0   0   0   0   0   0   0   0   0   0   0   0   0   0   0     0    0    0   1.040     34  0.00
  189  189     0   0  50   0  25   0   0   0   0   0  25   0   0   0   0   0   0   0   0   0     0    0    0   1.040     34  0.00
  190  190    25  50   0   0   0   0   0   0   0   0   0   0   0   0   0   0   0   0  25   0     0    0    0   1.040     34  0.00
  191  191     0   0  25   0   0   0   0   0  50   0  25   0   0   0   0   0   0   0   0   0     0    0    0   1.040     34  0.00
  192  192     0   0   0   0   0   0   0   0   0   0   0   0   0   0   0   0   0  50   0  50     0    0    0   0.693     23  0.00
  193  193     0   0   0   0   0   0   0   0   0   0  50  25   0   0  25   0   0   0   0   0     0    0    0   1.040     34  0.00
  194  194     0   0   0   0   0   0   0   0  25  50   0   0   0  25   0   0   0   0   0   0     0    0    0   1.040     34  0.00
  195  195    25   0   0   0   0   0   0  25   0   0  25  25   0   0   0   0   0   0   0   0     0    0    0   1.386     46  0.00
  196  196     0   0   0   0   0   0   0   0   0  25   0   0   0   0  25  25   0   0  25   0     0    0    0   1.386     46  0.00
  197  197     0   0   0   0   0   0   0   0   0   0   0   0   0   0  25  50   0   0  25   0     0    0    0   1.040     34  0.00
  198  198    25  50  25   0   0   0   0   0   0   0   0   0   0   0   0   0   0   0   0   0     0    0    0   1.040     34  0.00
  199  199     0   0   0   0  25  50   0   0   0   0   0  25   0   0   0   0   0   0   0   0     0    0    0   1.040     34  0.00
  200  200    50   0   0   0   0   0   0   0  25   0  25   0   0   0   0   0   0   0   0   0     0    0    0   1.040     34  0.00
  201  201     0   0   0   0  50   0  50   0   0   0   0   0   0   0   0   0   0   0   0   0     0    0    0   0.693     23  0.00
  202  202     0   0   0   0   0   0   0   0   0   0  25   0   0   0   0   0   0   0   0  75     0    0    0   0.562     18  0.00
  203  203     0  25  50   0  25   0   0   0   0   0   0   0   0   0   0   0   0   0   0   0     0    0    0   1.040     34  0.00
  204  204     0   0   0   0   0   0   0   0  25   0   0   0   0   0   0  25   0   0   0  50     0    0    0   1.040     34  0.00
  205  205     0   0   0   0   0   0   0  25  25   0  25   0   0   0   0   0   0   0  25   0     0    0    0   1.386     46  0.00
  206  206     0   0   0   0   0   0   0   0   0  25   0   0   0   0   0  25   0   0  25  25     0    0    0   1.386     46  0.00
  207  207     0   0   0   0   0   0   0  75  25   0   0   0   0   0   0   0   0   0   0   0     0    0    0   0.562     18  0.00
  208  208     0  25   0   0   0   0   0   0   0   0  25   0   0   0   0  25   0  25   0   0     0    0    0   1.386     46  0.00
  209  209     0  25  50   0   0   0   0   0   0  25   0   0   0   0   0   0   0   0   0   0     0    0    0   1.040     34  0.00
  210  210     0   0   0   0   0   0  25   0   0   0  25  25   0   0   0   0   0  25   0   0     0    0    0   1.386     46  0.00
  211  211     0   0   0   0   0   0   0   0   0   0  25   0   0   0   0   0   0   0  75   0     0    0    0   0.562     18  0.00
  212  212     0   0   0   0   0   0   0   0   0   0   0   0   0   0  75  25   0   0   0   0     0    0    0   0.562     18  0.00
  213  213     0   0   0   0   0   0   0   0   0   0   0  25   0   0  50  25   0   0   0   0     0    0    0   1.040     34  0.00
  214  214    50  25   0   0   0   0   0   0  25   0   0   0   0   0   0   0   0   0   0   0     0    0    0   1.040     34  0.00
  215  215     0  25   0   0   0  50   0   0  25   0   0   0   0   0   0   0   0   0   0   0     0    0    0   1.040     34  0.00
  216  216    25   0   0   0   0   0   0  25  25   0   0   0   0   0  25   0   0   0   0   0     0    0    0   1.386     46  0.00
  217  217     0   0   0   0   0   0   0   0   0   0   0   0   0  25   0   0   0   0  25  50     0    0    0   1.040     34  0.00
  218  218     0  25  25   0  50   0   0   0   0   0   0   0   0   0   0   0   0   0   0   0     0    0    0   1.040     34  0.00
  219  219     0   0   0   0   0   0   0   0   0  50   0   0   0   0  50   0   0   0   0   0     0    0    0   0.693     23  0.00
  220  220     0   0   0   0   0   0   0  67   0   0   0   0   0   0   0  33   0   0   0   0     0    0    0   0.637     21  0.00
  221  221     0   0   0   0   0   0   0   0   0   0   0  33   0   0   0   0   0  33  33   0     0    0    0   1.099     36  0.00
  222  222     0   0   0   0   0   0  33   0   0   0   0   0   0  33   0   0   0  33   0   0     0    0    0   1.099     36  0.00
  223  223     0   0   0   0   0   0   0   0  25  25   0   0   0   0   0   0   0  25   0  25     0    0    0   1.386     46  0.00
  224  224     0   0   0   0   0   0   0 100   0   0   0   0   0   0   0   0   0   0   0   0     0    0    0   0.000      0  0.00
  225  225     0  25   0   0   0   0  25  25   0   0   0   0   0   0   0   0   0   0  25   0     0    0    0   1.386     46  0.00
  226  226     0   0   0   0   0   0   0   0  25  75   0   0   0   0   0   0   0   0   0   0     0    0    0   0.562     18  0.00
  227  227     0   0   0   0   0   0   0   0   0   0   0   0   0   0   0   0   0   0   0 100     0    0    0   0.000      0  0.00
  228  228     0   0   0   0   0   0   0 100   0   0   0   0   0   0   0   0   0   0   0   0     0    0    0   0.000      0  0.00
  229  229     0   0  25  75   0   0   0   0   0   0   0   0   0   0   0   0   0   0   0   0     0    0    0   0.562     18  0.00
  230  230     0   0   0   0   0   0   0   0  25   0   0   0  25   0   0   0   0   0  25  25     0    0    0   1.386     46  0.00
  231  231    25  25  25   0  25   0   0   0   0   0   0   0   0   0   0   0   0   0   0   0     0    0    0   1.386     46  0.00
  232  232     0   0   0   0   0   0   0   0   0   0   0   0   0   0   0   0   0   0   0 100     0    0    0   0.000      0  0.00
  233  233     0   0   0   0   0   0   0   0  25   0   0   0   0   0   0  25   0  50   0   0     0    0    0   1.040     34  0.00
  234  234     0   0   0   0   0   0   0   0   0   0   0   0   0   0   0   0  25  50   0  25     0    0    0   1.040     34  0.00
  235  235     0   0   0   0   0   0   0  75   0   0   0   0   0   0   0   0   0   0  25   0     0    0    0   0.562     18  0.00
  236  236     0   0   0   0   0   0  25   0  25   0   0   0   0   0   0   0   0   0  50   0     0    0    0   1.040     34  0.00
  237  237    25  50  25   0   0   0   0   0   0   0   0   0   0   0   0   0   0   0   0   0     0    0    0   1.040     34  0.00
  238  238     0  25   0   0  25  50   0   0   0   0   0   0   0   0   0   0   0   0   0   0     0    0    0   1.040     34  0.00
  239  239    50   0   0   0   0   0  25   0  25   0   0   0   0   0   0   0   0   0   0   0     0    0    0   1.040     34  0.00
  240  240     0   0   0   0   0   0   0   0  75   0  25   0   0   0   0   0   0   0   0   0     0    0    0   0.562     18  0.00
  241  241     0   0   0   0   0   0   0   0  25   0   0   0   0  25   0   0   0   0  25  25     0    0    0   1.386     46  0.00
  242  242    25   0   0   0   0  50   0   0   0  25   0   0   0   0   0   0   0   0   0   0     0    0    0   1.040     34  0.00
  243  243     0   0   0   0   0   0   0  75   0  25   0   0   0   0   0   0   0   0   0   0     0    0    0   0.562     18  0.00
  244  244     0   0   0   0   0   0   0  50   0   0  25   0   0   0   0   0   0   0  25   0     0    0    0   1.040     34  0.00
  245  245     0   0   0   0   0   0   0  33   0   0  33   0   0   0   0  33   0   0   0   0     0    0    0   1.099     36  0.00
  246  246     0   0   0   0   0   0   0   0   0   0   0   0   0  67   0  33   0   0   0   0     0    0    0   0.637     21  0.00
  247  247    33   0  67   0   0   0   0   0   0   0   0   0   0   0   0   0   0   0   0   0     0    0    0   0.637     21  0.00
  248  248     0   0   0   0   0   0  33   0   0   0  33   0   0   0   0   0   0  33   0   0     0    0    0   1.099     36  0.00
  249  249    33   0  33   0   0   0   0   0   0   0   0   0   0   0  33   0   0   0   0   0     0    0    0   1.099     36  0.00
  250  250     0   0   0   0  67  33   0   0   0   0   0   0   0   0   0   0   0   0   0   0     0    0    0   0.637     21  0.00
  251  251     0   0   0   0   0   0   0  33  33   0   0   0   0   0   0   0   0   0  33   0     0    0    0   1.099     36  0.00
  252  252     0   0   0   0   0   0   0   0   0 100   0   0   0   0   0   0   0   0   0   0     0    0    0   0.000      0  0.00
  253  253     0   0   0   0   0   0   0   0   0   0   0   0   0   0   0  33   0   0   0  67     0    0    0   0.637     21  0.00
  254  254     0   0   0   0   0   0   0  67   0   0   0  33   0   0   0   0   0   0   0   0     0    0    0   0.637     21  0.00
  255  255     0   0   0   0   0   0   0 100   0   0   0   0   0   0   0   0   0   0   0   0     0    0    0   0.000      0  0.00
  256  256     0   0   0   0   0   0   0   0   0   0   0   0   0   0   0  50  50   0   0   0     0    0    0   0.693     23  0.00
  257  257     0   0   0   0   0   0   0   0   0  50   0   0   0   0   0  50   0   0   0   0     0    0    0   0.693     23  0.00
  258  258     0  50   0   0   0   0   0   0   0   0   0   0   0   0   0  50   0   0   0   0     0    0    0   0.693     23  0.00
  259  259     0   0   0  50  50   0   0   0   0   0   0   0   0   0   0   0   0   0   0   0     0    0    0   0.693     23  0.00
  260  260     0   0   0   0   0   0   0   0   0   0   0   0   0   0  50   0   0  50   0   0     0    0    0   0.693     23  0.00
  261  261     0   0 100   0   0   0   0   0   0   0   0   0   0   0   0   0   0   0   0   0     0    0    0   0.000      0  0.00
  262  262     0   0   0   0   0   0   0   0   0   0   0   0   0   0  50  50   0   0   0   0     0    0    0   0.693     23  0.00
  263  263    50   0   0   0   0   0   0   0   0   0   0   0  50   0   0   0   0   0   0   0     0    0    0   0.693     23  0.00
  264  264     0   0   0   0   0   0   0   0   0 100   0   0   0   0   0   0   0   0   0   0     0    0    0   0.000      0  0.00
  265  265     0   0   0   0  50   0   0   0  50   0   0   0   0   0   0   0   0   0   0   0     0    0    0   0.693     23  0.00
  266  266     0   0   0   0   0   0   0   0   0   0   0  50   0   0   0   0   0  50   0   0     0    0    0   0.693     23  0.00
  267  267     0   0   0   0   0   0  50   0   0   0   0   0   0   0   0  50   0   0   0   0     0    0    0   0.693     23  0.00
  268  268    50   0   0   0   0   0   0   0   0  50   0   0   0   0   0   0   0   0   0   0     0    0    0   0.693     23  0.00
  269  269     0   0   0   0   0   0   0   0   0   0  50  50   0   0   0   0   0   0   0   0     0    0    0   0.693     23  0.00
  270  270     0   0   0   0   0   0   0   0   0   0  50   0   0   0   0   0   0   0  50   0     0    0    0   0.693     23  0.00
  271  271    50  50   0   0   0   0   0   0   0   0   0   0   0   0   0   0   0   0   0   0     0    0    0   0.693     23  0.00
  272  272     0   0   0   0   0   0   0   0   0   0   0  50   0  50   0   0   0   0   0   0     0    0    0   0.693     23  0.00
  273  273     0   0   0   0 100   0   0   0   0   0   0   0   0   0   0   0   0   0   0   0     0    0    0   0.000      0  0.00
  274  274     0   0   0   0   0   0   0  50   0   0   0   0   0   0   0  50   0   0   0   0     0    0    0   0.693     23  0.00
  275  275     0   0   0   0   0   0   0   0   0  50   0  50   0   0   0   0   0   0   0   0     0    0    0   0.693     23  0.00
  276  276     0   0   0   0   0   0   0   0   0   0   0   0   0   0   0   0 100   0   0   0     0    0    0   0.000      0  0.00
  277  277     0   0   0   0   0   0   0   0   0   0   0  50   0   0   0   0   0  50   0   0     0    0    0   0.693     23  0.00
  278  278     0   0   0   0   0   0   0   0   0   0   0   0   0   0   0  50   0   0   0  50     0    0    0   0.693     23  0.00
  279  279     0   0   0   0   0   0   0   0   0   0   0  50   0   0   0   0  50   0   0   0     0    0    0   0.693     23  0.00
  280  280     0  50  50   0   0   0   0   0   0   0   0   0   0   0   0   0   0   0   0   0     0    0    0   0.693     23  0.00
  281  281     0   0   0   0 100   0   0   0   0   0   0   0   0   0   0   0   0   0   0   0     0    0    0   0.000      0  0.00
  282  282    50   0  50   0   0   0   0   0   0   0   0   0   0   0   0   0   0   0   0   0     0    0    0   0.693     23  0.00
  283  283     0   0   0   0   0   0   0   0   0   0   0 100   0   0   0   0   0   0   0   0     0    0    0   0.000      0  0.00
  284  284     0   0   0   0   0   0   0   0   0   0   0   0   0   0   0   0   0 100   0   0     0    0    0   0.000      0  0.00
  285  285     0   0   0   0   0   0   0   0   0   0   0   0   0 100   0   0   0   0   0   0     0    0    0   0.000      0  0.00
  286  286     0   0   0   0   0   0   0   0   0   0   0   0   0   0   0   0   0 100   0   0     0    0    0   0.000      0  0.00
  287  287     0   0   0   0   0   0   0   0   0   0   0   0   0   0   0   0   0   0 100   0     0    0    0   0.000      0  0.00
  288  288     0   0   0   0   0   0   0   0   0   0   0   0   0   0   0   0   0   0 100   0     0    0    0   0.000      0  0.00
  289  289     0   0   0   0   0   0   0   0 100   0   0   0   0   0   0   0   0   0   0   0     0    0    0   0.000      0  0.00
  290  290   100   0   0   0   0   0   0   0   0   0   0   0   0   0   0   0   0   0   0   0     0    0    0   0.000      0  0.00
  291  291     0   0   0   0   0 100   0   0   0   0   0   0   0   0   0   0   0   0   0   0     0    0    0   0.000      0  0.00
  292  292     0   0   0   0   0   0   0   0   0   0   0   0   0   0   0 100   0   0   0   0     0    0    0   0.000      0  0.00
  293  293     0   0   0   0 100   0   0   0   0   0   0   0   0   0   0   0   0   0   0   0     0    0    0   0.000      0  0.00
  294  294     0   0   0   0   0   0   0   0   0   0   0   0   0   0   0   0   0 100   0   0     0    0    0   0.000      0  0.00
  295  295     0   0   0   0   0 100   0   0   0   0   0   0   0   0   0   0   0   0   0   0     0    0    0   0.000      0  0.00
  296  296     0   0   0   0   0   0   0   0   0   0   0   0   0   0   0   0 100   0   0   0     0    0    0   0.000      0  0.00
  297  297     0   0   0   0   0   0   0   0   0   0   0   0   0   0 100   0   0   0   0   0     0    0    0   0.000      0  0.00
  298  298     0   0   0   0   0   0   0   0   0   0   0   0   0   0   0   0   0   0 100   0     0    0    0   0.000      0  0.00
  299  299     0   0   0   0   0   0   0 100   0   0   0   0   0   0   0   0   0   0   0   0     0    0    0   0.000      0  0.00
  300  300     0   0   0   0   0   0   0   0   0   0   0   0   0   0   0 100   0   0   0   0     0    0    0   0.000      0  0.00
  301  301     0   0   0   0   0   0   0   0   0   0   0   0   0   0   0 100   0   0   0   0     0    0    0   0.000      0  0.00
  302  302     0   0   0   0   0   0   0   0   0   0   0   0   0   0   0   0 100   0   0   0     0    0    0   0.000      0  0.00
  303  303     0   0   0   0   0   0 100   0   0   0   0   0   0   0   0   0   0   0   0   0     0    0    0   0.000      0  0.00
  304  304     0   0   0   0   0   0   0   0   0   0   0   0 100   0   0   0   0   0   0   0     0    0    0   0.000      0  0.00
  305  305     0   0   0   0   0   0   0   0   0   0   0   0   0   0   0   0   0 100   0   0     0    0    0   0.000      0  0.00
  306  306     0   0   0   0   0   0   0   0   0   0   0 100   0   0   0   0   0   0   0   0     0    0    0   0.000      0  0.00
  307  307     0 100   0   0   0   0   0   0   0   0   0   0   0   0   0   0   0   0   0   0     0    0    0   0.000      0  0.00
  308  308     0   0   0   0   0   0   0   0   0   0   0   0   0   0   0 100   0   0   0   0     0    0    0   0.000      0  0.00
  309  309     0   0   0   0 100   0   0   0   0   0   0   0   0   0   0   0   0   0   0   0     0    0    0   0.000      0  0.00
  310  310     0   0   0   0   0   0   0 100   0   0   0   0   0   0   0   0   0   0   0   0     0    0    0   0.000      0  0.00
  311  311     0   0 100   0   0   0   0   0   0   0   0   0   0   0   0   0   0   0   0   0     0    0    0   0.000      0  0.00
  312  312     0   0   0   0 100   0   0   0   0   0   0   0   0   0   0   0   0   0   0   0     0    0    0   0.000      0  0.00
//
