ID Pseudo hssp file.
SEQ 
SEQ gi|131517|sp|P23532|PTLA_LACLA PTS SYSTEM, LACTOSE-SPECIFIC IIA ...   179  9e-45
SEQ gi|131518|sp|P02909|PTLA_STAAU PTS SYSTEM, LACTOSE-SPECIFIC IIA ...   141  3e-33
SEQ gi|13622946|gb|AAK34622.1| (AE006616) putative PTS system, lacto...   133  4e-31
SEQ gi|131519|sp|P26426|PTLA_STRMU PTS SYSTEM, LACTOSE-SPECIFIC IIA ...   129  1e-29
SEQ gi|66872|pir||WQSA3L phosphotransferase system enzyme II (EC 2.7...   126  5e-29
SEQ gi|1771124|emb|CAB02558.1| (Z80834) LacF [Lactobacillus casei]         92  1e-18
SEQ gi|131516|sp|P11502|PTLA_LACCA PTS SYSTEM, LACTOSE-SPECIFIC IIA ...    92  2e-18
SEQ gi|2499994|sp|Q45402|PTCA_BACST PTS SYSTEM, CELLOBIOSE-SPECIFIC ...    71  4e-12
SEQ gi|4512384|dbj|BAA75347.1| (AB011838) similar to B.subtilis ydhO...    68  4e-11
SEQ gi|13622440|gb|AAK34161.1| (AE006571) putative PTS enzyme III [S...    67  8e-11
SEQ gi|1172708|sp|P46319|PTCA_BACSU PTS SYSTEM, CELLOBIOSE-SPECIFIC ...    66  1e-10
SEQ gi|10173525|dbj|BAB04629.1| (AP001510) PTS system, cellobiose-sp...    66  2e-10
SEQ gi|7434480|pir||B69785 cellobiose phosphotransferase system enzy...    65  3e-10
SEQ gi|12723289|gb|AAK04512.1|AE006278_3 (AE006278) cellobiose-speci...    63  1e-09
SEQ gi|13623051|gb|AAK34717.1| (AE006626) putative PTS system, enzym...    61  3e-09
SEQ gi|11260479|pir||F82219 PTS system, cellobiose-specific IIA comp...    61  3e-09
SEQ gi|145484|gb|AAA23551.1| (M93570) PTS enzyme III cel [Escherichi...    60  7e-09
SEQ gi|145500|gb|AAA23559.1| (M93573) PTS enzyme III cel [Escherichi...    59  1e-08
SEQ gi|2507270|sp|P17335|PTCA_ECOLI PTS SYSTEM, CELLOBIOSE-SPECIFIC ...    59  1e-08
SEQ gi|145494|gb|AAA23556.1| (M93574) PTS enzyme III cel [Escherichi...    59  1e-08
SEQ gi|95696|pir||S10872 phosphotransferase system enzyme II (EC 2.7...    59  2e-08
SEQ gi|11497018|ref|NP_046991.1| PTS system, cellobiose-specific IIA...    52  1e-06
SEQ 
## SEQUENCE PROFILE AND ENTROPY
 SeqNo PDBNo   V   L   I   M   F   W   Y   G   A   P   S   T   C   H   R   K   Q   E   N   D  NOCC NDEL NINS ENTROPY RELENT WEIGHT
    1    1     0   0   0 100   0   0   0   0   0   0   0   0   0   0   0   0   0   0   0   0     0    0    0   0.000      0  0.00
    2    2     0   0   0   0   0   0   0   0   0   0   0   0   0   0   0   0   0   0 100   0     0    0    0   0.000      0  0.00
    3    3     0   0   0   0   0   0   0   0   0   0   0   0   0   0  75  25   0   0   0   0     0    0    0   0.562     18  0.00
    4    4     0   0   0   0   0   0   0   0   0   0   0   0   0   0   0   0   0 100   0   0     0    0    0   0.000      0  0.00
    5    5     0   0   0   0   0   0   0   0   0   0   0   0   0   0   0   0   0 100   0   0     0    0    0   0.000      0  0.00
    6    6    13  33  13  20   0   0   0   0   7   0   0   7   0   0   0   0   7   0   0   0     0    0    0   1.767     58  0.00
    7    7     0   0   0   0   0   0   0   0   0   0  13  27   0   0   0   0  13  47   0   0     0    0    0   1.245     41  0.00
    8    8     0  47   0  13   0   0   0   0   0   0   0   0   0   0   0   0   7  33   0   0     0    0    0   1.171     39  0.00
    9    9    39  33  28   0   0   0   0   0   0   0   0   0   0   0   0   0   0   0   0   0     0    0    0   1.089     36  0.00
   10   10    33   0   6   0   0   0   0  44   6   0  11   0   0   0   0   0   0   0   0   0     0    0    0   1.292     43  0.00
   11   11     0   0   0  35  65   0   0   0   0   0   0   0   0   0   0   0   0   0   0   0     0    0    0   0.647     21  0.00
   12   12     0   0   0   5   0   0   0  25  10   5   0   0   0   0   0   0  20  35   0   0     0    0    0   1.566     52  0.00
   13   13     4  48  48   0   0   0   0   0   0   0   0   0   0   0   0   0   0   0   0   0     0    0    0   0.842     28  0.00
   14   14    39   0  61   0   0   0   0   0   0   0   0   0   0   0   0   0   0   0   0   0     0    0    0   0.669     22  0.00
   15   15     0  26  22   9   0   0   0   0  39   0   0   0   4   0   0   0   0   0   0   0     0    0    0   1.398     46  0.00
   16   16     0   0   0   0   9   0  35   0   0   0   4   0   0  22   0   0   0   0  30   0     0    0    0   1.410     47  0.00
   17   17     0   0   0   0   0   0   0  17  43   0  39   0   0   0   0   0   0   0   0   0     0    0    0   1.033     34  0.00
   18   18     0   0   0   0   0   0   0 100   0   0   0   0   0   0   0   0   0   0   0   0     0    0    0   0.000      0  0.00
   19   19     0   0   0   0   0   0   0   0   0   0   0   0   0   0   0   0  22  13  26  39     0    0    0   1.315     43  0.00
   20   20     0   0   0   0   0   0   0  13  87   0   0   0   0   0   0   0   0   0   0   0     0    0    0   0.387     12  0.00
   21   21     0   0   0   0   0   0   0   0   0   0   0   0   0   0  83  17   0   0   0   0     0    0    0   0.462     15  0.00
   22   22     0   0   0   0   0   0   0   9   0   0  78   9   0   0   0   0   4   0   0   0     0    0    0   0.753     25  0.00
   23   23     0  30   0   0   4   0   4   0   9   0   4   0   9   4   0  35   0   0   0   0     0    0    0   1.699     56  0.00
   24   24     0  17  13   0  13   0   0   0  52   0   0   0   4   0   0   0   0   0   0   0     0    0    0   1.311     43  0.00
   25   25    13  30   4  13   4   0  30   0   0   0   0   0   0   0   4   0   0   0   0   0     0    0    0   1.664     55  0.00
   26   26     0   0   0   0   0   0   0   0  22   0   0   0   0   9   0   0  17  52   0   0     0    0    0   1.188     39  0.00
   27   27     0   0   0   0   0   0   0   4  91   0   4   0   0   0   0   0   0   0   0   0     0    0    0   0.356     11  0.00
   28   28     0  78  22   0   0   0   0   0   0   0   0   0   0   0   0   0   0   0   0   0     0    0    0   0.524     17  0.00
   29   29     0   0   0   0   0   0   0   0   4   0   0  13   0   4  13  39   9   4   4   9     0    0    0   1.869     62  0.00
   30   30     0   9   0   0   0   0   4   0  52   0   0   0   4   0   0   0  26   4   0   0     0    0    0   1.311     43  0.00
   31   31     0   0   0   0   0   0   9   0  91   0   0   0   0   0   0   0   0   0   0   0     0    0    0   0.295      9  0.00
   32   32     0   0   0   0   0   0   0   0   0   0   0   0   0   0  13  48  17  17   4   0     0    0    0   1.363     45  0.00
   33   33     0   0   0   0   0   0   0   0  30   0   4   4   0   0   4   4  17  17  13   4     0    0    0   1.918     64  0.00
   34   34     0   0   0   0   0   0   0  87   0   0   0   0   0   0   4   4   0   0   0   4     0    0    0   0.531     17  0.00
   35   35     0   0   0   0   0   0   0   0   0   0   4   0   0   0   0  13   4  17   0  61     0    0    0   1.145     38  0.00
   36   36     0   0   0   0  70   0  17   0   4   0   0   0   0   0   0   4   0   4   0   0     0    0    0   0.966     32  0.00
   37   37     0   0   0   0   0   0   0   0  65   0   0   0   0   0   0   0   0  13   0  22     0    0    0   0.876     29  0.00
   38   38     0   0   0   0   0   0   0   0  26   0   0   4   0   0   4  35   4  26   0   0     0    0    0   1.477     49  0.00
   39   39     0   0   0   0   0   0   0   0  96   0   4   0   0   0   0   0   0   0   0   0     0    0    0   0.179      5  0.00
   40   40     0   0   0   0   0   0   0   0   0   0   0   0   0   0  13  22   4  26  13  22     0    0    0   1.682     56  0.00
   41   41     0   4   0   0   0   0   0   0  30   0  13   4   0   4   4   9   0  26   0   4     0    0    0   1.872     62  0.00
   42   42     0  52   0  22   0   0   0   0   0   0   4   4   0   0   4   9   0   4   0   0     0    0    0   1.429     47  0.00
   43   43    22  26  22  30   0   0   0   0   0   0   0   0   0   0   0   0   0   0   0   0     0    0    0   1.376     45  0.00
   44   44    13   0   0   0   0   0   0   0  17   0   0   0   4   0   0   0  13  26   4  22     0    0    0   1.791     59  0.00
   45   45     0   4   0   0   0   0   0   0   9   0   0   0   0   0   0  13  35  35   0   4     0    0    0   1.485     49  0.00
   46   46     0   0   0   0   0   0   0  13  61   0  26   0   0   0   0   0   0   0   0   0     0    0    0   0.918     30  0.00
   47   47     0   0   0   0   0   0   0  13   4   0   9   4   0   0  22   9   9   9   9  13     0    0    0   2.198     73  0.00
   48   48     0   0   4  17   0   0   0   0   4   0   9   0   0   0   0  13  13  13  13  13     0    0    0   2.118     70  0.00
   49   49     0   0   0   0   0   0   0   0  26   0   9   0  30   0   0   0   4  13   0  17     0    0    0   1.631     54  0.00
   50   50     0  61  35   0   4   0   0   0   0   0   0   0   0   0   0   0   0   0   0   0     0    0    0   0.806     26  0.00
   51   51     4   4   0   0   0   0   0   0  22   0   9   0   0   4   4   0   4   0  48   0     0    0    0   1.579     52  0.00
   52   52     4   0   4   0   0   0   0   0   9   0   0   0   0   0   4  13   4  52   0   9     0    0    0   1.575     52  0.00
   53   53     0   0   0   0   0   0   0   0 100   0   0   0   0   0   0   0   0   0   0   0     0    0    0   0.000      0  0.00
   54   54     0   0   0   0   0   0   0   0   0   0   0   0   0 100   0   0   0   0   0   0     0    0    0   0.000      0  0.00
   55   55     0  26   0   0   0   0   0   4   0   0   9   0   0   9   9   9   0   9  17   9     0    0    0   2.065     68  0.00
   56   56    26   9  13   0   0   0   4   0  26   0  13   0   0   0   0   0   9   0   0   0     0    0    0   1.794     59  0.00
   57   57     0   0   0   0   0   0   0   0   0   0   0   0   0  13   0   0  87   0   0   0     0    0    0   0.387     12  0.00
   58   58     0   0   0   0   9   0   0   0   0   0   0  87   0   0   4   0   0   0   0   0     0    0    0   0.470     15  0.00
   59   59     0   0   0   0   0   0   0   9   4   0  22   0   0   4   0  26  22   9   0   4     0    0    0   1.848     61  0.00
   60   60     0  78   4  13   4   0   0   0   0   0   0   0   0   0   0   0   0   0   0   0     0    0    0   0.730     24  0.00
   61   61     4  52  43   0   0   0   0   0   0   0   0   0   0   0   0   0   0   0   0   0     0    0    0   0.838     27  0.00
   62   62     0   0   0   0   0   0   0   0  26   0  13   4   0   4   0   0  26  26   0   0     0    0    0   1.590     53  0.00
   63   63     0   0   0   0   0   0   0  22   4   0   0   0   0   0  13  22  35   0   4   0     0    0    0   1.569     52  0.00
   64   64     0   4   0   0   0   0   0   0   0   0   4   0   0   0   0   0   0  65   0  26     0    0    0   0.902     30  0.00
   65   65     0   0   0   0   0   0   0   0  91   0   4   0   0   0   0   0   4   0   0   0     0    0    0   0.356     11  0.00
   66   66     0   0   0   0   0   0   0  43   9   0  22   9   0   0   0   0  17   0   0   0     0    0    0   1.423     47  0.00
   67   67     0   0   0   0   0   0   0  70   0   0   0   0   0   0   0   0   0  26   4   0     0    0    0   0.739     24  0.00
   68   68     0   0   0   0   0   0   0  30   9   0   0   0   0   0   0   0   0  26   9  26     0    0    0   1.488     49  0.00
   69   69     0   0   0   0   0   0   0   0  13   0   4   0   0   0   0  43   4  17   0  17     0    0    0   1.509     50  0.00
   70   70    17  13  17  30   0   0   0   0   0   4   4  13   0   0   0   0   0   0   0   0     0    0    0   1.774     59  0.00
   71   71     4   0   0   0   0   0   0   4  17  13   4   0   0   0   0  26   0  22   0   9     0    0    0   1.874     62  0.00
   72   72    35  13   4   9   4   4  22   0   0   4   0   4   0   0   0   0   0   0   0   0     0    0    0   1.859     62  0.00
   73   73     0   0   0   0   0   0   0   0   0   4  65  26   0   0   0   0   0   0   4   0     0    0    0   0.902     30  0.00
   74   74    26  57   0   0  13   0   0   0   4   0   0   0   0   0   0   0   0   0   0   0     0    0    0   1.075     35  0.00
   75   75    26  30  13   0   0   0   4   0   0   0   0  26   0   0   0   0   0   0   0   0     0    0    0   1.465     48  0.00
   76   76     0  48   0  48   4   0   0   0   0   0   0   0   0   0   0   0   0   0   0   0     0    0    0   0.842     28  0.00
   77   77    57   0   9  35   0   0   0   0   0   0   0   0   0   0   0   0   0   0   0   0     0    0    0   0.902     30  0.00
   78   78     0   0   0   0   0   0   0   0   0   0   0   0   0 100   0   0   0   0   0   0     0    0    0   0.000      0  0.00
   79   79     0   0   0   0   0   0   0  39  57   0   4   0   0   0   0   0   0   0   0   0     0    0    0   0.826     27  0.00
   80   80     0   0   0   0   0   0   0   0   0   0   0   0   0   0   0   0  87  13   0   0     0    0    0   0.387     12  0.00
   81   81     0   0   0   0   0   0   0   0   0   0   0   0   0   0   0   0   0   0   0 100     0    0    0   0.000      0  0.00
   82   82     0   0   0   0   0   0   0   0   0   0   0   9   0  91   0   0   0   0   0   0     0    0    0   0.295      9  0.00
   83   83     0  96   0   4   0   0   0   0   0   0   0   0   0   0   0   0   0   0   0   0     0    0    0   0.179      5  0.00
   84   84     0   0   0 100   0   0   0   0   0   0   0   0   0   0   0   0   0   0   0   0     0    0    0   0.000      0  0.00
   85   85     0   0   0   0   0   0   0   0   0   0  13  78   0   0   0   0   0   0   9   0     0    0    0   0.670     22  0.00
   86   86     0   0   0   0   0   0   0   0  22   0  26  52   0   0   0   0   0   0   0   0     0    0    0   1.022     34  0.00
   87   87     0  13  48  39   0   0   0   0   0   0   0   0   0   0   0   0   0   0   0   0     0    0    0   0.986     32  0.00
   88   88     0  61   0   0   0   0   0   0   4   0   9  26   0   0   0   0   0   0   0   0     0    0    0   1.001     33  0.00
   89   89     9  35   0   9   9   0   0   0  26   0   0   4   0   0   0   0   0   9   0   0     0    0    0   1.704     56  0.00
   90   90     0   4  17   0   0   0   0   0   0   0   0   0   0   0  22  48   9   0   0   0     0    0    0   1.337     44  0.00
   91   91     0   0   0   0   0   0   0   0   0   0   4   0   0   0   0   0   0  30   4  61     0    0    0   0.937     31  0.00
   92   92     9  70   4   9   0   0   0   0   0   0   0   0   0   0   0   0   0   9   0   0     0    0    0   1.026     34  0.00
   93   93     9   0  36  14   5   0   0   0  18   0   0   9   5   5   0   0   0   0   0   0     0    0    0   1.807     60  0.00
   94   94     0   5   0   0   0   0   0   0   9   0   0  27   0   9   9  36   0   5   0   0     0    0    0   1.657     55  0.00
   95   95     0   0   0   0   0   0   9   0   0   0   0   0   0  23   0   5   0  64   0   0     0    0    0   0.983     32  0.00
   96   96     0  59  14  23   5   0   0   0   0   0   0   0   0   0   0   0   0   0   0   0     0    0    0   1.060     35  0.00
   97   97    14  18  68   0   0   0   0   0   0   0   0   0   0   0   0   0   0   0   0   0     0    0    0   0.843     28  0.00
   98   98     0   0   0   0   0   0   0   0   5   0   0   5   0   0   9   0   0  68   5   9     0    0    0   1.119     37  0.00
   99   99     9  68   5   9   9   0   0   0   0   0   0   0   0   0   0   0   0   0   0   0     0    0    0   1.056     35  0.00
  100  100     0   0   0   0  18   0  45   0   0   0   0   0   0  32   5   0   0   0   0   0     0    0    0   1.173     39  0.00
  101  101     0   0   0   0   0   0   0   0   0   0   0   0   0   0   0  59   0  36   0   5     0    0    0   0.819     27  0.00
  102  102     0   0   0   0   0   0   0   0   0   0   0   0   0   0  50  50   0   0   0   0     0    0    0   0.693     23  0.00
//
