ID Pseudo hssp file.
SEQ 
SEQ gi|4097900|gb|AAD00180.1| (U71268) potential transcriptional rep...   170  4e-42
SEQ gi|7019467|ref|NP_037448.1| CCR4-NOT transcription complex, subu...   169  6e-42
SEQ gi|8393841|ref|NP_058573.1| negative regulator of transcription ...   167  3e-41
SEQ gi|13626759|ref|XP_004640.3| CCR4-NOT transcription complex, sub...   167  3e-41
SEQ gi|9367873|emb|CAB97536.1| (AL389980) NOT4, potential transcript...   166  6e-41
SEQ gi|6856207|gb|AAF29829.1|AF180475_1 (AF180475) Not4-Np [Homo sap...   163  5e-40
SEQ gi|12843900|dbj|BAB26155.1| (AK009234) putative [Mus musculus]        135  1e-31
SEQ gi|7297684|gb|AAF52936.1| (AE003628) CG5251 gene product [Drosop...   132  1e-30
SEQ gi|13786788|pdb|1E4U|A Chain A, N-Terminal Ring Finger Domain Of...   131  1e-30
SEQ gi|7497693|pir||T34180 hypothetical protein C49H3.5 - Caenorhabd...   116  7e-26
SEQ gi|14573964|gb|AAF99894.2| (U42436) Hypothetical protein C49H3.5...   116  8e-26
SEQ gi|1175493|sp|Q09818|YAC4_SCHPO PUTATIVE GENERAL NEGATIVE REGULA...    88  2e-17
SEQ gi|6320912|ref|NP_010991.1| putative zinc finger protein; Mot2p ...    84  3e-16
SEQ gi|7672997|gb|AAF66693.1| (AF144710) MOT2 protein [Candida albic...    75  2e-13
SEQ gi|11357925|pir||T47503 hypothetical protein F9K21.210 - Arabido...    68  3e-11
SEQ gi|10177469|dbj|BAB10860.1| (AB009053) gene_id:MQB2.23~pir||T066...    64  5e-10
SEQ gi|8885568|dbj|BAA97498.1| (AB026632) general negative transcrip...    63  8e-10
SEQ gi|7487127|pir||T06676 hypothetical protein T17F15.60 - Arabidop...    62  2e-09
SEQ gi|4510401|gb|AAD21488.1| (AC006587) putative general negative r...    59  2e-08
SEQ gi|5882736|gb|AAD55289.1|AC008263_20 (AC008263) F25A4.16 [Arabid...    57  7e-08
SEQ 
## SEQUENCE PROFILE AND ENTROPY
 SeqNo PDBNo   V   L   I   M   F   W   Y   G   A   P   S   T   C   H   R   K   Q   E   N   D  NOCC NDEL NINS ENTROPY RELENT WEIGHT
    1    1     0   0   0 100   0   0   0   0   0   0   0   0   0   0   0   0   0   0   0   0     0    0    0   0.000      0  0.00
    2    2     0   0   0   0   0   0   0   0   0   0 100   0   0   0   0   0   0   0   0   0     0    0    0   0.000      0  0.00
    3    3     0   0   0   0   0   0   0   0   0   0   0   0   0   0 100   0   0   0   0   0     0    0    0   0.000      0  0.00
    4    4     0   0   0   0   0   0   0   0   0   0 100   0   0   0   0   0   0   0   0   0     0    0    0   0.000      0  0.00
    5    5     0   0   0   0   0   0   0   0   0 100   0   0   0   0   0   0   0   0   0   0     0    0    0   0.000      0  0.00
    6    6     0   0   0   0   0   0   0   0   0   0   0   0   0   0   0   0   0   0   0 100     0    0    0   0.000      0  0.00
    7    7     0   0   0   0   0   0   0  10  80   0  10   0   0   0   0   0   0   0   0   0     0    0    0   0.639     21  0.00
    8    8     0   0   0   0   0   0   0   0   0   0   0   0   0   0   0  90   0   0  10   0     0    0    0   0.325     10  0.00
    9    9     0   0   0   0   0   0   0   0   0   0   0   0   0   0   0   0   0  91   0   9     0    0    0   0.305     10  0.00
   10   10     0   0   0   0   0   0   0   0   0   0   0   0   0   0   0   0   0   0   0 100     0    0    0   0.000      0  0.00
   11   11     0   0   0   0   0   0   0   0   8  85   0   0   0   0   0   0   0   0   0   8     0    0    0   0.536     17  0.00
   12   12    77   0   0   8   0   0   0   0   0   0  15   0   0   0   0   0   0   0   0   0     0    0    0   0.687     22  0.00
   13   13     0   0   0   0   0   0   0   0   0   0  13   0   6   0   0   0   0  81   0   0     0    0    0   0.602     20  0.00
   14   14     0   0   0   0   0   0   0   0   0   0   0   0 100   0   0   0   0   0   0   0     0    0    0   0.000      0  0.00
   15   15     0   0   0   0   0   0   0   0   0 100   0   0   0   0   0   0   0   0   0   0     0    0    0   0.000      0  0.00
   16   16     0  86  14   0   0   0   0   0   0   0   0   0   0   0   0   0   0   0   0   0     0    0    0   0.410     13  0.00
   17   17     0   0   0   0   0   0   0   0   0   0   0   0 100   0   0   0   0   0   0   0     0    0    0   0.000      0  0.00
   18   18     5   0   5  62   0   0  10   0  10   0   5   5   0   0   0   0   0   0   0   0     0    0    0   1.325     44  0.00
   19   19     0   0   0   0   0   0   0   0   0   0   0   0   0   0   0   0   0 100   0   0     0    0    0   0.000      0  0.00
   20   20     0   5   0   0   0   0   0   0   0  52   0  10   0   0   0   0   0  24   0  10     0    0    0   1.273     42  0.00
   21   21     0  67   5  29   0   0   0   0   0   0   0   0   0   0   0   0   0   0   0   0     0    0    0   0.773     25  0.00
   22   22     0   0   0   0   0   0   0   0   0   0   0   0   0   0   0   0   0  57   0  43     0    0    0   0.683     22  0.00
   23   23     5  33  57   0   0   0   0   0   5   0   0   0   0   0   0   0   0   0   0   0     0    0    0   0.976     32  0.00
   24   24     0   0   0   0   0   0   0   0   0   0  10  33   0   0   0   0   0   0   0  57     0    0    0   0.910     30  0.00
   25   25     0   0   0   0   0   0   0   0   0   0   0   0   0   0   0   0   0   0   0 100     0    0    0   0.000      0  0.00
   26   26     0  10  52   0   0   0   0   0   0   0  10   0   0   0   0  14  14   0   0   0     0    0    0   1.343     44  0.00
   27   27     0   0   0   0   0   0   0   0   0   0   0   5   0   5   0   0  10   5  76   0     0    0    0   0.866     28  0.00
   28   28     0  14   0   0  86   0   0   0   0   0   0   0   0   0   0   0   0   0   0   0     0    0    0   0.410     13  0.00
   29   29     0  10   0   0  52   0  10   0   0   0   0   0   0   0   0  24   0   5   0   0     0    0    0   1.273     42  0.00
   30   30     0   0   0   0   0   0   0   0   0 100   0   0   0   0   0   0   0   0   0   0     0    0    0   0.000      0  0.00
   31   31     0   0   0   0   0   0   0   0   0   0   0   0 100   0   0   0   0   0   0   0     0    0    0   0.000      0  0.00
   32   32     0   0   0   0   0   0   0   0   0  19   0  52   0   0   0  24   5   0   0   0     0    0    0   1.141     38  0.00
   33   33     0   0   0   0   0   0   0   0   0   0   0   0 100   0   0   0   0   0   0   0     0    0    0   0.000      0  0.00
   34   34     0   0   0   0   0   0   0  90   0   0   0   0   0   0   0   0   0  10   0   0     0    0    0   0.314     10  0.00
   35   35     0   0   0   0  14   0  86   0   0   0   0   0   0   0   0   0   0   0   0   0     0    0    0   0.410     13  0.00
   36   36     0   0   0   0   0   0   0   0   0   0   0   0   0   0  19   0  81   0   0   0     0    0    0   0.487     16  0.00
   37   37     5  10  86   0   0   0   0   0   0   0   0   0   0   0   0   0   0   0   0   0     0    0    0   0.501     16  0.00
   38   38     0   0   0   0   0   0   0   0   0   0   0   0 100   0   0   0   0   0   0   0     0    0    0   0.000      0  0.00
   39   39    14  14   0   0   0   0   0   0   0   0   0   0   0   0  62   0  10   0   0   0     0    0    0   1.077     35  0.00
   40   40     0   0   0   0  86  14   0   0   0   0   0   0   0   0   0   0   0   0   0   0     0    0    0   0.410     13  0.00
   41   41     0   0   0   0   0   0   0   0   0   0   0   0 100   0   0   0   0   0   0   0     0    0    0   0.000      0  0.00
   42   42     0   0   0   0   0  84  11   0   0   0   0   0   0   5   0   0   0   0   0   0     0    0    0   0.537     17  0.00
   43   43     0   0   0   0   0   0   0   0   0   0   0   0   0  86   0   0   0   0  14   0     0    0    0   0.410     13  0.00
   44   44     0   0   0   0   0   0   0   0   0   0   0   0   0  19  57  14   0   0  10   0     0    0    0   1.138     37  0.00
   45   45     0   0  90   0   0   0   0   0   0   0   0  10   0   0   0   0   0   0   0   0     0    0    0   0.314     10  0.00
   46   46     0   0  10   0   0   0   0   0   0   0   5   0   0   0  67  19   0   0   0   0     0    0    0   0.955     31  0.00
   47   47     0   0   0   0   0   0   0   0   0   0   0  57  10   0   0   0  10  10   0  14     0    0    0   1.270     42  0.00
   48   48     0   0   0   0   0   0   0   0   0   0   0   0   0   0   0   5  10   0  14  71     0    0    0   0.887     29  0.00
   49   49     0   5   5   0   0   0   0  10   0  10   5   5   0   0   0   0   0  62   0   0     0    0    0   1.325     44  0.00
   50   50     0   0   0   0   0   0   0   0   0   0   0   0   0   0   0   0   0  15  75  10     0    0    0   0.731     24  0.00
   51   51     0   0   0   0   0   0   0  90   5   0   0   0   0   0   0   5   0   0   0   0     0    0    0   0.381     12  0.00
   52   52     0  57   0   0   0   0   0   0   0   0   0   0   0   0  43   0   0   0   0   0     0    0    0   0.683     22  0.00
   53   53     0   0   0   0   0   0   0   0   0   0   0   0 100   0   0   0   0   0   0   0     0    0    0   0.000      0  0.00
   54   54     0   0   0   0   0   0   0   0   0 100   0   0   0   0   0   0   0   0   0   0     0    0    0   0.000      0  0.00
   55   55     0   0   0   0   0   0   0  14  86   0   0   0   0   0   0   0   0   0   0   0     0    0    0   0.410     13  0.00
   56   56     0   0   0   0   0   0   0   0   0   0   0   0 100   0   0   0   0   0   0   0     0    0    0   0.000      0  0.00
   57   57     0   0   0   0   0   0   0   0   0   0   0   0   0   0 100   0   0   0   0   0     0    0    0   0.000      0  0.00
   58   58     0   0   0   0   0   0   0   0   0   0   0  14   0   0  14  62  10   0   0   0     0    0    0   1.077     35  0.00
   59   59     0  10   0   0   0   0   0   0   0  71   0   0   0   0   5   5   0   5   0   5     0    0    0   1.044     34  0.00
   60   60     0   0   0   0   0   0 100   0   0   0   0   0   0   0   0   0   0   0   0   0     0    0    0   0.000      0  0.00
   61   61     0   0   0   0   0   0   0   0   0  67   0   6   0   0   0   0   0   0   0  28     0    0    0   0.787     26  0.00
   62   62     0   0   0   0   0   0   0   0   0   0   0   0   0   0   0  17   0  72   0  11     0    0    0   0.778     25  0.00
   63   63     0   0   0   0   0   0   0   0   0   0   0   0   0   0   0   0   0  33   6  61     0    0    0   0.828     27  0.00
   64   64     0   0   0   0   0   0   0   0   0  67   6   0   0   0   0  17   0   0  11   0     0    0    0   0.974     32  0.00
   65   65    28   0  17   0   0   0   0   0  56   0   0   0   0   0   0   0   0   0   0   0     0    0    0   0.981     32  0.00
   66   66    67   0   0   0   0   0   0   0   0   0   0   0   0   0   6   0   6   6  11   6     0    0    0   1.157     38  0.00
   67   67     0   0   0   0  18   6  65  12   0   0   0   0   0   0   0   0   0   0   0   0     0    0    0   1.006     33  0.00
   68   68     6   0   0  12   0   0   0   0   0   0   0   0   0   0   6  76   0   0   0   0     0    0    0   0.790     26  0.00
   69   69     0   0   0   0   0   0   0   0   0  76   0  24   0   0   0   0   0   0   0   0     0    0    0   0.546     18  0.00
   70   70    24  65   0  12   0   0   0   0   0   0   0   0   0   0   0   0   0   0   0   0     0    0    0   0.874     29  0.00
   71   71     0   0   0   0   0   0   0   0   0   0  76  18   0   0   0   0   0   0   0   6     0    0    0   0.678     22  0.00
   72   72     0   0   0   0   0   0   0   0  12   6   0  12   6   0   0   0  65   0   0   0     0    0    0   1.119     37  0.00
   73   73     0   0   0   0   0   0   0   0   0   0   0   0   0   0   0   0   0  88   0  12     0    0    0   0.362     12  0.00
   74   74     0   0   0   0   0   0   0   0   0   0   0   0   0   0  12   0   0  76   0  12     0    0    0   0.709     23  0.00
   75   75    13  80   0   7   0   0   0   0   0   0   0   0   0   0   0   0   0   0   0   0     0    0    0   0.628     20  0.00
   76   76     0   0   0   0   0   0   0   0   0   0   0   0   0   0  17   8  75   0   0   0     0    0    0   0.721     24  0.00
   77   77     0   0   0   0   0   0   0   0   0   0   0   0   0   0  82  18   0   0   0   0     0    0    0   0.474     15  0.00
   78   78     0   0 100   0   0   0   0   0   0   0   0   0   0   0   0   0   0   0   0   0     0    0    0   0.000      0  0.00
//
