ID Pseudo hssp file.
SEQ 
SEQ gi|11514427|pdb|1E6V|C Chain C, Methyl-Coenzyme M Reductase From...   417  e-116
SEQ gi|126877|sp|P12973|MCRG_METFE METHYL-COENZYME M REDUCTASE GAMMA...   320  2e-86
SEQ gi|2842572|sp|Q58255|MCRZ_METJA METHYL-COENZYME M REDUCTASE II G...   303  2e-81
SEQ gi|629372|pir||S43900 methyl coenzyme M reductase (EC 1.8.-.-) g...   303  2e-81
SEQ gi|2622271|gb|AAB85654.1| (AE000885) methyl coenzyme M reductase...   300  9e-81
SEQ gi|3334251|sp|O27233|MCRG_METTH METHYL-COENZYME M REDUCTASE I GA...   300  9e-81
SEQ gi|3891380|pdb|1MRO|C Chain C, Methyl-Coenzyme M Reductase >gi|3...   299  3e-80
SEQ gi|126879|sp|P11562|MCRG_METTM METHYL-COENZYME M REDUCTASE I GAM...   299  3e-80
SEQ gi|126880|sp|P07963|MCRG_METVA METHYL-COENZYME M REDUCTASE GAMMA...   290  2e-77
SEQ gi|6686313|sp|P21112|MCRZ_METTH METHYL-COENZYME M REDUCTASE II G...   287  9e-77
SEQ gi|11254869|pir||T45149 methyl coenzyme M reductase (EC 1.8.-.-)...   280  1e-74
SEQ gi|126881|sp|P11563|MCRG_METVO METHYL-COENZYME M REDUCTASE GAMMA...   279  2e-74
SEQ gi|2497838|sp|Q60387|MCRG_METJA METHYL-COENZYME M REDUCTASE I GA...   279  2e-74
SEQ gi|126876|sp|P07964|MCRG_METBA METHYL-COENZYME M REDUCTASE GAMMA...   226  3e-58
SEQ gi|11514435|pdb|1E6Y|C Chain C, Methyl-Coenzyme M Reductase From...   224  8e-58
SEQ gi|10946205|gb|AAG24795.1| (AF272771) methyl coenzyme-M reductas...   216  2e-55
SEQ 
## SEQUENCE PROFILE AND ENTROPY
 SeqNo PDBNo   V   L   I   M   F   W   Y   G   A   P   S   T   C   H   R   K   Q   E   N   D  NOCC NDEL NINS ENTROPY RELENT WEIGHT
    1    1     0   0   0   0 100   0   0   0   0   0   0   0   0   0   0   0   0   0   0   0     0    0    0   0.000      0  0.00
    2    2     0   0   0   0  35   0  65   0   0   0   0   0   0   0   0   0   0   0   0   0     0    0    0   0.649     21  0.00
    3    3     0   0   0   0   0   0  82   0   0   0   0  12   0   0   0   0   0   0   6   0     0    0    0   0.578     19  0.00
    4    4     0   0   0   0   0   0   0   0   0 100   0   0   0   0   0   0   0   0   0   0     0    0    0   0.000      0  0.00
    5    5     0   0   0   0   0   0   0  94   0   0   6   0   0   0   0   0   0   0   0   0     0    0    0   0.224      7  0.00
    6    6     0   0   0   0   0   0   0   0  29   0   6  24   0   0   0   0   6  29   6   0     0    0    0   1.560     52  0.00
    7    7     0   0   0   0   0   0   0   0   0   0  12  88   0   0   0   0   0   0   0   0     0    0    0   0.362     12  0.00
    8    8     0   6   0   0   0   0   0   0   0   0  18   0   0   0   0  53  12   0   0  12     0    0    0   1.313     43  0.00
    9    9    65   0  35   0   0   0   0   0   0   0   0   0   0   0   0   0   0   0   0   0     0    0    0   0.649     21  0.00
   10   10     0   0   0   0   0   0   0   0 100   0   0   0   0   0   0   0   0   0   0   0     0    0    0   0.000      0  0.00
   11   11     0   0   0   0   0   0   0   0  18   0   0   0   0   0   0   0  29  53   0   0     0    0    0   1.003     33  0.00
   12   12     0   0   0   0   0   0   0   0   0   0   0   0   0   0   0   0   0   0 100   0     0    0    0   0.000      0  0.00
   13   13     0   0   0   0   0   0   0   0   0   0   0   0   0   0 100   0   0   0   0   0     0    0    0   0.000      0  0.00
   14   14     0   0   0   0   0   0   0   0   0   0   0   0   0   0 100   0   0   0   0   0     0    0    0   0.000      0  0.00
   15   15     0   0   0   0   0   0   0   0   0   0   0   0   0   0   0  59   0   0  35   6     0    0    0   0.846     28  0.00
   16   16     0   0   0   0  29   0  12   0   0   0   0   0   0  59   0   0   0   0   0   0     0    0    0   0.924     30  0.00
   17   17     0   6   6  65   0   0   0   0   0   0   0   0  24   0   0   0   0   0   0   0     0    0    0   0.955     31  0.00
   18   18     0   0   0   0   0   0   0   0   0   0  18   0   0   0   0   0   0   0  71  12     0    0    0   0.804     26  0.00
   19   19     0   0   0   0   0   0   0  18   0  82   0   0   0   0   0   0   0   0   0   0     0    0    0   0.466     15  0.00
   20   20     0   0   0   0   0   0   0   0   7   0   0   0   0   0   0   0   0  36  29  29     0    0    0   1.272     42  0.00
   21   21    14   0   0   0   7   0  71   0   7   0   0   0   0   0   0   0   0   0   0   0     0    0    0   0.895     29  0.00
   22   22     0   0   0   0   0   0   0   0   0   0   0   0   0   0   0  18   6  76   0   0     0    0    0   0.678     22  0.00
   23   23     0  88   0   0  12   0   0   0   0   0   0   0   0   0   0   0   0   0   0   0     0    0    0   0.362     12  0.00
   24   24     0   0   0   0   0   0   0   0   0   0   0   0   0   0  12  24   0  65   0   0     0    0    0   0.874     29  0.00
   25   25     0   0   0   0   0   0   0   0   0   0   0   0   0   0   0 100   0   0   0   0     0    0    0   0.000      0  0.00
   26   26     0 100   0   0   0   0   0   0   0   0   0   0   0   0   0   0   0   0   0   0     0    0    0   0.000      0  0.00
   27   27     0   0   0   0   0   0   0   0   0   0   0   0   0   0 100   0   0   0   0   0     0    0    0   0.000      0  0.00
   28   28     0   0   0   0   0   0   0   0   0   0   0   0   0   0   0   0   0  88   0  12     0    0    0   0.362     12  0.00
   29   29    12   0  88   0   0   0   0   0   0   0   0   0   0   0   0   0   0   0   0   0     0    0    0   0.362     12  0.00
   30   30     0   0   0   0   0   0   0   0   6  35  59   0   0   0   0   0   0   0   0   0     0    0    0   0.846     28  0.00
   31   31     0   0   0   0   0   0   0   0   0   0   0   0   0   0   0   0   0   0   0 100     0    0    0   0.000      0  0.00
   32   32     0   0   0   0   0   0   0   0   0   0   0   0   0   0   0   0   0  88   0  12     0    0    0   0.362     12  0.00
   33   33     0   0   0   0   0   0   0   0   0   0   0   0   0   0   0   0   0   6   0  94     0    0    0   0.224      7  0.00
   34   34    47  29  24   0   0   0   0   0   0   0   0   0   0   0   0   0   0   0   0   0     0    0    0   1.055     35  0.00
   35   35    82   0   0   0   0   0   0   0   0   0   0  18   0   0   0   0   0   0   0   0     0    0    0   0.466     15  0.00
   36   36     0   0   0   0   0   0   0   0  18   0   0   0   0   0  24  59   0   0   0   0     0    0    0   0.959     32  0.00
   37   37    35  12  53   0   0   0   0   0   0   0   0   0   0   0   0   0   0   0   0   0     0    0    0   0.956     31  0.00
   38   38     0  71   0  29   0   0   0   0   0   0   0   0   0   0   0   0   0   0   0   0     0    0    0   0.606     20  0.00
   39   39     0   0   0   0   0   0   0 100   0   0   0   0   0   0   0   0   0   0   0   0     0    0    0   0.000      0  0.00
   40   40     0   0   0   0   0   0   0   0   0   0   0   0   0 100   0   0   0   0   0   0     0    0    0   0.000      0  0.00
   41   41     0   0   0   0   0   0   0   0   0   0   0   0   0   0 100   0   0   0   0   0     0    0    0   0.000      0  0.00
   42   42     0   0   0   0   0   0   0   0  47   0   6   0   0   0   0   0  18  12  18   0     0    0    0   1.385     46  0.00
   43   43     0   0   0   0   0   0   0   0   0 100   0   0   0   0   0   0   0   0   0   0     0    0    0   0.000      0  0.00
   44   44     0   0   0   0   0   0   0  94   0   0   6   0   0   0   0   0   0   0   0   0     0    0    0   0.224      7  0.00
   45   45     0   0   0   0   0   0   0   0   0   0  18   0   0   0   0   0   0  82   0   0     0    0    0   0.466     15  0.00
   46   46     0   0   0   0   0   0   0   0   0   0  24   0   0   0   0   0   0  41   0  35     0    0    0   1.073     35  0.00
   47   47     0   0   0   0   6   0  94   0   0   0   0   0   0   0   0   0   0   0   0   0     0    0    0   0.224      7  0.00
   48   48     0   0   0   0   0   0   0   0   0  59   0   0   0   0   0  41   0   0   0   0     0    0    0   0.677     22  0.00
   49   49     0   0   0   0   0   0   0   0   0   0  71  29   0   0   0   0   0   0   0   0     0    0    0   0.606     20  0.00
   50   50    82   0   0   0   0   0   0   0   0   0   0  18   0   0   0   0   0   0   0   0     0    0    0   0.466     15  0.00
   51   51     0   0   0   0   0   0   0   0   0   0   0   0   0 100   0   0   0   0   0   0     0    0    0   0.000      0  0.00
   52   52     0   0   0   0   0   0   0   0   0 100   0   0   0   0   0   0   0   0   0   0     0    0    0   0.000      0  0.00
   53   53     0   0   0   0   0   0   0   0   0 100   0   0   0   0   0   0   0   0   0   0     0    0    0   0.000      0  0.00
   54   54     0 100   0   0   0   0   0   0   0   0   0   0   0   0   0   0   0   0   0   0     0    0    0   0.000      0  0.00
   55   55     0   0   0   0   0   0   0   0  18   0   0   0   0   0   0   0   0  71   0  12     0    0    0   0.804     26  0.00
   56   56     0   0   0   0   0   0   0   0   0   0   0   0   0   0   0   0   0 100   0   0     0    0    0   0.000      0  0.00
   57   57     0   6   0  94   0   0   0   0   0   0   0   0   0   0   0   0   0   0   0   0     0    0    0   0.224      7  0.00
   58   58     0   0   0   0   0   0   0  18   0   0   0   0   0   0   0   0   0  12   0  71     0    0    0   0.804     26  0.00
   59   59     0  12   0   6  24   0   0   0   0   0   0   0   0   0   0   0   0  59   0   0     0    0    0   1.071     35  0.00
   60   60     0   0   0   0   0   0   0   0   6  71   0   0   0   0   0   0   0  24   0   0     0    0    0   0.753     25  0.00
   61   61     0   0   0   0   0   0   0   0  24   0   0   0   0   0   0   0   0  76   0   0     0    0    0   0.546     18  0.00
   62   62     0   0   0   0   0   0   0   0   0   0   0   0  25   0   0   0   0   0   0  75     0    0    0   0.562     18  0.00
   63   63     0   0  12   0   0   0  18   0  24  29  18   0   0   0   0   0   0   0   0   0     0    0    0   1.564     52  0.00
   64   64    29   0  47   6   0   0   0   0   0   0   0  18   0   0   0   0   0   0   0   0     0    0    0   1.187     39  0.00
   65   65     0   0   0   0   0   0   0   0   0   0   0   0   0   0  82  18   0   0   0   0     0    0    0   0.466     15  0.00
   66   66     0   0   0   0   0   0   0   0   0   0   0   0   0   0   0   0   0  53   0  47     0    0    0   0.691     23  0.00
   67   67     0  29  18  35   0   0   0   0   0   0   0   0   0   0   0   0   0   0  18   0     0    0    0   1.340     44  0.00
   68   68   100   0   0   0   0   0   0   0   0   0   0   0   0   0   0   0   0   0   0   0     0    0    0   0.000      0  0.00
   69   69     6   0   0   0   0   0   0   6  12   0   0   0   0   0   0   0   0  76   0   0     0    0    0   0.790     26  0.00
   70   70     0   0   0   0   0   0   0   0  12  88   0   0   0   0   0   0   0   0   0   0     0    0    0   0.362     12  0.00
   71   71     0  12  53   0   0   0   0   0   0   0   0  35   0   0   0   0   0   0   0   0     0    0    0   0.956     31  0.00
   72   72     0   0   0   0   0   0   0   0   0  18   0   0   0   0   0   0  18  24  18  24     0    0    0   1.599     53  0.00
   73   73     0   0   0   0   0   0   0 100   0   0   0   0   0   0   0   0   0   0   0   0     0    0    0   0.000      0  0.00
   74   74     0   0   0   0   0   0   0   0 100   0   0   0   0   0   0   0   0   0   0   0     0    0    0   0.000      0  0.00
   75   75     0   0   0   0   0   0   0   0  18   0   0   0   0   0   0  82   0   0   0   0     0    0    0   0.466     15  0.00
   76   76     0   0   0   0   0   0   0   0  59   0   0   0   0   0   0   0   6  35   0   0     0    0    0   0.846     28  0.00
   77   77     0   0   0   0   0   0   0 100   0   0   0   0   0   0   0   0   0   0   0   0     0    0    0   0.000      0  0.00
   78   78    18   0   0   0   0   0   0   0   0   0   0   6   0  18   0   0   0   0   0  59     0    0    0   1.091     36  0.00
   79   79     0   0   0   0   0   0   0   0   0   0   0   0   0   0 100   0   0   0   0   0     0    0    0   0.000      0  0.00
   80   80    71   0  29   0   0   0   0   0   0   0   0   0   0   0   0   0   0   0   0   0     0    0    0   0.606     20  0.00
   81   81     0   0   0   0   0   0   0   0   0   0   0   0   0   0 100   0   0   0   0   0     0    0    0   0.000      0  0.00
   82   82     0   0   0   0   0   0 100   0   0   0   0   0   0   0   0   0   0   0   0   0     0    0    0   0.000      0  0.00
   83   83     6   0  94   0   0   0   0   0   0   0   0   0   0   0   0   0   0   0   0   0     0    0    0   0.224      7  0.00
   84   84     0   0   0   0   0   0   0   0   0   0   0   0   0   0   0   0 100   0   0   0     0    0    0   0.000      0  0.00
   85   85     0   0   0   0 100   0   0   0   0   0   0   0   0   0   0   0   0   0   0   0     0    0    0   0.000      0  0.00
   86   86     0   0   0   0   0   0   0   0  53   0   0  47   0   0   0   0   0   0   0   0     0    0    0   0.691     23  0.00
   87   87     0   0   0   0   0   0   0   0   0   0   0   0   0   0   0   0   0   0   0 100     0    0    0   0.000      0  0.00
   88   88     0   0   0   0   0   0   0   0   0   0 100   0   0   0   0   0   0   0   0   0     0    0    0   0.000      0  0.00
   89   89    18   0   0  82   0   0   0   0   0   0   0   0   0   0   0   0   0   0   0   0     0    0    0   0.466     15  0.00
   90   90     0   0   0   0   0   0 100   0   0   0   0   0   0   0   0   0   0   0   0   0     0    0    0   0.000      0  0.00
   91   91     0   0   0   0  59   0   0   0   0   0   0   0   0   0   0   0   0   0  41   0     0    0    0   0.677     22  0.00
   92   92     0   0   0   0   0   0   0   0 100   0   0   0   0   0   0   0   0   0   0   0     0    0    0   0.000      0  0.00
   93   93     0   0   0   0   0   0   0   0   0 100   0   0   0   0   0   0   0   0   0   0     0    0    0   0.000      0  0.00
   94   94     0   0  12   0   0   0   0   0  82   0   6   0   0   0   0   0   0   0   0   0     0    0    0   0.578     19  0.00
   95   95     0   0   0   0   0   0   0   0   0   0   0  18   0  12   0   0  71   0   0   0     0    0    0   0.804     26  0.00
   96   96     0   0   0   0   0   0   0   0   0 100   0   0   0   0   0   0   0   0   0   0     0    0    0   0.000      0  0.00
   97   97     0   0   0   0   0   0 100   0   0   0   0   0   0   0   0   0   0   0   0   0     0    0    0   0.000      0  0.00
   98   98    24   0  18   0  18   0   0   0   0   0   0   0   0   0   0   0   0   0   0  41     0    0    0   1.318     43  0.00
   99   99     0   0   0   0   0   0   0   0   0   0   0   0   0   0 100   0   0   0   0   0     0    0    0   0.000      0  0.00
  100  100     0   0   0   0   0   0   0   0  41   0  59   0   0   0   0   0   0   0   0   0     0    0    0   0.677     22  0.00
  101  101     0   0   0   0   0   0  18   0   0   0   0   0   0   0  82   0   0   0   0   0     0    0    0   0.466     15  0.00
  102  102     0  12   0  12  18   0   0   0  29   0   0  29   0   0   0   0   0   0   0   0     0    0    0   1.530     51  0.00
  103  103     0   0   0   0   0   0  82   0  18   0   0   0   0   0   0   0   0   0   0   0     0    0    0   0.466     15  0.00
  104  104     0  29   0  53   0   0   0   0  18   0   0   0   0   0   0   0   0   0   0   0     0    0    0   1.003     33  0.00
  105  105     0   0  24   0   0  47   0   0   0   0   6   0  24   0   0   0   0   0   0   0     0    0    0   1.202     40  0.00
  106  106     0   0   0   0   0   0   0   0   0   0   0   0   0   0  82   0   0   0  18   0     0    0    0   0.466     15  0.00
  107  107     0   6   0   0  41   0  53   0   0   0   0   0   0   0   0   0   0   0   0   0     0    0    0   0.869     28  0.00
  108  108     0   0   0   0   0   0   0   0   0   0   0   0   0   0 100   0   0   0   0   0     0    0    0   0.000      0  0.00
  109  109     0   0   0   0   0   0   0 100   0   0   0   0   0   0   0   0   0   0   0   0     0    0    0   0.000      0  0.00
  110  110    65   0   6   0   0   0   0   0  29   0   0   0   0   0   0   0   0   0   0   0     0    0    0   0.808     26  0.00
  111  111     0   0   0   0   0   0   0   0   0   0   0   0   0   0   0   0   0   0   0 100     0    0    0   0.000      0  0.00
  112  112     0   0   0   0   0   0   0   0  35  18   0  41   6   0   0   0   0   0   0   0     0    0    0   1.206     40  0.00
  113  113     0   0   0   0   0   0   0 100   0   0   0   0   0   0   0   0   0   0   0   0     0    0    0   0.000      0  0.00
  114  114     0   0   0   0   0   0   0   0   0   0  12  88   0   0   0   0   0   0   0   0     0    0    0   0.362     12  0.00
  115  115     0 100   0   0   0   0   0   0   0   0   0   0   0   0   0   0   0   0   0   0     0    0    0   0.000      0  0.00
  116  116     0   0   0   0   0   0   0   0   0   0 100   0   0   0   0   0   0   0   0   0     0    0    0   0.000      0  0.00
  117  117     0   0   0   0   0   0   0 100   0   0   0   0   0   0   0   0   0   0   0   0     0    0    0   0.000      0  0.00
  118  118     0   0   0   0   0   0   0   0   0   0   0   0   0   0 100   0   0   0   0   0     0    0    0   0.000      0  0.00
  119  119     0   0   0   0   0   0   0   0   0   0   0   0   0   0   0   0 100   0   0   0     0    0    0   0.000      0  0.00
  120  120    41   0  59   0   0   0   0   0   0   0   0   0   0   0   0   0   0   0   0   0     0    0    0   0.677     22  0.00
  121  121    29   0  71   0   0   0   0   0   0   0   0   0   0   0   0   0   0   0   0   0     0    0    0   0.606     20  0.00
  122  122     0   0   0   0   0   0   0   0   0   0   0   0   0   0   0   0   0 100   0   0     0    0    0   0.000      0  0.00
  123  123    12   6   0  29   0   0   0   0  24   0   0  24   6   0   0   0   0   0   0   0     0    0    0   1.626     54  0.00
  124  124     0   0   0   0   0   0   0   0   0   0   0   0   0   0 100   0   0   0   0   0     0    0    0   0.000      0  0.00
  125  125     0   0   0   0   0   0   0   0   0   0   0   0   0   0   0   0   0 100   0   0     0    0    0   0.000      0  0.00
  126  126     0  24   0   0   0   0   0   0   0   0  18   0   0   0  59   0   0   0   0   0     0    0    0   0.959     32  0.00
  127  127     6   0   0   0   0   0   0   0   0   0   0   0   0   0   0   0   0   0   6  88     0    0    0   0.444     14  0.00
  128  128     6  76   0  18   0   0   0   0   0   0   0   0   0   0   0   0   0   0   0   0     0    0    0   0.678     22  0.00
  129  129     0   0   0   0   0   0   0   0   0   0   0   0   0   0   0   0   0 100   0   0     0    0    0   0.000      0  0.00
  130  130     0   0   0   0   0   0   0  12   6   0   0   0   0   0   0  53  18   6   0   6     0    0    0   1.395     46  0.00
  131  131    18   6  53   0   6   0   0   0   0   0   0   0  18   0   0   0   0   0   0   0     0    0    0   1.282     42  0.00
  132  132     0   0   0   0   0   0   0   0  35   0  65   0   0   0   0   0   0   0   0   0     0    0    0   0.649     21  0.00
  133  133     0   0   0   0   0   0   0   0   0   0   0   0   0   0   0 100   0   0   0   0     0    0    0   0.000      0  0.00
  134  134    18   0   6   0   0   0   0   0   0   0   0   0   0   0   0   0   0  53  24   0     0    0    0   1.150     38  0.00
  135  135     0  82   0   0   0   0   0   0   0   0   0   0   0   0   0   0  18   0   0   0     0    0    0   0.466     15  0.00
  136  136    18  47  18  18   0   0   0   0   0   0   0   0   0   0   0   0   0   0   0   0     0    0    0   1.273     42  0.00
  137  137     0   0   0   0   0   0   0   0   0   0   0   0   0   0   0   0   0  76   0  24     0    0    0   0.546     18  0.00
  138  138     0   0   0   0   0   0   0   0   0   0   0 100   0   0   0   0   0   0   0   0     0    0    0   0.000      0  0.00
  139  139     0   0   0   0   0   0   0   0   6   0   0   0   0   0   0   0   0  94   0   0     0    0    0   0.224      7  0.00
  140  140     0  24  35   0  41   0   0   0   0   0   0   0   0   0   0   0   0   0   0   0     0    0    0   1.073     35  0.00
  141  141     0   0   0   0  82   0   0   0   0   0   0  18   0   0   0   0   0   0   0   0     0    0    0   0.466     15  0.00
  142  142     0   0   0   0   0   0   0   0   0   0   0   0   0   0   0   0   0   0   0 100     0    0    0   0.000      0  0.00
  143  143     0   0   0   0   0   0   0   0   0  82   0   0   0  18   0   0   0   0   0   0     0    0    0   0.466     15  0.00
  144  144     0   0   0   0   0   0   0   0 100   0   0   0   0   0   0   0   0   0   0   0     0    0    0   0.000      0  0.00
  145  145     0  18   0   0   0   0   0   0   0   0   0  29   0   0  53   0   0   0   0   0     0    0    0   1.003     33  0.00
  146  146     0   0   6   0   0   0   0   0  18   0  41  24  12   0   0   0   0   0   0   0     0    0    0   1.430     47  0.00
  147  147     0   0   0   0   0   0   0 100   0   0   0   0   0   0   0   0   0   0   0   0     0    0    0   0.000      0  0.00
  148  148    59   0  35   6   0   0   0   0   0   0   0   0   0   0   0   0   0   0   0   0     0    0    0   0.846     28  0.00
  149  149     0   0   0   0   0   0   0   0   0   0   0   0   0   0 100   0   0   0   0   0     0    0    0   0.000      0  0.00
  150  150     0   0   0   0   0   0   0 100   0   0   0   0   0   0   0   0   0   0   0   0     0    0    0   0.000      0  0.00
  151  151     0   0   0   0   0   0   0   0  71   0   0   0   0   0   0  29   0   0   0   0     0    0    0   0.606     20  0.00
  152  152     0   0   0   0   0   0   0   0   0   0  29  71   0   0   0   0   0   0   0   0     0    0    0   0.606     20  0.00
  153  153   100   0   0   0   0   0   0   0   0   0   0   0   0   0   0   0   0   0   0   0     0    0    0   0.000      0  0.00
  154  154     0   0   0   0   0   0   0   0   0   0   0   0   0 100   0   0   0   0   0   0     0    0    0   0.000      0  0.00
  155  155     0   0   0   0   0   0   0 100   0   0   0   0   0   0   0   0   0   0   0   0     0    0    0   0.000      0  0.00
  156  156     0   0   0   0   0   0   0   0   0   0   0   0   0 100   0   0   0   0   0   0     0    0    0   0.000      0  0.00
  157  157     0   0   0   0   0   0   0   0  12   0  88   0   0   0   0   0   0   0   0   0     0    0    0   0.362     12  0.00
  158  158    18  82   0   0   0   0   0   0   0   0   0   0   0   0   0   0   0   0   0   0     0    0    0   0.466     15  0.00
  159  159     0   0   0   0   0   0   0   0   0   0   0   0   0   0 100   0   0   0   0   0     0    0    0   0.000      0  0.00
  160  160     0  94   0   0   6   0   0   0   0   0   0   0   0   0   0   0   0   0   0   0     0    0    0   0.224      7  0.00
  161  161     0   0   0   0   0   0   0   0   0   0   0   0   0   0   0   0  18   0   0  82     0    0    0   0.466     15  0.00
  162  162     0   0   0   0   0   0   0   0   0   0   0   0   0   0   0   0   0 100   0   0     0    0    0   0.000      0  0.00
  163  163     0   0   0   0   0   0   0   0   0   0   0   0   0   0   0   0   0   0  59  41     0    0    0   0.677     22  0.00
  164  164     0   0   0   0   0   0   0 100   0   0   0   0   0   0   0   0   0   0   0   0     0    0    0   0.000      0  0.00
  165  165    24  41   0  35   0   0   0   0   0   0   0   0   0   0   0   0   0   0   0   0     0    0    0   1.073     35  0.00
  166  166     0   0   0 100   0   0   0   0   0   0   0   0   0   0   0   0   0   0   0   0     0    0    0   0.000      0  0.00
  167  167     0  12   0   0  88   0   0   0   0   0   0   0   0   0   0   0   0   0   0   0     0    0    0   0.362     12  0.00
  168  168     0   0   0   0   0   0   0   0   0   0   0   0   0  12   0   0   0   0   0  88     0    0    0   0.362     12  0.00
  169  169     0   0   0  47   0   0   0   6  47   0   0   0   0   0   0   0   0   0   0   0     0    0    0   0.876     29  0.00
  170  170     0 100   0   0   0   0   0   0   0   0   0   0   0   0   0   0   0   0   0   0     0    0    0   0.000      0  0.00
  171  171     0   0   0   0   0   0   0   0   0   0   0   0   0   0  41   0  41   0   0  18     0    0    0   1.037     34  0.00
  172  172     0   0   0   0   0   0   0   0   0   0   0   0   0   0 100   0   0   0   0   0     0    0    0   0.000      0  0.00
  173  173     0   0   0   0   0   0  47   0   0   0   0   0   6   0  18   0  29   0   0   0     0    0    0   1.187     39  0.00
  174  174    29   0  35   0   0   0   0   0   0   0   0   0   0   0  29   0   0   6   0   0     0    0    0   1.254     41  0.00
  175  175     0  29   0   0  24   0  47   0   0   0   0   0   0   0   0   0   0   0   0   0     0    0    0   1.055     35  0.00
  176  176     0   0   0   0   0   0   0   0   0   0   0   0   0   0   0   0   0   0  43  57     0    0    0   0.683     22  0.00
  177  177     0   0   0   0   0   0   0   0   0   0   0   0   0   0   0  29   0  71   0   0     0    0    0   0.598     19  0.00
  178  178     0   0   0   0   0   0   0   0   6   0   0   0   0   0   0  18   0  47   0  29     0    0    0   1.187     39  0.00
  179  179     0   0   0   0   0   0   0   0   0   0  12  65   0   0   0  12   0   0  12   0     0    0    0   1.037     34  0.00
  180  180     0   0   0   0   0   0   0 100   0   0   0   0   0   0   0   0   0   0   0   0     0    0    0   0.000      0  0.00
  181  181     0   0   0   0   0   0   0   0   0   0   0  18   0  41  29   0   0  12   0   0     0    0    0   1.283     42  0.00
  182  182    76   0  24   0   0   0   0   0   0   0   0   0   0   0   0   0   0   0   0   0     0    0    0   0.546     18  0.00
  183  183    18  18  18   6   0   0   0   0   0   0   0   0   0   0   0   6   0  35   0   0     0    0    0   1.619     54  0.00
  184  184     0   0   0  47   0   0  53   0   0   0   0   0   0   0   0   0   0   0   0   0     0    0    0   0.691     23  0.00
  185  185    82   0   0   0   0   0   0   0   0   0   0   0   0   0   0   0   0   0   0  18     0    0    0   0.466     15  0.00
  186  186     0   0   0   0   0   0   0   0   0   0   0   0   0   0   0 100   0   0   0   0     0    0    0   0.000      0  0.00
  187  187     0   0   0   0   0   0   0   0   0   0   0   0   0   0   0   0   0   0  29  71     0    0    0   0.606     20  0.00
  188  188     0   0   0   0   0   0   0   0   0   0   0   0   0   0   0   0 100   0   0   0     0    0    0   0.000      0  0.00
  189  189    71   0  29   0   0   0   0   0   0   0   0   0   0   0   0   0   0   0   0   0     0    0    0   0.606     20  0.00
  190  190     0   0   0   0   0   0   0  82  18   0   0   0   0   0   0   0   0   0   0   0     0    0    0   0.466     15  0.00
  191  191     0   0  29   0   0   0   0   0   0   0   0   0   0   0  35   6   0   0   0  29     0    0    0   1.254     41  0.00
  192  192     0   0   0   0   0   0   0   0   0  59   0   0   0   0   0   0   0  41   0   0     0    0    0   0.677     22  0.00
  193  193     0  88   0   0   6   6   0   0   0   0   0   0   0   0   0   0   0   0   0   0     0    0    0   0.444     14  0.00
  194  194     0   0   0   0   0   0   0   0   0   0   0   0   0   0   0   0   0   0   0 100     0    0    0   0.000      0  0.00
  195  195     0   0   0   0   0   0   0   0   0   0   0   0   0   0  18   0  12  71   0   0     0    0    0   0.804     26  0.00
  196  196     0   0   0   0   0   0   0   0   0  82   0   0   0   0   0  18   0   0   0   0     0    0    0   0.466     15  0.00
  197  197    82   0  18   0   0   0   0   0   0   0   0   0   0   0   0   0   0   0   0   0     0    0    0   0.466     15  0.00
  198  198     0   0   0   0   0   0   0   0   0  12   0   0   0   0   0   0   0   0   0  88     0    0    0   0.362     12  0.00
  199  199    35  47   0  18   0   0   0   0   0   0   0   0   0   0   0   0   0   0   0   0     0    0    0   1.028     34  0.00
  200  200     0   0   0   0   0   0   0 100   0   0   0   0   0   0   0   0   0   0   0   0     0    0    0   0.000      0  0.00
  201  201     0   0   0   0   0   0   0   0  12   0   0   0   0   0   0  18  12  59   0   0     0    0    0   1.122     37  0.00
  202  202     0   0   0   0   0   0   0   0   0 100   0   0   0   0   0   0   0   0   0   0     0    0    0   0.000      0  0.00
  203  203     6  59   0  24   0   0   0   0  12   0   0   0   0   0   0   0   0   0   0   0     0    0    0   1.071     35  0.00
  204  204     0   0   0   0   0   0   0  12   0  29  18   0   0   0   0   0   0   0   0  41     0    0    0   1.283     42  0.00
  205  205     0   0   0   0   0   0   0   0   0   0  18   0   0   6   0   0   6  71   0   0     0    0    0   0.885     29  0.00
  206  206     0   0   0   0   0   0   0   0   6   0   0   0   0   0   0   0   0  59   0  35     0    0    0   0.846     28  0.00
  207  207     0   0   0   0   0   0   6   0   0   0   0  29   0   0   0  18   0  35   0  12     0    0    0   1.452     48  0.00
  208  208     0  82   0   0   0   0   0   0  18   0   0   0   0   0   0   0   0   0   0   0     0    0    0   0.466     15  0.00
  209  209     0   0   0  24   0   0   0   0  24   0   0   0   0   0   6  47   0   0   0   0     0    0    0   1.202     40  0.00
  210  210     0   0   0   0   0   0   0   0   0   0   0   0   0   0   0  35   0  53  12   0     0    0    0   0.956     31  0.00
  211  211     0   0  41   0   0   0   0   0   0   0   0   0   0   0  29  29   0   0   0   0     0    0    0   1.085     36  0.00
  212  212     0   0   0   0   0   0   0   0   0   0   0 100   0   0   0   0   0   0   0   0     0    0    0   0.000      0  0.00
  213  213     0   0   0   0   0   0   0   0   0   0   0 100   0   0   0   0   0   0   0   0     0    0    0   0.000      0  0.00
  214  214     0   0 100   0   0   0   0   0   0   0   0   0   0   0   0   0   0   0   0   0     0    0    0   0.000      0  0.00
  215  215     0   0   0   0   0   0 100   0   0   0   0   0   0   0   0   0   0   0   0   0     0    0    0   0.000      0  0.00
  216  216     0   0   0   0   0   0   0   0   0   0   0   0   0   0 100   0   0   0   0   0     0    0    0   0.000      0  0.00
  217  217    41   0  24   0   0   0   0   0   0   0   0   0   0   0   0  35   0   0   0   0     0    0    0   1.073     35  0.00
  218  218     0   0   0   0   0   0   0   0   0   0   0   0   0   0   0   0   0   0   0 100     0    0    0   0.000      0  0.00
  219  219     0   0   0   0   0   0   0  53   0   0   0   0   0   0   0   0   0   0  47   0     0    0    0   0.691     23  0.00
  220  220    29   0  35   0   0   0   0   0   0   0   0  12   0   0   0   0   0  24   0   0     0    0    0   1.320     44  0.00
  221  221     0   0   0   0   0   0   0  12  65  24   0   0   0   0   0   0   0   0   0   0     0    0    0   0.874     29  0.00
  222  222     0   0   0  41  18   0  41   0   0   0   0   0   0   0   0   0   0   0   0   0     0    0    0   1.037     34  0.00
  223  223     0   0   0   0   0   0   0   0   0   0   0   0   0   0 100   0   0   0   0   0     0    0    0   0.000      0  0.00
  224  224     0   0   0   0   0   0   0   0   0   0   0   6   0   0   0   0   0  35   0  59     0    0    0   0.846     28  0.00
  225  225     0   0   0   0   0   0   0   0   0   0   0   0   0   0   0   0   0   0   0 100     0    0    0   0.000      0  0.00
  226  226    12   0   0   6   0   0   0   0  12   6   0  12   0   0   0  24   0  24   0   6     0    0    0   1.936     64  0.00
  227  227     0   0   0   0   0   0   0   0   0   0   0   0   0   0   0   0   0  82   0  18     0    0    0   0.466     15  0.00
  228  228    29  29   0   0   0   0   0   0  41   0   0   0   0   0   0   0   0   0   0   0     0    0    0   1.085     36  0.00
  229  229    47  35  18   0   0   0   0   0   0   0   0   0   0   0   0   0   0   0   0   0     0    0    0   1.028     34  0.00
  230  230     0   0   0   0   0   0   0   0   0   0   0   6   0   0   0   0  13  81   0   0     0    0    0   0.602     20  0.00
  231  231    56   0  31   0   0  13   0   0   0   0   0   0   0   0   0   0   0   0   0   0     0    0    0   0.947     31  0.00
  232  232    75   0   0  25   0   0   0   0   0   0   0   0   0   0   0   0   0   0   0   0     0    0    0   0.562     18  0.00
  233  233     0   0   0   0   0   0   0   0   0   0   0   0   0  13   0  19  50  13   6   0     0    0    0   1.354     45  0.00
  234  234     0   0   6   0   0   0   0   0   0   0   0   0   0   0  75   6   0   0  13   0     0    0    0   0.822     27  0.00
  235  235     0   0 100   0   0   0   0   0   0   0   0   0   0   0   0   0   0   0   0   0     0    0    0   0.000      0  0.00
  236  236     0   0   0   0  13   0   0   0   0   0   0   0   0  88   0   0   0   0   0   0     0    0    0   0.377     12  0.00
  237  237    25   0   0   0   0   0   0   0   0   0   0  13   0   0  19   0   6  25   0  13     0    0    0   1.700     56  0.00
  238  238     0  44   0   0   0   0   0  13  31   0   0   0   0   0   0   0  13   0   0   0     0    0    0   1.245     41  0.00
  239  239     0   0   0   0   0   0   0   0   0   0   0   0   0   0 100   0   0   0   0   0     0    0    0   0.000      0  0.00
  240  240     0   0   0   0   0   0   0   0   0   0  31  69   0   0   0   0   0   0   0   0     0    0    0   0.621     20  0.00
  241  241     0  31   6  13   0   0   0   0   0   0   0   0   0   0   0  19  25   6   0   0     0    0    0   1.630     54  0.00
  242  242     0   0   0   0  13   0   0  69  19   0   0   0   0   0   0   0   0   0   0   0     0    0    0   0.831     27  0.00
  243  243     0   0   0   0   0   0   0 100   0   0   0   0   0   0   0   0   0   0   0   0     0    0    0   0.000      0  0.00
  244  244     0   0   0   0  63   0  38   0   0   0   0   0   0   0   0   0   0   0   0   0     0    0    0   0.662     22  0.00
  245  245     0   8   8   0   0   0   0   8   0   0   8   0   8   0  17   0  17   0  25   0     0    0    0   1.979     66  0.00
  246  246     0   8   0   8   0   0   0   0   0  83   0   0   0   0   0   0   0   0   0   0     0    0    0   0.566     18  0.00
  247  247    10   0   0   0   0   0   0   0   0   0   0   0   0   0   0  20   0  70   0   0     0    0    0   0.802     26  0.00
  248  248     0   0   0   0   0   0   0   0   0   0   0   0   0   0   0   0   0 100   0   0     0    0    0   0.000      0  0.00
//
