ID Pseudo hssp file.
SEQ 
SEQ gi|119123|sp|P23827|ECOT_ECOLI ECOTIN PRECURSOR >gi|95787|pir||A...   281  3e-75
SEQ gi|453992|gb|AAA16410.1| (U00008) ecotin (protease inhibitor) [E...   281  3e-75
SEQ gi|1942365|pdb|1ECY|    Protease Inhibitor Ecotin >gi|1942366|pd...   281  3e-75
SEQ gi|1633120|pdb|1SLX|A Chain A, Rat Anionic N143h, E151h Trypsin ...   279  1e-74
SEQ gi|12516544|gb|AAG57344.1|AE005453_1 (AE005453) ecotin, a serine...   278  3e-74
SEQ gi|9256997|pdb|1EZU|A Chain A, Ecotin Y69f, D70p Bound To D102n ...   277  5e-74
SEQ gi|14488794|pdb|1IFG|A Chain A, Crystal Structure Of A Monomeric...   267  4e-71
SEQ gi|9256993|pdb|1EZS|A Chain A, Crystal Structure Of Ecotin Mutan...   265  2e-70
SEQ gi|10835841|pdb|1FI8|C Chain C, Rat Granzyme B [n66q] Complexed ...   160  8e-39
SEQ gi|13431479|sp|Q9I088|ECOT_PSEAE ECOTIN PRECURSOR >gi|11348473|p...   158  2e-38
SEQ gi|10835842|pdb|1FI8|D Chain D, Rat Granzyme B [n66q] Complexed ...   118  3e-26
SEQ gi|9558314|emb|CAC00440.1| (AL160371) possible ecotin precursor ...    86  2e-16
SEQ gi|9558305|emb|CAC00431.1| (AL160371) possible ecotin precursor ...    75  4e-13
SEQ gi|9558111|emb|CAC00237.1| (AL160371) possible ecotin precursor ...    45  6e-04
SEQ 
## SEQUENCE PROFILE AND ENTROPY
 SeqNo PDBNo   V   L   I   M   F   W   Y   G   A   P   S   T   C   H   R   K   Q   E   N   D  NOCC NDEL NINS ENTROPY RELENT WEIGHT
    1    1     0   0   0   0   0   0   0   0 100   0   0   0   0   0   0   0   0   0   0   0     0    0    0   0.000      0  0.00
    2    2     0   0   0   0   0   0   0   0   0   0   0   0   0   0   0   0   0 100   0   0     0    0    0   0.000      0  0.00
    3    3     0   0   0   0   0   0   0   0   0   0 100   0   0   0   0   0   0   0   0   0     0    0    0   0.000      0  0.00
    4    4   100   0   0   0   0   0   0   0   0   0   0   0   0   0   0   0   0   0   0   0     0    0    0   0.000      0  0.00
    5    5     0   0   0   0   0   0   0   0   0   0   0   0   0   0   0   0 100   0   0   0     0    0    0   0.000      0  0.00
    6    6     0   0   0   0   0   0   0   0   0 100   0   0   0   0   0   0   0   0   0   0     0    0    0   0.000      0  0.00
    7    7     0 100   0   0   0   0   0   0   0   0   0   0   0   0   0   0   0   0   0   0     0    0    0   0.000      0  0.00
    8    8     0   0   0   0   0   0   0   0   0   0   0   0   0   0   0   0   0  91   0   9     0    0    0   0.305     10  0.00
    9    9     0   0   0   0   0   0   0   0   0   0   0   0   0   0   0  91   0   9   0   0     0    0    0   0.305     10  0.00
   10   10     0   0  91   0   0   0   0   0   0   0   0   0   0   0   0   9   0   0   0   0     0    0    0   0.305     10  0.00
   11   11     8   0   0   0   0   0   0   0  92   0   0   0   0   0   0   0   0   0   0   0     0    0    0   0.271      9  0.00
   12   12     0   0   0   0   0   0   0   0   0 100   0   0   0   0   0   0   0   0   0   0     0    0    0   0.000      0  0.00
   13   13     0   0   0   0   0   0 100   0   0   0   0   0   0   0   0   0   0   0   0   0     0    0    0   0.000      0  0.00
   14   14     0   0   0   0   0   0   0   0   0 100   0   0   0   0   0   0   0   0   0   0     0    0    0   0.000      0  0.00
   15   15     0   0   0   0   0   0   0   0   7   0   0   0   0   0   0   7  71  14   0   0     0    0    0   0.895     29  0.00
   16   16     0   0   0   0   0   0   0   0  93   7   0   0   0   0   0   0   0   0   0   0     0    0    0   0.257      8  0.00
   17   17     0   0   0   0   0   0   0   0   7   0   0   7   0   0   0   0   0  79   0   7     0    0    0   0.755     25  0.00
   18   18     0   0   0   0   0   0   0   0  15   0   8   0   0   0   0  77   0   0   0   0     0    0    0   0.687     22  0.00
   19   19     0   0   0   0   0   0   0  93   0   0   0   0   0   0   0   0   7   0   0   0     0    0    0   0.257      8  0.00
   20   20     0   0   0  71   7   0   0   0   0   0   0   0   0   0   0   0  14   7   0   0     0    0    0   0.895     29  0.00
   21   21     7   0   0   0   0   0   0   0   0   0   0   7   0   0   7  79   0   0   0   0     0    0    0   0.755     25  0.00
   22   22     0   0   0   0   0   0   0   0   0   0   0   0   0   0 100   0   0   0   0   0     0    0    0   0.000      0  0.00
   23   23     0   0   8   0   0   0   8   0   0   0   0   0   0   0   0   0  85   0   0   0     0    0    0   0.536     17  0.00
   24   24    93   0   7   0   0   0   0   0   0   0   0   0   0   0   0   0   0   0   0   0     0    0    0   0.257      8  0.00
   25   25     0   0  92   0   8   0   0   0   0   0   0   0   0   0   0   0   0   0   0   0     0    0    0   0.271      9  0.00
   26   26     0   0   0   0   0   0   8   0   8   0   0   0   0   8   0   0  77   0   0   0     0    0    0   0.794     26  0.00
   27   27     0 100   0   0   0   0   0   0   0   0   0   0   0   0   0   0   0   0   0   0     0    0    0   0.000      0  0.00
   28   28     0   0   0   0   0   0   0   0   0   8   0  77   0   0   0   0   0   0   0  15     0    0    0   0.687     22  0.00
   29   29     0   0   0   0   0   0   0   0   0  93   0   0   0   0   0   7   0   0   0   0     0    0    0   0.257      8  0.00
   30   30     0   0   0   0   0   0   0   0   0   0   0   7   0   0   0  14  79   0   0   0     0    0    0   0.656     21  0.00
   31   31     7   0   0   0   0   0   0  14   0   0   0   0   0   0   0   0   0  71   0   7     0    0    0   0.895     29  0.00
   32   32     0   0   0   0   0   0   0   0   7   0   0   0   0   0   0   0   0   7   0  86     0    0    0   0.509     16  0.00
   33   33     0   0   0   0   0   0   0   0   0   0   7   0   0   0   0   0   7  86   0   0     0    0    0   0.509     16  0.00
   34   34     0   0   0   0   0   0   0   0   0   0  71   0   0   0   0   7   7   7   0   7     0    0    0   0.994     33  0.00
   35   35     0   0   0   0   0   0   0   0   7   0   0  71   0   7   0   0   7   7   0   0     0    0    0   0.994     33  0.00
   36   36     0  85   0   0   8   0   0   0   0   0   0   0   8   0   0   0   0   0   0   0     0    0    0   0.536     17  0.00
   37   37     0   0   0   7   0   0   0   0   0   0   0   0   0   0   7  86   0   0   0   0     0    0    0   0.509     16  0.00
   38   38    93   7   0   0   0   0   0   0   0   0   0   0   0   0   0   0   0   0   0   0     0    0    0   0.257      8  0.00
   39   39     0   0   0   0   0   0   0   0   0   0   0   0   0   0   0   0  14  86   0   0     0    0    0   0.410     13  0.00
   40   40     0  86  14   0   0   0   0   0   0   0   0   0   0   0   0   0   0   0   0   0     0    0    0   0.410     13  0.00
   41   41     0  71  29   0   0   0   0   0   0   0   0   0   0   0   0   0   0   0   0   0     0    0    0   0.598     19  0.00
   42   42     0   0  71   0   0   0   0   0   7  21   0   0   0   0   0   0   0   0   0   0     0    0    0   0.759     25  0.00
   43   43     0   0   0   0   0   0   0 100   0   0   0   0   0   0   0   0   0   0   0   0     0    0    0   0.000      0  0.00
   44   44     0   0   0   0   0   0   0   0   0   0   0   0   0   0  21   7  71   0   0   0     0    0    0   0.759     25  0.00
   45   45    14   0   0   0   0   0   0   0   0   0   0  79   0   7   0   0   0   0   0   0     0    0    0   0.656     21  0.00
   46   46     0  86   0   0   0   0   0   0   0   0   0   0   0   0   0   0   0  14   0   0     0    0    0   0.410     13  0.00
   47   47     0   0   0   0   0   0   0   0   0   0   0   0   0   0   0   7   0  86   7   0     0    0    0   0.509     16  0.00
   48   48    79   0   0   7   0   0   0   0   7   0   0   0   7   0   0   0   0   0   0   0     0    0    0   0.755     25  0.00
   49   49     0   0   0   0   0   0   0   0   0   0   7   0   0   0   0   0   0   0   0  93     0    0    0   0.257      8  0.00
   50   50     0   0   0   0   0   0   0   7   7   0   0   7  79   0   0   0   0   0   0   0     0    0    0   0.755     25  0.00
   51   51     0   0   0   0   0   0   0   0   0   0   0   0   0   0   7   0   0   0  93   0     0    0    0   0.257      8  0.00
   52   52     7  79   0   0   0   0   0   0   0   0   0   0   0   7   0   0   7   0   0   0     0    0    0   0.755     25  0.00
   53   53     0   0   0   0   0   0  14   0   0   0   0   0   0  71   0   0  14   0   0   0     0    0    0   0.796     26  0.00
   54   54     0   0   0   0   0   0   0   0   0   0   0   7   0   0  86   7   0   0   0   0     0    0    0   0.509     16  0.00
   55   55     0  93   0   7   0   0   0   0   0   0   0   0   0   0   0   0   0   0   0   0     0    0    0   0.257      8  0.00
   56   56     0   0   0   0   0   0   0  93   0   0   0   7   0   0   0   0   0   0   0   0     0    0    0   0.257      8  0.00
   57   57     0   0   0   0   0   0   0 100   0   0   0   0   0   0   0   0   0   0   0   0     0    0    0   0.000      0  0.00
   58   58     0   0   0   0   0   0   0   0   0   0  14   0   0   0   0  71   0   7   7   0     0    0    0   0.895     29  0.00
   59   59     7  79  14   0   0   0   0   0   0   0   0   0   0   0   0   0   0   0   0   0     0    0    0   0.656     21  0.00
   60   60     0   0   0   0   0   0   0   0   0   0   0   7   0   0   0   0   0  93   0   0     0    0    0   0.257      8  0.00
   61   61     0   0   0   0   0   0   0   0   0   0   7   0   0   0   0   0   7  21  64   0     0    0    0   0.991     33  0.00
   62   62     0   0   0   0   0   0   0   0   0   0   0   0   0  15   8  77   0   0   0   0     0    0    0   0.687     22  0.00
   63   63     0   0   0   0   0   0   0   0   0   0   0 100   0   0   0   0   0   0   0   0     0    0    0   0.000      0  0.00
   64   64     7  86   7   0   0   0   0   0   0   0   0   0   0   0   0   0   0   0   0   0     0    0    0   0.509     16  0.00
   65   65     0   0   0   0   0   0   0   0   0   0   0   0   0   0   0   0   0  92   0   8     0    0    0   0.271      9  0.00
   66   66     0   0   0   0   0   0   0 100   0   0   0   0   0   0   0   0   0   0   0   0     0    0    0   0.000      0  0.00
   67   67     0   0   0   0   7  86   0   0   7   0   0   0   0   0   0   0   0   0   0   0     0    0    0   0.509     16  0.00
   68   68     0   0   0   0   0   0   0  93   7   0   0   0   0   0   0   0   0   0   0   0     0    0    0   0.257      8  0.00
   69   69     0   0   0   0   7   0  79   0  14   0   0   0   0   0   0   0   0   0   0   0     0    0    0   0.656     21  0.00
   70   70     0   0   0   0   0   0   0   0   7  14  14   0   0   0   0   7   0   0   0  57     0    0    0   1.253     41  0.00
   71   71     0   0   0   0   7   0  93   0   0   0   0   0   0   0   0   0   0   0   0   0     0    0    0   0.257      8  0.00
   72   72     0   0   0   0   7   0  93   0   0   0   0   0   0   0   0   0   0   0   0   0     0    0    0   0.257      8  0.00
   73   73    79   0   7   0   0   0   0   0   0   0   0   0   0   7   7   0   0   0   0   0     0    0    0   0.755     25  0.00
   74   74    21   7   0   0  71   0   0   0   0   0   0   0   0   0   0   0   0   0   0   0     0    0    0   0.759     25  0.00
   75   75     0   0   0   0   0   0   0   0   0   0   0   8   0   0   0   8   0   0   0  85     0    0    0   0.536     17  0.00
   76   76     0  14   0   0   0   0   0   0   0   0   0   7   0   0   0  79   0   0   0   0     0    0    0   0.656     21  0.00
   77   77    79   7   0   0   0   0   0   0   7   0   0   7   0   0   0   0   0   0   0   0     0    0    0   0.755     25  0.00
   78   78     0   0   0   0   0   0   0   7   0   0  79   7   0   0   0   7   0   0   0   0     0    0    0   0.755     25  0.00
   79   79     0   0   0   7   0   0   0   7   0   0  71   0   0   0   0   0   7   0   0   7     0    0    0   0.994     33  0.00
   80   80     0   0   7   0   0   0   0   0   7  79   7   0   0   0   0   0   0   0   0   0     0    0    0   0.755     25  0.00
   81   81    71   0   7   7   0   0   7   7   0   0   0   0   0   0   0   0   0   0   0   0     0    0    0   0.994     33  0.00
   82   82     0   0   0   0   0   0   0   0   8   0  85   8   0   0   0   0   0   0   0   0     0    0    0   0.536     17  0.00
   83   83     0   8   0   0   0   0   0   0   8   0   0  85   0   0   0   0   0   0   0   0     0    0    0   0.536     17  0.00
   84   84     0   8   0  77   0   0   0   0   0   0   0   0   0   8   8   0   0   0   0   0     0    0    0   0.794     26  0.00
   85   85     0   0   0  93   0   0   0   0   0   0   0   0   0   0   7   0   0   0   0   0     0    0    0   0.257      8  0.00
   86   86     0   0   0   0   0   0   0   0  79   7   7   0   0   7   0   0   0   0   0   0     0    0    0   0.755     25  0.00
   87   87     0   7   0   0   0   0   0   0   0   0   7   0  79   0   0   0   0   7   0   0     0    0    0   0.755     25  0.00
   88   88     0   0   0   0   0   0   0   7   0  79   7   0   0   0   0   0   0   0   0   7     0    0    0   0.755     25  0.00
   89   89     0   0   0   0   0   0   0   7   0   0   0   0   0   7   0   0   0   0   0  86     0    0    0   0.509     16  0.00
   90   90     0   0   0   0   0   0   0  79   7   7   0   0   0   0   0   0   7   0   0   0     0    0    0   0.755     25  0.00
   91   91     0   0   0   0   0   0   0   0  14   0   0   0   0   0   0  79   0   7   0   0     0    0    0   0.656     21  0.00
   92   92     0   0   0   0   0   0   0   0   0   0   0   0   0   0   7  93   0   0   0   0     0    0    0   0.257      8  0.00
   93   93     7   0   0   0   0   0   0   0   7   0   0   0   0   0   7   0   0  79   0   0     0    0    0   0.755     25  0.00
   94   94     0   0   0   0   0   0   0   0   0   7   0   7   0   0   7  71   7   0   0   0     0    0    0   0.994     33  0.00
   95   95     0   0   0   0   0   0   0   0   0   0   0   7   0   0  14  79   0   0   0   0     0    0    0   0.656     21  0.00
   96   96     0   0   0   0 100   0   0   0   0   0   0   0   0   0   0   0   0   0   0   0     0    0    0   0.000      0  0.00
   97   97    93   0   7   0   0   0   0   0   0   0   0   0   0   0   0   0   0   0   0   0     0    0    0   0.257      8  0.00
   98   98     0   0   0   0   0   0   0   0  21   7   0  71   0   0   0   0   0   0   0   0     0    0    0   0.759     25  0.00
   99   99     9   0   0   0   0   0   0   0  91   0   0   0   0   0   0   0   0   0   0   0     0    0    0   0.305     10  0.00
  100  100     0   0   0   0   0   0 100   0   0   0   0   0   0   0   0   0   0   0   0   0     0    0    0   0.000      0  0.00
  101  101     7  79   0  14   0   0   0   0   0   0   0   0   0   0   0   0   0   0   0   0     0    0    0   0.656     21  0.00
  102  102     0   0   0   0   0   0   0  79   0   0   7   0   0   0   0   0   0   0   7   7     0    0    0   0.755     25  0.00
  103  103     0   0   0   0   0   0   0   0   0   0   0   8   0   0   0   0   0   8   8  77     0    0    0   0.794     26  0.00
  104  104     0   0   0   0   0   0   0   8  77   0   8   8   0   0   0   0   0   0   0   0     0    0    0   0.794     26  0.00
  105  105     0   0   0   0   7   0   0  71   0  14   0   0   0   0   0   0   0   0   7   0     0    0    0   0.895     29  0.00
  106  106     7  14   0  79   0   0   0   0   0   0   0   0   0   0   0   0   0   0   0   0     0    0    0   0.656     21  0.00
  107  107     0  79   7   0   7   0   7   0   0   0   0   0   0   0   0   0   0   0   0   0     0    0    0   0.755     25  0.00
  108  108     0   0   0   0   0   0   0   0   7   7   0   0   7   0  79   0   0   0   0   0     0    0    0   0.755     25  0.00
  109  109     0   0   0   0   0   0 100   0   0   0   0   0   0   0   0   0   0   0   0   0     0    0    0   0.000      0  0.00
  110  110     0   0   0   0   0   0   0   0   0   0   0   0   0   0   7   0   0   0  93   0     0    0    0   0.257      8  0.00
  111  111     0   0   0   0   0   0   0   0   0   0 100   0   0   0   0   0   0   0   0   0     0    0    0   0.000      0  0.00
  112  112     0   0   0   0   0   0   0   0   0   0   0   0   0   0  15  85   0   0   0   0     0    0    0   0.429     14  0.00
  113  113     0  93   0   0   0   0   7   0   0   0   0   0   0   0   0   0   0   0   0   0     0    0    0   0.257      8  0.00
  114  114     0   0   0   0   0   0   0   0   0 100   0   0   0   0   0   0   0   0   0   0     0    0    0   0.000      0  0.00
  115  115     8   0  92   0   0   0   0   0   0   0   0   0   0   0   0   0   0   0   0   0     0    0    0   0.271      9  0.00
  116  116   100   0   0   0   0   0   0   0   0   0   0   0   0   0   0   0   0   0   0   0     0    0    0   0.000      0  0.00
  117  117   100   0   0   0   0   0   0   0   0   0   0   0   0   0   0   0   0   0   0   0     0    0    0   0.000      0  0.00
  118  118     0   0   0   0   0   0 100   0   0   0   0   0   0   0   0   0   0   0   0   0     0    0    0   0.000      0  0.00
  119  119     0   8   0   8   0   0   0   0   8   0   0  77   0   0   0   0   0   0   0   0     0    0    0   0.794     26  0.00
  120  120     0   0   0   0   0   0   0   0   0 100   0   0   0   0   0   0   0   0   0   0     0    0    0   0.000      0  0.00
  121  121     0   0   0   0   0   0   0   0   0   0   0   0   0   0   0  23   0   0   0  77     0    0    0   0.540     18  0.00
  122  122     0   0   0   0   0   0   0   0   0   0   0   0   0   0   0   0   0   0  77  23     0    0    0   0.540     18  0.00
  123  123    85   0   0   0   0   0   0   8   8   0   0   0   0   0   0   0   0   0   0   0     0    0    0   0.536     17  0.00
  124  124     0   0   0   0   0   0   0   0   0   0   0   0   0   0   0   0   0  23   0  77     0    0    0   0.540     18  0.00
  125  125    85  15   0   0   0   0   0   0   0   0   0   0   0   0   0   0   0   0   0   0     0    0    0   0.429     14  0.00
  126  126     0   0   0   0   0   0   0   0   0   0   0   0   0   0  23  77   0   0   0   0     0    0    0   0.540     18  0.00
  127  127     0   0   0   0   0   0 100   0   0   0   0   0   0   0   0   0   0   0   0   0     0    0    0   0.000      0  0.00
  128  128     0   0   0   0   0   0   0   8   0   0   0   0   0   0  92   0   0   0   0   0     0    0    0   0.271      9  0.00
  129  129    77   0  23   0   0   0   0   0   0   0   0   0   0   0   0   0   0   0   0   0     0    0    0   0.540     18  0.00
  130  130     0   0   0   0   0 100   0   0   0   0   0   0   0   0   0   0   0   0   0   0     0    0    0   0.000      0  0.00
  131  131     0   0   0   0   0   0   0   0   0   0   8   0   8   0   0  83   0   0   0   0     0    0    0   0.566     18  0.00
  132  132     0   0   0   0   0   0   0   8  92   0   0   0   0   0   0   0   0   0   0   0     0    0    0   0.287      9  0.00
  133  133     0   0   0   0   0   0   0   8   0   0   8   0   0   0   0   0   0  83   0   0     0    0    0   0.566     18  0.00
  134  134     0   0   0   0   0   0   0   0   0   0   0   0   0   0   0   0   8  92   0   0     0    0    0   0.287      9  0.00
  135  135     0   0   0   0   0   0   0   0   0   0   0   0   0   0   0  92   8   0   0   0     0    0    0   0.287      9  0.00
  136  136     8   0  83   8   0   0   0   0   0   0   0   0   0   0   0   0   0   0   0   0     0    0    0   0.566     18  0.00
  137  137     0   0   0   0   0   0   0   0   0   0   0   0   0   0   0   0   8   8   0  83     0    0    0   0.566     18  0.00
  138  138     0   0   0   0   0   0   0   0   8   0   0   0   0   0   0   8   0   0  83   0     0    0    0   0.566     18  0.00
  139  139     0   0   0   0   0   0   0   0 100   0   0   0   0   0   0   0   0   0   0   0     0    0    0   0.000      0  0.00
  140  140   100   0   0   0   0   0   0   0   0   0   0   0   0   0   0   0   0   0   0   0     0    0    0   0.000      0  0.00
  141  141   100   0   0   0   0   0   0   0   0   0   0   0   0   0   0   0   0   0   0   0     0    0    0   0.000      0  0.00
  142  142     0   0   0   0   0   0   0   0   0   0   0   0   0   0 100   0   0   0   0   0     0    0    0   0.000      0  0.00
//
