ID Pseudo hssp file.
SEQ 
SEQ gi|729371|sp|P21892|DSBC_ECOLI THIOL:DISULFIDE INTERCHANGE PROTE...   424  e-118
SEQ gi|9954903|pdb|1EEJ|A Chain A, Crystal Structure Of The Protein ...   424  e-118
SEQ gi|12517419|gb|AAG58021.1|AE005519_7 (AE005519) protein disulfid...   422  e-117
SEQ gi|96548|pir||B39202 protein disulfide-isomerase (EC 5.3.4.1) ds...   416  e-115
SEQ gi|729372|sp|P39691|DSBC_ERWCH THIOL:DISULFIDE INTERCHANGE PROTE...   304  6e-82
SEQ gi|2501213|sp|P55890|DSBC_SALTY THIOL:DISULFIDE INTERCHANGE PROT...   258  3e-68
SEQ gi|5712696|gb|AAD47610.1|AF146614_1 (AF146614) DsbC precursor [P...   250  1e-65
SEQ gi|1169427|sp|P45111|DSBC_HAEIN THIOL:DISULFIDE INTERCHANGE PROT...   193  2e-48
SEQ gi|11270634|pir||H82079 protein disulfide-isomerase (EC 5.3.4.1)...   169  2e-41
SEQ gi|12720412|gb|AAK02275.1| (AE006053) DsbC [Pasteurella multocida]    167  9e-41
SEQ gi|11352630|pir||E83177 thiol:disulfide interchange protein DsbC...   157  1e-37
SEQ gi|11362622|pir||G82681 protein disulfide-isomerase (EC 5.3.4.1)...   144  7e-34
SEQ gi|10957320|ref|NP_058344.1| thiol:disulphide interchange protei...   131  6e-30
SEQ gi|2952289|gb|AAC05490.1| (AF047411) chitinase [Stenotrophomonas...    96  5e-19
SEQ gi|11354170|pir||E81185 thiol-disulfide interchange protein dsbC...    78  1e-13
SEQ gi|10956944|ref|NP_049164.1| protein disulfide-isomerase [Sphing...    56  3e-07
SEQ gi|11352631|pir||D83336 thiol:disulfide interchange protein DsbG...    46  3e-04
SEQ 
## SEQUENCE PROFILE AND ENTROPY
 SeqNo PDBNo   V   L   I   M   F   W   Y   G   A   P   S   T   C   H   R   K   Q   E   N   D  NOCC NDEL NINS ENTROPY RELENT WEIGHT
    1    1     0   0   0   0   0   0   0   0   0   0   0   0   0   0   0   0   0   0   0 100     0    0    0   0.000      0  0.00
    2    2     0   0   0   0   0   0   0   0   0   0   0   0   0   0   0   0   0   0   0 100     0    0    0   0.000      0  0.00
    3    3     0   0   0   0   0   0   0   0  92   0   0   0   0   0   0   0   8   0   0   0     0    0    0   0.271      9  0.00
    4    4     0   0   0   0   0   0   0   0  77   0   0   0   0   0   8   0   0   8   8   0     0    0    0   0.794     26  0.00
    5    5     7  21  71   0   0   0   0   0   0   0   0   0   0   0   0   0   0   0   0   0     0    0    0   0.759     25  0.00
    6    6     7   0   0   0   0   0   0   0   0   0   0   0   0   0  13  27  40  13   0   0     0    0    0   1.437     47  0.00
    7    7     0   0   0   0   0   0   0   0   0   0   0   0   0   0  13  20  60   7   0   0     0    0    0   1.078     35  0.00
    8    8     7   0   0   0   0   0   0   0   0   0   7  64   0   0   7   7   7   0   0   0     0    0    0   1.227     40  0.00
    9    9     0  80   0   0   7   0   7   0   0   0   0   7   0   0   0   0   0   0   0   0     0    0    0   0.720     24  0.00
   10   10     0   0   0   0   0   0   0   0  53   0   7   0   0   7   7   0  20   0   7   0     0    0    0   1.379     46  0.00
   11   11     0   0   0   0   0   0   0   0  27   0   7   0   0   0   7  53   0   7   0   0     0    0    0   1.229     41  0.00
   12   12     7  33   0  40   7   0   0   0   0   0   7   0   0   0   0   0   7   0   0   0     0    0    0   1.455     48  0.00
   13   13     0   0   0   0   0   0   0  73   0   0   0   0   0   0   0   0   0   0  13  13     0    0    0   0.765     25  0.00
   14   14     7  40  40   0   0   0   7   0   0   0   0   7   0   0   0   0   0   0   0   0     0    0    0   1.275     42  0.00
   15   15     0   7   0   0   0   0   0   0   7   7  20   0   0   0   0  40  20   0   0   0     0    0    0   1.552     51  0.00
   16   16    13   0  13   0   0   0   0   7   0   0  47   0   0   0   7   0   0   0   7   7     0    0    0   1.615     53  0.00
   17   17     7   7   7   0   0   0   0   7   7   7  33   7   0   0   0   0   0  13   0   7     0    0    0   2.079     69  0.00
   18   18     7   0   0   0   0   0   0   7   0   0  13   0   0   7   0   0   0  27   0  40     0    0    0   1.529     51  0.00
   19   19    21   0  71   0   7   0   0   0   0   0   0   0   0   0   0   0   0   0   0   0     0    0    0   0.759     25  0.00
   20   20     0   0   0   0   0   0   0   0   7   0  13   0   0   0   0  27  40   7   0   7     0    0    0   1.529     51  0.00
   21   21     0   0   0   0   0   0   0   0   6  56  13   6   0   0   0   0   0   6   0  13     0    0    0   1.363     45  0.00
   22   22     0   0   0   0   0   0   0   0  44   0  44   6   0   0   0   0   0   0   0   6     0    0    0   1.070     35  0.00
   23   23     0   0   0   0   6   0   0   6   6  75   0   0   0   0   0   0   0   0   0   6     0    0    0   0.909     30  0.00
   24   24    56  13  19   0   6   0   0   0   6   0   0   0   0   0   0   0   0   0   0   0     0    0    0   1.244     41  0.00
   25   25     0   0   0   0   0   0   0   6  38   6   6   0   0   0   6  19   6   0   6   6     0    0    0   1.895     63  0.00
   26   26     0   0   0   0   0   0   0  94   0   0   0   0   0   0   0   0   0   0   0   6     0    0    0   0.234      7  0.00
   27   27     0  13  25  50   6   0   6   0   0   0   0   0   0   0   0   0   0   0   0   0     0    0    0   1.300     43  0.00
   28   28     0   6   0   0   0   0  13   0   6   0   0   0   0   0   6  63   0   6   0   0     0    0    0   1.247     41  0.00
   29   29     6   0   0   0   0   0   0   0   6   0   0  69   0   0   0   0   6  13   0   0     0    0    0   1.037     34  0.00
   30   30    81   0   0   0   0   0   0   0  13   0   0   0   0   0   0   0   0   6   0   0     0    0    0   0.602     20  0.00
   31   31    25  44  13   0   0   0   6   0   0   0   0   0   0   0   0   0  13   0   0   0     0    0    0   1.401     46  0.00
   32   32     6   6   0   0   0   0   0   0   0   0  13  69   0   0   0   0   6   0   0   0     0    0    0   1.037     34  0.00
   33   33     0   0   0   0   0   0   0   6   0   0  13   0   0   6   6   6   0   6  38  19     0    0    0   1.808     60  0.00
   34   34     0   0   0   0   0   0   0  19   0   0  44   0   0   0   6   0  13   6  13   0     0    0    0   1.542     51  0.00
   35   35     0   0   0   0   0   0   0  88   0   0   0   0   0   0   0   0  13   0   0   0     0    0    0   0.377     12  0.00
   36   36    69   0  25   6   0   0   0   0   0   0   0   0   0   0   0   0   0   0   0   0     0    0    0   0.777     25  0.00
   37   37     0  81   6   0   6   0   0   0   0   0   6   0   0   0   0   0   0   0   0   0     0    0    0   0.689     22  0.00
   38   38     0   0   0   0   6   0  94   0   0   0   0   0   0   0   0   0   0   0   0   0     0    0    0   0.234      7  0.00
   39   39    25   6  50   0   0   0   0   0   6   0   6   6   0   0   0   0   0   0   0   0     0    0    0   1.386     46  0.00
   40   40     0   0   0   0   0   0   0   0   0   0  38  56   0   0   0   0   0   0   0   6     0    0    0   0.865     28  0.00
   41   41     0   0   0   0   0   0   0   0  13  13   0   0   0   0   0   6   0  25   0  44     0    0    0   1.401     46  0.00
   42   42     0   0   0   0   0   0   0   0   0   0   0   0   0   0   0   0   0   6   6  88     0    0    0   0.463     15  0.00
   43   43     0   0   0   0   0   0   0  94   6   0   0   0   0   0   0   0   0   0   0   0     0    0    0   0.234      7  0.00
   44   44     0   0   0   0   0   0   0   6   0   0   0   0   0   0   6  63  13   6   0   6     0    0    0   1.247     41  0.00
   45   45     0   0   0   0   6   0  31   0   6   0   0   0   0  56   0   0   0   0   0   0     0    0    0   1.034     34  0.00
   46   46    13  19  50   6  13   0   0   0   0   0   0   0   0   0   0   0   0   0   0   0     0    0    0   1.354     45  0.00
   47   47     0  19  50   6  19   0   0   0   6   0   0   0   0   0   0   0   0   0   0   0     0    0    0   1.321     44  0.00
   48   48     6   0   0   0   0   0   0   0  13   0   0  13   0   0   0   0  56   6   0   6     0    0    0   1.363     45  0.00
   49   49     0   0   0   0   0   0   0  88   6   0   0   0   0   0   6   0   0   0   0   0     0    0    0   0.463     15  0.00
   50   50     0   0   0   0   0   0   6   0   0  50   6   6   0   6   0  13   6   6   0   0     0    0    0   1.646     54  0.00
   51   51     0  50   0  38   0   0   0   0   6   6   0   0   0   0   0   0   0   0   0   0     0    0    0   1.061     35  0.00
   52   52     0   6   6   0  13   0  75   0   0   0   0   0   0   0   0   0   0   0   0   0     0    0    0   0.822     27  0.00
   53   53     0   0   0   0   0   0   0   0  13   0   0   0   0   6   6   0   6   6   6  56     0    0    0   1.450     48  0.00
   54   54    56  19  13   0   0   0   0   0   6   0   0   0   0   0   6   0   0   0   0   0     0    0    0   1.244     41  0.00
   55   55     0   0   0   0   0   0   0   0   0   0  50   6   0   0   0   6  13   6   6  13     0    0    0   1.560     52  0.00
   56   56     0   0   0   0   0   0   0  71   0   0   0   0   0   0   7   0   0   7   7   7     0    0    0   0.994     33  0.00
   57   57     0   0   0   0   0   0   0   7   7   0   0  40   0   0   0  27   0   0  20   0     0    0    0   1.402     46  0.00
   58   58     0   0   0   7   0   0   0  21  36   0   0   7   0   7   0  14   0   0   0   7     0    0    0   1.730     57  0.00
   59   59     7   7   0   0   0   0   0   7   0  71   0   0   0   0   0   7   0   0   0   0     0    0    0   0.994     33  0.00
   60   60    79   0   0   0   7   0   0   0   0   0   0   0   0   0   7   0   0   7   0   0     0    0    0   0.755     25  0.00
   61   61     0   0   0   0   0   0   0   0   7   0   0   0   0   0   0   0   0   0  67  27     0    0    0   0.803     26  0.00
   62   62    73  13   0   0   0   0   0   0   0   0   0  13   0   0   0   0   0   0   0   0     0    0    0   0.765     25  0.00
   63   63     0   6   0   0   0   0   0   0   6   0  19  69   0   0   0   0   0   0   0   0     0    0    0   0.918     30  0.00
   64   64     0   0   0   0   0   0   0   6   6   0   6   0   0   0  13   0   0  19  50   0     0    0    0   1.440     48  0.00
   65   65     0   0   0   0   0   0   0   6   0   0   6   0   0   6   0  69   6   6   0   0     0    0    0   1.124     37  0.00
   66   66     0  25  19  31   0   0   0   0  13   6   0   0   0   0   0   0   0   0   6   0     0    0    0   1.630     54  0.00
   67   67     0  81  13   0   0   0   0   0   0   0   0   0   0   0   0   0   0   0   6   0     0    0    0   0.602     20  0.00
   68   68     6  44   6   6   0   0   0   0  13   0   6   6   0   0   0   0   0   6   6   0     0    0    0   1.835     61  0.00
   69   69     0   0   0   0   0   0   6   6   0   0   6   0   0   0   6  50   0  13   0  13     0    0    0   1.560     52  0.00
   70   70     0   6   0   0   0   0   0   6   6   0   0   0   0   0  13  25  38   6   0   0     0    0    0   1.667     55  0.00
   71   71    13  63  13   0   0   0   0   0   0   0   0   0   0   0  13   0   0   0   0   0     0    0    0   1.074     35  0.00
   72   72     0   0   0   0   0   0   6   0  13   0   0  13   0   0   6   6   0   0  44  13     0    0    0   1.661     55  0.00
   73   73     0   0   0   0   0   0   0   6  81   0   6   0   0   0   0   0   6   0   0   0     0    0    0   0.689     22  0.00
   74   74     6  69   0   0   0   0  13   0   0   0   0   6   0   0   0   0   0   0   0   6     0    0    0   1.037     34  0.00
   75   75     0   6   0   0   0   0   0   0  13   0   0   0   0   0   0  25  19  38   0   0     0    0    0   1.461     48  0.00
   76   76     0   0   0   0   0   0   0   0   0   0  13   6   0   0   0  44   0   6  13  19     0    0    0   1.542     51  0.00
   77   77     0   0   0   0   0   0   0   0   0   0   6   0   0   0   0  13  19  63   0   0     0    0    0   1.041     34  0.00
   78   78     0   0   6  81   0   0   0   0   0   0   6   0   0   0   6   0   0   0   0   0     0    0    0   0.689     22  0.00
   79   79    13   0  81   0   0   0   0   0   0   0   0   0   0   0   0   0   0   0   0   6     0    0    0   0.602     20  0.00
   80   80    75   0   0   0   6   0   0   0   6   0   0   0   0   0   0   0   0  13   0   0     0    0    0   0.822     27  0.00
   81   81     0   0   0   0  13   0  75   0   6   0   0   0   0   0   0   0   0   0   0   6     0    0    0   0.822     27  0.00
   82   82     0   0   0   0   0   0   0   6   6  19   6   0   0   0   0  63   0   0   0   0     0    0    0   1.127     37  0.00
   83   83     0   6   0   0   0   0   0   0  75   6   6   0   0   0   6   0   0   0   0   0     0    0    0   0.909     30  0.00
   84   84     0   0   0   0   0   0   0   0  19  56   0   0   0   0   0  25   0   0   0   0     0    0    0   0.984     32  0.00
   85   85     0   6   0   0   0   0   0   0   0   0   0   0   0   0   0   0  50   0  25  19     0    0    0   1.180     39  0.00
   86   86     0   0   0   0   0   0   0   0  13   6   0   0   0   0   0   0   0  75   0   6     0    0    0   0.822     27  0.00
   87   87     0   0   0   0   0   0   0   0   0   6   0   0   0   0   0  88   6   0   0   0     0    0    0   0.463     15  0.00
   88   88     0   0   0   0   0   0  19   0  13   0   0   0   0  63   6   0   0   0   0   0     0    0    0   1.041     34  0.00
   89   89    69   0   6   0   0   0   0   0   6   0   0   6   0   6   6   0   0   0   0   0     0    0    0   1.124     37  0.00
   90   90    24   6  71   0   0   0   0   0   0   0   0   0   0   0   0   0   0   0   0   0     0    0    0   0.753     25  0.00
   91   91     0   0   0   0   0   0   6   0  12   0   6  76   0   0   0   0   0   0   0   0     0    0    0   0.790     26  0.00
   92   92    94   6   0   0   0   0   0   0   0   0   0   0   0   0   0   0   0   0   0   0     0    0    0   0.224      7  0.00
   93   93     0   0   0   0 100   0   0   0   0   0   0   0   0   0   0   0   0   0   0   0     0    0    0   0.000      0  0.00
   94   94     0   0   0  11   0   0   0   0   0   0  17  72   0   0   0   0   0   0   0   0     0    0    0   0.778     25  0.00
   95   95     0   0   0   0   0   0   6   0   0   0   6   0   0   0   0   0   0   0   0  89     0    0    0   0.426     14  0.00
   96   96     0   0  72   0   6   0   0   0   0  11   0  11   0   0   0   0   0   0   0   0     0    0    0   0.884     29  0.00
   97   97     0   0   0   0   0   0   0   0   0   0   6  67   0   0   6   0   0  11   6   6     0    0    0   1.157     38  0.00
   98   98     0   0   0   0   0   0   0   0   0   0   0   0 100   0   0   0   0   0   0   0     0    0    0   0.000      0  0.00
   99   99     0   0   0   0   0   0   0  72   0  17   0   0   0  11   0   0   0   0   0   0     0    0    0   0.778     25  0.00
  100  100     0   0   0   0  11   0  89   0   0   0   0   0   0   0   0   0   0   0   0   0     0    0    0   0.349     11  0.00
  101  101     0   0   0   0   0   0   0   0   0   0   0   0 100   0   0   0   0   0   0   0     0    0    0   0.000      0  0.00
  102  102     6   0   0   0   0   0   0   0   0   0   0   6   0  50  17  11  11   0   0   0     0    0    0   1.455     48  0.00
  103  103     6   6   0   6   0   0   0   0   6   0   0   0   0   0  11  67   0   0   0   0     0    0    0   1.157     38  0.00
  104  104     0  94   0   0   6   0   0   0   0   0   0   0   0   0   0   0   0   0   0   0     0    0    0   0.215      7  0.00
  105  105     0   0   0   0   0   6   0   0   0   0   6   0   0  83   0   0   0   6   0   0     0    0    0   0.634     21  0.00
  106  106     0   0   0   0   0   0   0   6   6   0  11   0   0   0   0   6  17  56   0   0     0    0    0   1.351     45  0.00
  107  107     6   0   0   0   0   0   0   0   0   0   0   0   0   0   0   6  61  17   0  11     0    0    0   1.165     38  0.00
  108  108     6  17  22  50   0   0   0   0   6   0   0   0   0   0   0   0   0   0   0   0     0    0    0   1.301     43  0.00
  109  109     0   0   0   0   0   0   0   0  39   6   0   6   0   0   6  33   6   6   0   0     0    0    0   1.536     51  0.00
  110  110     0   0   0   0   0   0   0   0   0   6   6   0   0   0   0   0   0  28   6  56     0    0    0   1.164     38  0.00
  111  111     0  18   0   6   0   6  71   0   0   0   0   0   0   0   0   0   0   0   0   0     0    0    0   0.885     29  0.00
  112  112     0   6   0   0   0   0   0   0   0   0   0   6   0   0   0   0   0   0  82   6     0    0    0   0.660     22  0.00
  113  113     0   0   0   0   0   0   0   0  56   0   0   0   0   0   6   6   0   6   0  25     0    0    0   1.190     39  0.00
  114  114     0  69   0   0   0   0   0   6   6   0   0   0   0   0   0   0  13   0   6   0     0    0    0   1.037     34  0.00
  115  115     0   0   0   0   0   0   0  94   0   0   0   0   0   0   0   6   0   0   0   0     0    0    0   0.234      7  0.00
  116  116    12   0  88   0   0   0   0   0   0   0   0   0   0   0   0   0   0   0   0   0     0    0    0   0.362     12  0.00
  117  117     0   0   0   0   0   0   0   0   6   0  12  71   0   0   0   0   6   6   0   0     0    0    0   0.998     33  0.00
  118  118    89   6   6   0   0   0   0   0   0   0   0   0   0   0   0   0   0   0   0   0     0    0    0   0.426     14  0.00
  119  119     0   0   0   0   0   0   6   0   0   0   0   0   0   0  78   6   0  11   0   0     0    0    0   0.761     25  0.00
  120  120     6   0   0   0   6   0  78   0   0   0   6   0   0   6   0   0   0   0   0   0     0    0    0   0.838     27  0.00
  121  121     0  78  11   6   6   0   0   0   0   0   0   0   0   0   0   0   0   0   0   0     0    0    0   0.761     25  0.00
  122  122     0   0   0  11   0   0   0   0  83   0   0   0   0   0   0   0   0   6   0   0     0    0    0   0.557     18  0.00
  123  123     6   0   0   6  67   0  11   0   0   0   6   0   0   0   6   0   0   0   0   0     0    0    0   1.157     38  0.00
  124  124     0   0   0   0   0   0   0   6   0  94   0   0   0   0   0   0   0   0   0   0     0    0    0   0.215      7  0.00
  125  125     0   0  17   0   0   0   0   0   0   0   0   0   0   0  83   0   0   0   0   0     0    0    0   0.451     15  0.00
  126  126     0   0   0  12   0   0   0   6  18   0   6   0   0   0   0   0  59   0   0   0     0    0    0   1.203     40  0.00
  127  127     6   0   0   0   0   0   0  94   0   0   0   0   0   0   0   0   0   0   0   0     0    0    0   0.224      7  0.00
  128  128     6  61   6  17   0   0   0   0   0  11   0   0   0   0   0   0   0   0   0   0     0    0    0   1.165     38  0.00
  129  129     0   0   0   0   0   0   0  17   0   0   0   0   0   6   6   6  17   6  17  28     0    0    0   1.894     63  0.00
  130  130     0   0   0   0   0   0   0   6   0   6  78   0   0   0   0   0   0   6   6   0     0    0    0   0.838     27  0.00
  131  131     6   0   0   0   0   0   0   0   6   6   0   0   0   0   0  12  29   0   0  41     0    0    0   1.477     49  0.00
  132  132    12   0   0   0   0   0   0   6  53   0   6  12   0   0   0   0   0   0   0  12     0    0    0   1.425     47  0.00
  133  133     0   0   0   0   0   0  11   0  39   0   0   0   0   0   6   0   0  39   0   6     0    0    0   1.300     43  0.00
  134  134     0   0   0   0   0   0   0   6   6   0   0   6   0   0  11  56   6   0   0  11     0    0    0   1.457     48  0.00
  135  135     0   6   0   0   0   0   0   0   0   0   0   0   0   0   0  11  17  33   6  28     0    0    0   1.586     52  0.00
  136  136     0   6   0  78   0   0   0   0  11   0   6   0   0   0   0   0   0   0   0   0     0    0    0   0.761     25  0.00
  137  137     6   0   6   0   0   0   0   0  17   0   0   0   0   0   0  33  22  11   6   0     0    0    0   1.725     57  0.00
  138  138     0   0   6   0   0   0   0   0  56   0  28   0   0   0   0   6   6   0   0   0     0    0    0   1.164     38  0.00
  139  139    22  11  67   0   0   0   0   0   0   0   0   0   0   0   0   0   0   0   0   0     0    0    0   0.849     28  0.00
  140  140     0   6   0   0  11  83   0   0   0   0   0   0   0   0   0   0   0   0   0   0     0    0    0   0.557     18  0.00
  141  141     0   0   0   0   0   0   0   0   6   0   0  11  83   0   0   0   0   0   0   0     0    0    0   0.557     18  0.00
  142  142    11   0   0   0   0   0   0   0  72   0  11   0   0   0   0   0   6   0   0   0     0    0    0   0.884     29  0.00
  143  143     0   0   0   0   0   0   0   0  28   6   0   0   0   0   6  50   6   0   6   0     0    0    0   1.345     44  0.00
  144  144     0   0   0   0   0   0   0   0   0   0   0   0   0   0   0   6   0   6   0  89     0    0    0   0.426     14  0.00
  145  145     0   0   0   0   0   0   0   0   0  33   0   0   0   0  33  33   0   0   0   0     0    0    0   1.099     36  0.00
  146  146     6   0   0   0   0   0   0   0   6   0   0   6   0   0  11  11  11   0  50   0     0    0    0   1.561     52  0.00
  147  147     0   0   0   0  11   0   0   0   6   0   0   0   0   0   0  67  11   0   0   6     0    0    0   1.080     36  0.00
  148  148     6   0   0   0   0   0   0   0  94   0   0   0   0   0   0   0   0   0   0   0     0    0    0   0.215      7  0.00
  149  149     6  33   0  11  44   6   0   0   0   0   0   0   0   0   0   0   0   0   0   0     0    0    0   1.292     43  0.00
  150  150     0   0   0   0   0   0   0   0   0   0   0  22   0   6   0   6   0   0   6  61     0    0    0   1.117     37  0.00
  151  151     0   0   0   0   0   0   0   0  22   0   6   0   0   6   0   0   0  17   6  44     0    0    0   1.475     49  0.00
  152  152    28   0   0   6   0   6   0   0  56   0   0   0   0   0   0   0   0   6   0   0     0    0    0   1.164     38  0.00
  153  153     0   0   6  61   0   0   6   0   0   0   0   0   0   0   0  17   6   6   0   0     0    0    0   1.242     41  0.00
  154  154     6   0   0   0   0   0   0   0  47   0   6   0   0   0   6  24   0   0  12   0     0    0    0   1.447     48  0.00
  155  155     0   0   0   0   0   0   0  88   0   6   0   0   0   0   0   0   0   0   6   0     0    0    0   0.444     14  0.00
  156  156     0   0   0   0   0   0   0   6   6   0   0   6   0   0   6  53   0   0  12  12     0    0    0   1.507     50  0.00
  157  157     0   6   0   0   0   0   6   0  12  18  35   0   0   0   0   6   6   6   0   6     0    0    0   1.925     64  0.00
  158  158    47   0  24   0   0   0   0   0   0  12   6  12   0   0   0   0   0   0   0   0     0    0    0   1.365     45  0.00
  159  159     0   0  12   0   0   0   0   6  29   6  12  12   0   0   0  18   6   0   0   0     0    0    0   1.921     64  0.00
  160  160     0   0   0   0   0   0   0   6   6  47   6  12   0   0   0   0   0  12   6   6     0    0    0   1.692     56  0.00
  161  161     6   6   0   0   0   0   0   0  53   0  12   6   0   0   0  12   0   6   0   0     0    0    0   1.507     50  0.00
  162  162     0   0   6   0   0   0   0   0  18   0  29  12   0   0   0  12   6   6  12   0     0    0    0   1.921     64  0.00
  163  163     6   0   0   0   0   0   0   0   0   0   0   6  82   0   0   0   0   0   0   6     0    0    0   0.660     22  0.00
  164  164     0   6   0   0   0   0   0   0   6   6   0   6   0   0   6  18   6   0   6  41     0    0    0   1.838     61  0.00
  165  165    29   0   0   0   0   0   0   0   0   0   0  18   0   0   0  12   0   0  35   6     0    0    0   1.452     48  0.00
  166  166     0   0  12   0   0   0   0   0   0  24   6  12   0   0   0   0   6   0   0  41     0    0    0   1.543     51  0.00
  167  167    29   6  53   0   0   0   0   0   0   6   0   6   0   0   0   0   0   0   0   0     0    0    0   1.197     39  0.00
  168  168     6   6   0   0   0   0   0   6  59   0   0   0   0   0   0  18   0   0   0   6     0    0    0   1.285     42  0.00
  169  169     0   6   0   6   0   0   0   6  12   0   6   0   0   0   0  18   6   6   0  35     0    0    0   1.925     64  0.00
  170  170     0   0   0   0   0   0   6   0   0   0   0   6   0  65   0   0   6   6  12   0     0    0    0   1.200     40  0.00
  171  171     0   0   0   6  18   0  65   0   0   0   0   6   0   0   0   0   0   6   0   0     0    0    0   1.088     36  0.00
  172  172     0   0   0   6   0   0   0   0  41   0  12   0   0   0   0   0  29  12   0   0     0    0    0   1.395     46  0.00
  173  173     6  82   0   6   6   0   0   0   0   0   0   0   0   0   0   0   0   0   0   0     0    0    0   0.660     22  0.00
  174  174     0   0   0   6   0   0   0  82  12   0   0   0   0   0   0   0   0   0   0   0     0    0    0   0.578     19  0.00
  175  175    35   6  12   0   0   0   0   0   0   0   6   0   0   6   6   0  18  12   0   0     0    0    0   1.844     61  0.00
  176  176     0   6   0   6   0   0   0   0   0   0   6   6   0   0   6   0  65   6   0   0     0    0    0   1.282     42  0.00
  177  177     6  41  12   6  29   0   0   0   0   0   0   0   0   0   0   0   6   0   0   0     0    0    0   1.477     49  0.00
  178  178     0   0   0   0   0   0   0  94   0   6   0   0   0   0   0   0   0   0   0   0     0    0    0   0.224      7  0.00
  179  179    71  12   6   0   6   0   0   0   6   0   0   0   0   0   0   0   0   0   0   0     0    0    0   0.998     33  0.00
  180  180     0   0   0   0   0   0   0   0  12   0  35   0   0   0   6   0  24   0  24   0     0    0    0   1.467     48  0.00
  181  181     0   0   0   0   0   0   0  94   6   0   0   0   0   0   0   0   0   0   0   0     0    0    0   0.224      7  0.00
  182  182     0   0   0   0   0   0   0   0   0   0   0 100   0   0   0   0   0   0   0   0     0    0    0   0.000      0  0.00
  183  183     0   0   0   0   0   0   0   0   0  94   6   0   0   0   0   0   0   0   0   0     0    0    0   0.224      7  0.00
  184  184    12   0   0   0   0   0   0   0  65   0  12  12   0   0   0   0   0   0   0   0     0    0    0   1.037     34  0.00
  185  185    29   6  59   6   0   0   0   0   0   0   0   0   0   0   0   0   0   0   0   0     0    0    0   1.005     33  0.00
  186  186    76   0   0   0  24   0   0   0   0   0   0   0   0   0   0   0   0   0   0   0     0    0    0   0.546     18  0.00
  187  187     0  53   0   0   6   0   6   0   6   0   6  18   0   0   6   0   0   0   0   0     0    0    0   1.476     49  0.00
  188  188     0  12   0   0   0   0   0   0   6  24  41   0   0   0   0   0   6   6   0   6     0    0    0   1.624     54  0.00
  189  189     0   0   0   0   0   0   0   0   0   0   6   6   0   0   0   6   0   0  53  29     0    0    0   1.197     39  0.00
  190  190     0   0   0   0   0   0   0 100   0   0   0   0   0   0   0   0   0   0   0   0     0    0    0   0.000      0  0.00
  191  191     0   6   0   0   0   0   0   0   6   0   0  50   0   0   6   6   6  19   0   0     0    0    0   1.527     50  0.00
  192  192    19  56   0   6   0   0   0   0   0   0   6   0   0   6   0   0   6   0   0   0     0    0    0   1.331     44  0.00
  193  193    50  19  19   0   6   0   0   0   0   0   0   0   0   0   0   0   6   0   0   0     0    0    0   1.321     44  0.00
  194  194     0   0   0   0   0   0   0  31   0  50   6   6   0   0   0   0   0   6   0   0     0    0    0   1.230     41  0.00
  195  195     0   0   0   0   0   0   0 100   0   0   0   0   0   0   0   0   0   0   0   0     0    0    0   0.000      0  0.00
  196  196     0   0   0   0   6   6  88   0   0   0   0   0   0   0   0   0   0   0   0   0     0    0    0   0.463     15  0.00
  197  197     0  31   0   6   0   0   0   0   0   0   6   0   0   0   6   0  50   0   0   0     0    0    0   1.230     41  0.00
  198  198     0   0   0   0   0   0   0   7   0  73   7   0   0   0   0  13   0   0   0   0     0    0    0   0.857     28  0.00
  199  199     0   0   0   6   0   0   0   0  13  75   0   0   0   0   6   0   0   0   0   0     0    0    0   0.822     27  0.00
  200  200     0   0   0   0   0   0   0   0  19  13   0   0   0   0   0  50   0  19   0   0     0    0    0   1.234     41  0.00
  201  201     6   0   0   0   0   0   0   0   0   0   0   0   0   0   0   6  25  44   6  13     0    0    0   1.488     49  0.00
  202  202     0  56   0  44   0   0   0   0   0   0   0   0   0   0   0   0   0   0   0   0     0    0    0   0.685     22  0.00
  203  203     7  21   0   7   0   0   0   0   7   0   0   0   0   0   7  36   0  14   0   0     0    0    0   1.730     57  0.00
  204  204     0   0   0   0   0   0   0   0  21   0   0   7   0   0  14   0  14  43   0   0     0    0    0   1.438     47  0.00
  205  205     0   7   7  14  36   7   0   0  14   0   0   0   0   0  14   0   0   0   0   0     0    0    0   1.767     58  0.00
  206  206     0  85   8   8   0   0   0   0   0   0   0   0   0   0   0   0   0   0   0   0     0    0    0   0.536     17  0.00
  207  207     0   0   0   0   0   0   0   8   0   0   0   0   0   0   8   0   8  23   0  54     0    0    0   1.264     42  0.00
  208  208     0   0   0   0   0   0   0   0  31   0   0   0   0   0   0  23   0  46   0   0     0    0    0   1.058     35  0.00
  209  209     0   0   0   0   0   0   0   0   0   0   0  10   0  70   0   0   0  10  10   0     0    0    0   0.940     31  0.00
  210  210     0   0   0   0   0   0   0   0   0   0   0   0   0   0   0  20  80   0   0   0     0    0    0   0.500     16  0.00
  211  211     0   0   0   0   0   0   0   0   0   0   0   0   0   0   0 100   0   0   0   0     0    0    0   0.000      0  0.00
  212  212     0   0   0 100   0   0   0   0   0   0   0   0   0   0   0   0   0   0   0   0     0    0    0   0.000      0  0.00
  213  213     0   0   0   0   0   0   0   0   0   0   0 100   0   0   0   0   0   0   0   0     0    0    0   0.000      0  0.00
  214  214     0   0   0   0   0   0   0   0   0   0 100   0   0   0   0   0   0   0   0   0     0    0    0   0.000      0  0.00
  215  215     0   0   0   0   0   0   0 100   0   0   0   0   0   0   0   0   0   0   0   0     0    0    0   0.000      0  0.00
  216  216     0   0   0   0   0   0   0   0   0   0   0   0   0   0   0 100   0   0   0   0     0    0    0   0.000      0  0.00
//
