ID Pseudo hssp file.
SEQ 
SEQ gi|12846222|dbj|BAB27080.1| (AK010636) putative [Mus musculus]        225  1e-58
SEQ gi|9790017|ref|NP_062740.1| telomerase binding protein, p23; tel...   211  3e-54
SEQ gi|5729964|ref|NP_006592.1| unactive progesterone receptor, 23 k...   211  4e-54
SEQ gi|12843224|dbj|BAB25906.1| (AK008805) putative [Mus musculus]        210  7e-54
SEQ gi|5081800|gb|AAD39543.1|AF153479_1 (AF153479) telomerase bindin...   206  1e-52
SEQ gi|9257073|pdb|1EJF|A Chain A, Crystal Structure Of The Human Co...   205  1e-52
SEQ gi|1362727|pir||B56211 progesterone receptor-related protein p23...   202  2e-51
SEQ gi|13647578|ref|XP_017248.1| similar to unactive progesterone re...   188  3e-47
SEQ gi|8928248|sp|Q90955|P23_CHICK HSP90 CO-CHAPERONE (PROGESTERONE ...   174  4e-43
SEQ gi|12835592|dbj|BAB23297.1| (AK004415) putative [Mus musculus]        110  8e-24
SEQ gi|12840608|dbj|BAB24896.1| (AK007198) putative [Mus musculus]        107  4e-23
SEQ gi|13376886|ref|NP_079543.1| hypothetical protein MGC2744 [Homo ...    96  2e-19
SEQ gi|8928465|sp|Q11118|WOS2_SCHPO WOS2 PROTEIN (P21) >gi|7490204|p...    59  3e-08
SEQ gi|12231292|gb|AAG49030.1|AF204783_1 (AF204783) ripening regulat...    55  4e-07
SEQ gi|11934654|gb|AAG41763.1|AF153128_1 (AF153128) p23 [Brassica na...    53  1e-06
SEQ gi|8928507|sp|Q23280|YOCA_CAEEL HYPOTHETICAL 19.4 KDA PROTEIN ZC...    52  2e-06
SEQ gi|7487014|pir||T01305 hypothetical protein T14P8.5 - Arabidopsi...    45  3e-04
SEQ gi|11229591|emb|CAC16575.1| (AJ297951) p23 co-chaperone [Arabido...    44  5e-04
SEQ gi|6322732|ref|NP_012805.1| Hsp90 (Ninety) Associated Co-chapero...    44  0.001
SEQ 
## SEQUENCE PROFILE AND ENTROPY
 SeqNo PDBNo   V   L   I   M   F   W   Y   G   A   P   S   T   C   H   R   K   Q   E   N   D  NOCC NDEL NINS ENTROPY RELENT WEIGHT
    1    1     0   0   0 100   0   0   0   0   0   0   0   0   0   0   0   0   0   0   0   0     0    0    0   0.000      0  0.00
    2    2     0   0   0   0   0   0   0   0   0   0   0   0   0   0   0   0 100   0   0   0     0    0    0   0.000      0  0.00
    3    3     0   0   0   0   0   0   0   0   0 100   0   0   0   0   0   0   0   0   0   0     0    0    0   0.000      0  0.00
    4    4     0   0   0   0   0   0   0   0 100   0   0   0   0   0   0   0   0   0   0   0     0    0    0   0.000      0  0.00
    5    5     0   0   0   0   8   0   0   0   0   0  67   8   0   0  17   0   0   0   0   0     0    0    0   0.983     32  0.00
    6    6     8   0   0   0   0   0   0   0  75   0   0  17   0   0   0   0   0   0   0   0     0    0    0   0.721     24  0.00
    7    7     0  13   0   0   0   0   0   0   0   0   0   0   0   0   0  87   0   0   0   0     0    0    0   0.393     13  0.00
    8    8     0   0   0   0   0 100   0   0   0   0   0   0   0   0   0   0   0   0   0   0     0    0    0   0.000      0  0.00
    9    9     0   0   0   0   0   0  69   0  31   0   0   0   0   0   0   0   0   0   0   0     0    0    0   0.621     20  0.00
   10   10     0   0   0   0   0   0   0   0   0   0   0   0   0   0   0   0  19  13   0  69     0    0    0   0.831     27  0.00
   11   11     0   0   0   6   0   0   0   0   0   0   0  13   0   0  81   0   0   0   0   0     0    0    0   0.602     20  0.00
   12   12     0   0   0   0   0   0   0   0   0  11  11  11   0   0  56   6   0   6   0   0     0    0    0   1.380     46  0.00
   13   13     0   0   0   0   0   0   0   0   0   0   6   0   0   0   0  11   0  11  11  61     0    0    0   1.194     39  0.00
   14   14     6   6   0   0   0   6  61   0   0   0   0   0   6   0   0  17   0   0   0   0     0    0    0   1.242     41  0.00
   15   15    79   5  16   0   0   0   0   0   0   0   0   0   0   0   0   0   0   0   0   0     0    0    0   0.633     21  0.00
   16   16     0   5   0   0  79   0  16   0   0   0   0   0   0   0   0   0   0   0   0   0     0    0    0   0.633     21  0.00
   17   17     0  20  60  15   0   0   0   0   0   0   0   5   0   0   0   0   0   0   0   0     0    0    0   1.063     35  0.00
   18   18     0   0   0   0   0   0   0   0   0   0   0  35   0   0   0   0   0  65   0   0     0    0    0   0.647     21  0.00
   19   19    30   0   5   0  60   0   0   0   0   0   5   0   0   0   0   0   0   0   0   0     0    0    0   0.967     32  0.00
   20   20    10   5   0   0   0   0   0   0   0   0   5   0  65   0   0   0   0  15   0   0     0    0    0   1.094     36  0.00
   21   21    70  20  10   0   0   0   0   0   0   0   0   0   0   0   0   0   0   0   0   0     0    0    0   0.802     26  0.00
   22   22     0   0   0   0   0   0   0   0  15  15   0   0   0   0   0   0   0  65   0   5     0    0    0   0.999     33  0.00
   23   23     0   0   0   0   0   0   0   0   0   0   0   0   0   0   0   0   0   5   0  95     0    0    0   0.199      6  0.00
   24   24     0   0   0   0   0   0   0   0  20   0  60  10   5   0   0   0   0   0   5   0     0    0    0   1.158     38  0.00
   25   25     5   0   0   0   0   0   0   0   0   0   0  15   0   0   0  70   0   5   0   5     0    0    0   0.984     32  0.00
   26   26     0   0   5   0   0   0   0   0   5   0   0   0   0   0   0   0   0   0   5  85     0    0    0   0.588     19  0.00
   27   27    75   0   0   0   0   0   0   0   0  10   0  10   0   0   0   0   0   5   0   0     0    0    0   0.826     27  0.00
   28   28     0   0   0   0   0   0   0   0   0   0  10   0   0   5   0  25   0  10  50   0     0    0    0   1.303     43  0.00
   29   29    75  20   5   0   0   0   0   0   0   0   0   0   0   0   0   0   0   0   0   0     0    0    0   0.687     22  0.00
   30   30     0  15   0   0   0   0   0   0   0   0   0   5   0   0   0  15   0   0  65   0     0    0    0   0.999     33  0.00
   31   31     0  25  20   0  50   0   0   5   0   0   0   0   0   0   0   0   0   0   0   0     0    0    0   1.165     38  0.00
   32   32     0   0   0   0   0   0   0   0   0   0   0   5   0   0   0   5   0  80   0  10     0    0    0   0.708     23  0.00
   33   33     0   0   0   0   0   0   0   5   0  10   0   0   0   0   0  50   0  20   0  15     0    0    0   1.333     44  0.00
   34   34     0   0   0   0   0   0   0  20   0   0  55   0   0  15   0   0   0   5   5   0     0    0    0   1.235     41  0.00
   35   35    10   0   0   0   0   0   5   0   0   0   0   0   0   0  15  70   0   0   0   0     0    0    0   0.914     30  0.00
   36   36    10  60  10   0  20   0   0   0   0   0   0   0   0   0   0   0   0   0   0   0     0    0    0   1.089     36  0.00
   37   37    20   5   0   0   5   0   0   0   0   0   0  50   0   5   0   0   0   5   0  10     0    0    0   1.498     50  0.00
   38   38     0   5   5   0  90   0   0   0   0   0   0   0   0   0   0   0   0   0   0   0     0    0    0   0.394     13  0.00
   39   39     0   0   0   0   0   0   0   0   0   0  85   0   0   0   0   5   5   0   0   5     0    0    0   0.588     19  0.00
   40   40     0   0   0   0   0   0   0   0  26   0   5   0  68   0   0   0   0   0   0   0     0    0    0   0.766     25  0.00
   41   41     0  56   0   0   0   0   0   0   0   0   0  11   0   0  11  17   6   0   0   0     0    0    0   1.274     42  0.00
   42   42    10   0   0   0   0   0   0  55   5   0  15   0   0   0   0   5   0   0  10   0     0    0    0   1.373     45  0.00
   43   43     0   0   0   0   0   0   0  90   0   0   5   0   0   0   0   0   0   0   5   0     0    0    0   0.394     13  0.00
   44   44     0   0   0   0   0   0   0   0  22  11  61   0   0   0   0   0   0   0   0   6     0    0    0   1.040     34  0.00
   45   45     0   0   0   0   0   0   0   0   0   0   5   0   0   0   0   5   0  16   0  74     0    0    0   0.826     27  0.00
   46   46     0   0   0   0   0   0   0  15   0   0   0   5   0   0   0   5   0   0  75   0     0    0    0   0.800     26  0.00
   47   47    25   0   0   0  50   0   0   0   5   0   0   5   0  10   0   0   0   0   0   5     0    0    0   1.373     45  0.00
   48   48    10   5   0   0   0   0   0   0   0   5   0   0   0  10   0  55   0  15   0   0     0    0    0   1.373     45  0.00
   49   49     0  15   0   0   0   0  30   0   0   0   0   0   0  55   0   0   0   0   0   0     0    0    0   0.975     32  0.00
   50   50     0  50   0   0   0   0  20   0   5   0   0   0   0   0   0   0   0  25   0   0     0    0    0   1.165     38  0.00
   51   51    15  10   0   0   0   0   0   0   5   0   0   0   0   0   0   0   5   0  65   0     0    0    0   1.094     36  0.00
   52   52     0   0   0   0   0   0   0   0   0   0   0   5   0   5   0  10   5  65   0  10     0    0    0   1.190     39  0.00
   53   53     0  25  75   0   0   0   0   0   0   0   0   0   0   0   0   0   0   0   0   0     0    0    0   0.562     18  0.00
   54   54     0   0   0   0   0   0   0   5   0   0   0   0   0   0   0   0   0  30   0  65     0    0    0   0.791     26  0.00
   55   55     0  75   0   0  25   0   0   0   0   0   0   0   0   0   0   0   0   0   0   0     0    0    0   0.562     18  0.00
   56   56     0   5   0   0  65   0  20   0  10   0   0   0   0   0   0   0   0   0   0   0     0    0    0   0.982     32  0.00
   57   57     0   0   0   0   0   0   5   0  15   0   0   0   0  35   0  10   0   0  10  25     0    0    0   1.609     53  0.00
   58   58     0   0   0   0   0   0   0   0   0   0  10   0  35   0   0  30   0  10  10   5     0    0    0   1.569     52  0.00
   59   59    30   0  70   0   0   0   0   0   0   0   0   0   0   0   0   0   0   0   0   0     0    0    0   0.611     20  0.00
   60   60     0   0   5   0   0   0   0   0   0   0   0   0   0   0   0   0   0   0  30  65     0    0    0   0.791     26  0.00
   61   61    25   0   0   0   0   0   0   0   0  60  15   0   0   0   0   0   0   0   0   0     0    0    0   0.938     31  0.00
   62   62     0   0   0   0   0   0   0   0   5   0   0   0   0   0   0  15   0  20  55   5     0    0    0   1.235     41  0.00
   63   63     0   0   0   0   0   0   0   0   0   0   5   0   0   0   0  10   0  30   0  55     0    0    0   1.070     35  0.00
   64   64     5   0   0   0   0   0   0   0   0   0  90   5   0   0   0   0   0   0   0   0     0    0    0   0.394     13  0.00
   65   65     0   0   0   5   0   0   0   0   0   0   0   0   0   0   0  80  15   0   0   0     0    0    0   0.613     20  0.00
   66   66     0   0  10   0   0   0   5   0   5   0   5   0   0  60   0   0   0   0   0  15     0    0    0   1.271     42  0.00
   67   67     0   0   0   0   0   0   0   0   0   0  15   5   0   0   0  70   0   0  10   0     0    0    0   0.914     30  0.00
   68   68    15   0  10   0   0   0   0   5   0   0   0   5   0   0  65   0   0   0   0   0     0    0    0   1.094     36  0.00
   69   69     0   0   0   0   0   0   0  10   5   0  25  60   0   0   0   0   0   0   0   0     0    0    0   1.033     34  0.00
   70   70     0   0   0   0   0   0   0  15   0   0  20   0   0   0   0   0   0  10   5  50     0    0    0   1.333     44  0.00
   71   71     0   0   0   0   0   0   0   0   0   0   0   5   0   5  90   0   0   0   0   0     0    0    0   0.394     13  0.00
   72   72     0   0   0   0   0   0  10   0   0   0  85   0   0   0   5   0   0   0   0   0     0    0    0   0.518     17  0.00
   73   73    10   0  85   0   5   0   0   0   0   0   0   0   0   0   0   0   0   0   0   0     0    0    0   0.518     17  0.00
   74   74    10  55   0   0  20   0   0   0   0   0   0  15   0   0   0   0   0   0   0   0     0    0    0   1.166     38  0.00
   75   75     0   0   0   0   5   0  10   0   0   0   0   0  75   0   0   5   0   5   0   0     0    0    0   0.895     29  0.00
   76   76     5  15  15   0  15   0   0   0   0   0   0   0  50   0   0   0   0   0   0   0     0    0    0   1.350     45  0.00
   77   77    25  55  10   0   0   0   5   0   0   0   0   5   0   0   0   0   0   0   0   0     0    0    0   1.205     40  0.00
   78   78     5   0   0   0   0   0   5   0   0   0   0   0   0   0  65  15   0  10   0   0     0    0    0   1.094     36  0.00
   79   79     0   0   0   0   0   0   0   0   0   0   0   0   0   0   0  95   5   0   0   0     0    0    0   0.199      6  0.00
   80   80     0   0   0   0   0  15   0  50  20   0   0   0   0   0   0  10   0   0   0   5     0    0    0   1.333     44  0.00
   81   81     0   5   0   0   0   0   0   0   0   0   0   0   0   0   0  20   0  75   0   0     0    0    0   0.687     22  0.00
   82   82     0   5   0   0   0   0   0   0   0  10  55   5   0   0   0   0   0  20   0   5     0    0    0   1.330     44  0.00
   83   83     0   0   0   0   0   0   0  63   0   6   6   0   0   0   0  19   6   0   0   0     0    0    0   1.127     37  0.00
   84   84    15   0   0   0   0   0   0   0   5   0   0   0   0   0   0  10  50  20   0   0     0    0    0   1.333     44  0.00
   85   85     0   0   0   0   0  15   5   0  25   0  40   0   0   0  10   0   0   5   0   0     0    0    0   1.527     50  0.00
   86   86     0   0   0   0   0 100   0   0   0   0   0   0   0   0   0   0   0   0   0   0     0    0    0   0.000      0  0.00
   87   87     0   5   0   0   0   0   0   0   0  75   5   0   0   0   0   0   0   0  15   0     0    0    0   0.800     26  0.00
   88   88     0   0   0   0   0   0   0   5   0   0   0   0   0   0  85  10   0   0   0   0     0    0    0   0.518     17  0.00
   89   89     0 100   0   0   0   0   0   0   0   0   0   0   0   0   0   0   0   0   0   0     0    0    0   0.000      0  0.00
   90   90     5  15   0   0   0   0   0   0   0   0   0  80   0   0   0   0   0   0   0   0     0    0    0   0.613     20  0.00
   91   91     0   0   0   0   0   0   0   0   0   0   0   0   0   0  10  85   5   0   0   0     0    0    0   0.518     17  0.00
   92   92    10   0   0   0   0   0   0   0   0   5   0   0   0   0   0   0   5  75   5   0     0    0    0   0.895     29  0.00
   93   93     0   0   0   0   0   0   0   0   0   0   0   0   0   0  50  25   0  10   0  15     0    0    0   1.208     40  0.00
   94   94     5   5  15   0   0   0   0  15  50   0   0   0   0   0   0  10   0   0   0   0     0    0    0   1.446     48  0.00
   95   95     0   0   0   0   0   0   0   0   0  10   0   0   0   0  10  80   0   0   0   0     0    0    0   0.639     21  0.00
   96   96     5  55   0   0   0   0   5   0   0  30   0   0   0   5   0   0   0   0   0   0     0    0    0   1.139     38  0.00
   97   97    20   0   0   0   0   0   0   0   0  10   0   0   0  20   0   0   0   0  50   0     0    0    0   1.221     40  0.00
   98   98     0   0   0   0   5  75  20   0   0   0   0   0   0   0   0   0   0   0   0   0     0    0    0   0.687     22  0.00
   99   99    10  85   5   0   0   0   0   0   0   0   0   0   0   0   0   0   0   0   0   0     0    0    0   0.518     17  0.00
  100  100     0   0   0   0   0   0   0   0   0   0  65   0   0   0   5  30   0   0   0   0     0    0    0   0.791     26  0.00
  101  101    85   0   0   5   0   0   0   0   0   0   0  10   0   0   0   0   0   0   0   0     0    0    0   0.518     17  0.00
  102  102     0   0   0   0   0   0   0   0   0   0   0   0   0   0   0   0   0   0   0 100     0    0    0   0.000      0  0.00
  103  103     0   0   0   0  80  20   0   0   0   0   0   0   0   0   0   0   0   0   0   0     0    0    0   0.500     16  0.00
  104  104     0   0   0   0   0   0   0   5   0   0   0   5   0   0   0   0   0   0  45  45     0    0    0   1.018     33  0.00
  105  105     0   0   0   0   0   0   0   0   0   0   0   0   0   5   5  30   0   0  60   0     0    0    0   0.967     32  0.00
  106  106     0   0   0   0   0 100   0   0   0   0   0   0   0   0   0   0   0   0   0   0     0    0    0   0.000      0  0.00
  107  107    30   0   0   0   0   0   0   0   0   0   0   0   0   0  20  50   0   0   0   0     0    0    0   1.030     34  0.00
  108  108     0   0   0   0   0   0   0   0   0   0   0   0   0   0   0   0   0   0   5  95     0    0    0   0.206      6  0.00
  109  109     0   0   0   0   0 100   0   0   0   0   0   0   0   0   0   0   0   0   0   0     0    0    0   0.000      0  0.00
  110  110     0   0   0   0   0   0   0   0   0   0   0   0   0   0   0   0   0 100   0   0     0    0    0   0.000      0  0.00
//
