ID Pseudo hssp file.
SEQ 
SEQ gi|9297046|sp|P56968|PYRK_LACLC DIHYDROOROTATE DEHYDROGENASE ELE...   486  e-136
SEQ gi|13096501|pdb|1EP1|B Chain B, Crystal Structure Of Lactococcus...   486  e-136
SEQ gi|12724330|gb|AAK05445.1|AE006367_1 (AE006367) dihydroorotate d...   438  e-122
SEQ gi|1176556|sp|P46536|PYRK_BACCL DIHYDROOROTATE DEHYDROGENASE ELE...   196  2e-49
SEQ gi|10175155|dbj|BAB06254.1| (AP001515) dihydroorotate dehydrogen...   188  9e-47
SEQ gi|141329|sp|P25983|PYRK_BACSU DIHYDROOROTATE DEHYDROGENASE ELEC...   185  5e-46
SEQ gi|9297049|sp|Q58841|PYRK_METJA PROBABLE DIHYDROOROTATE DEHYDROG...    83  3e-15
SEQ gi|14521952|ref|NP_127429.1| DIHYDROOROTATE DEHYDROGENASE ELECTR...    82  8e-15
SEQ gi|9297036|sp|O57738|PYRK_PYRHO PROBABLE DIHYDROOROTATE DEHYDROG...    77  2e-13
SEQ gi|11498139|ref|NP_069364.1| cytochrome-c3 hydrogenase, subunit ...    77  2e-13
SEQ gi|9297045|sp|P56967|PYRK_ENTFA DIHYDROOROTATE DEHYDROGENASE ELE...    75  9e-13
SEQ gi|7519362|pir||E71212 hypothetical protein PH1965 - Pyrococcus ...    73  5e-12
SEQ gi|9297059|sp|Q9X1X4|PYRK_THEMA PROBABLE DIHYDROOROTATE DEHYDROG...    71  1e-11
SEQ gi|9297038|sp|O67329|PYRK_AQUAE PROBABLE DIHYDROOROTATE DEHYDROG...    66  5e-10
SEQ gi|13542002|ref|NP_111690.1| Dihydroorotate dehydrogenase (elect...    66  6e-10
SEQ gi|7451853|pir||E71288 probable hydrogenase, gamma chain (hydG) ...    63  7e-09
SEQ gi|14521075|ref|NP_126550.1| cytochrome-c3 hydrogenase, subunit ...    59  6e-08
SEQ gi|10639193|emb|CAC11195.1| (AL445063) anaerobic sulfite reducti...    59  6e-08
SEQ gi|7451847|pir||H71074 probable cytochrome-c3 hydrogenase gamma ...    56  4e-07
SEQ gi|563906|emb|CAA53035.1| (X75255) hydrogenase (gamma subunit) [...    56  5e-07
SEQ gi|629407|pir||S48834 cytochrome-c3 hydrogenase (EC 1.12.2.1) ga...    56  5e-07
SEQ gi|9297030|sp|O27280|PYRK_METTH PROBABLE DIHYDROOROTATE DEHYDROG...    56  5e-07
SEQ gi|14521153|ref|NP_126628.1| hydrogenase, subunit gamma related ...    56  7e-07
SEQ gi|10639574|emb|CAC11546.1| (AL445064) nife hydrogenase gamma su...    55  8e-07
SEQ gi|13540835|ref|NP_110523.1| Anaerobic sulfite reduction protein...    55  9e-07
SEQ gi|7462366|pir||H72390 dihydroorotate dehydrogenase electron tra...    53  5e-06
SEQ gi|14521155|ref|NP_126630.1| cytochrome-c3 hydrogenase, subunit ...    50  3e-05
SEQ gi|7406955|gb|AAF61852.1|AF176650_2 (AF176650) sulfhydrogenase I...    49  7e-05
SEQ gi|2708735|gb|AAB93308.1| (L04500) unknown [Eubacterium acidamin...    47  2e-04
SEQ gi|114282|sp|P26475|ASRB_SALTY ANAEROBIC SULFITE REDUCTASE SUBUN...    46  6e-04
SEQ 
## SEQUENCE PROFILE AND ENTROPY
 SeqNo PDBNo   V   L   I   M   F   W   Y   G   A   P   S   T   C   H   R   K   Q   E   N   D  NOCC NDEL NINS ENTROPY RELENT WEIGHT
    1    1     0   0   0   0   0   0   0   0   0   0 100   0   0   0   0   0   0   0   0   0     0    0    0   0.000      0  0.00
    2    2     0   0   0   0   0   0   0   0   0   0   0   0   0   0   0  25  75   0   0   0     0    0    0   0.562     18  0.00
    3    3     0 100   0   0   0   0   0   0   0   0   0   0   0   0   0   0   0   0   0   0     0    0    0   0.000      0  0.00
    4    4     0   0   0   0   0   0   0   0   0   0   0   0   0   0  20   0  80   0   0   0     0    0    0   0.500     16  0.00
    5    5     0   0   0   0   0   0   0   0   0   0   0   0   0   0   0   0   0 100   0   0     0    0    0   0.000      0  0.00
    6    6     0   0   0  75   0   0   0   0   0   0   0   0   0   0  25   0   0   0   0   0     0    0    0   0.562     18  0.00
    7    7    10  10   0  60  20   0   0   0   0   0   0   0   0   0   0   0   0   0   0   0     0    0    0   1.089     36  0.00
    8    8     0   0   0   0   0   0   0   0   0   0  10  80   0   0   0  10   0   0   0   0     0    0    0   0.639     21  0.00
    9    9    45   9  45   0   0   0   0   0   0   0   0   0   0   0   0   0   0   0   0   0     0    0    0   0.935     31  0.00
   10   10    55   9   0   0   0   0   0   0   9   0   0   9   9   0   0   9   0   0   0   0     0    0    0   1.421     47  0.00
   11   11     0   0   0   0   0   0   0   0   0   0  64   0   0   0   0   9   0  27   0   0     0    0    0   0.860     28  0.00
   12   12     0   0   0   0   0   0   0   0   0   0   0   9   0   9   0  27  45   0   9   0     0    0    0   1.367     45  0.00
   13   13     9   0   0   0   0   9   0   0   0   0   0   0   0   0  45  18  18   0   0   0     0    0    0   1.414     47  0.00
   14   14     9   9   0   0   0   0   0   0   0   0   0   0   0   0   9   9  18  45   0   0     0    0    0   1.540     51  0.00
   15   15    45   9  36   0   9   0   0   0   0   0   0   0   0   0   0   0   0   0   0   0     0    0    0   1.162     38  0.00
   16   16     0   0   0   0   0   0   0   0  91   0   9   0   0   0   0   0   0   0   0   0     0    0    0   0.305     10  0.00
   17   17     0   0   0   0   0   0  27   0   0  18   9   0   0   0   0   9   0  18   0  18     0    0    0   1.720     57  0.00
   18   18     0   0   0   0   0   0   0   8   0   0   8   0   0   0  17   0   8   0  50   8     0    0    0   1.474     49  0.00
   19   19    25   8  58   0   0   0   0   0   0   0   0   8   0   0   0   0   0   0   0   0     0    0    0   1.075     35  0.00
   20   20     0   0   0   0  82   0  18   0   0   0   0   0   0   0   0   0   0   0   0   0     0    0    0   0.474     15  0.00
   21   21     0   9   0   0   0   0   9   0   0   0   0   0   0   0   0   0   9  64   0   9     0    0    0   1.160     38  0.00
   22   22     0  20   0  70  10   0   0   0   0   0   0   0   0   0   0   0   0   0   0   0     0    0    0   0.802     26  0.00
   23   23    50   0   0   0   0  10   0   0   0   0   0  10   0   0   0  30   0   0   0   0     0    0    0   1.168     38  0.00
   24   24    27  55  18   0   0   0   0   0   0   0   0   0   0   0   0   0   0   0   0   0     0    0    0   0.995     33  0.00
   25   25     0   0   0   0   0   0   0   0   0   0   8   8   0  17   0  50   0   8   0   8     0    0    0   1.474     49  0.00
   26   26     0   0   0   0   0   0   0  58  33   0   8   0   0   0   0   0   0   0   0   0     0    0    0   0.888     29  0.00
   27   27     0   0   0   0   8   0   0   0   0  33   0  25   0   0   8   0   0  25   0   0     0    0    0   1.474     49  0.00
   28   28     0  50   0   0   0   0   0   0   0   0   8   0   0   0  33   0   0   0   0   8     0    0    0   1.127     37  0.00
   29   29    75   0  17   0   8   0   0   0   0   0   0   0   0   0   0   0   0   0   0   0     0    0    0   0.721     24  0.00
   30   30     0   0   0   0   0   0   0   0  25   0   8   0   0   0   0   8  17   8   0  33     0    0    0   1.633     54  0.00
   31   31     0   0   0   0   0   0   0   8   0   0   0   0   0   0   0  33   0  58   0   0     0    0    0   0.888     29  0.00
   32   32     0   8   0  50   8   0   0   0   0   0   8   0   0   8   0   0   0   8   8   0     0    0    0   1.589     53  0.00
   33   33     0   0   0   0   0   0   0   0  25   0   0  17   0   0  17   0   0   0   0  42     0    0    0   1.309     43  0.00
   34   34     0  31   8   0   8   0   0   0   8   0   8   8   0   0   8  15   8   0   0   0     0    0    0   2.032     67  0.00
   35   35     0   0   0   0   0   0   0   0   4  96   0   0   0   0   0   0   0   0   0   0     0    0    0   0.179      5  0.00
   36   36     0   0   0   0   0   0   0 100   0   0   0   0   0   0   0   0   0   0   0   0     0    0    0   0.000      0  0.00
   37   37     0   0   0   0   0   0   0   0   0   0   0   0   0   0   0   0 100   0   0   0     0    0    0   0.000      0  0.00
   38   38     0   0   0   0 100   0   0   0   0   0   0   0   0   0   0   0   0   0   0   0     0    0    0   0.000      0  0.00
   39   39    60  20   8   0   0   0   4   0   8   0   0   0   0   0   0   0   0   0   0   0     0    0    0   1.161     38  0.00
   40   40     4   0  17  29   0   0   0   0   0   0   0   0   0  29   0   0  17   4   0   0     0    0    0   1.581     52  0.00
   41   41    32  52  16   0   0   0   0   0   0   0   0   0   0   0   0   0   0   0   0   0     0    0    0   0.998     33  0.00
   42   42     4   0   0   0   0  16   4   0  16   0   8  16   0   0  12  12   0   4   0   8     0    0    0   2.179     72  0.00
   43   43    36  24  28   4   0   0   0   0   0   0   0   4   0   0   0   0   4   0   0   0     0    0    0   1.453     48  0.00
   44   44     0   4   0   0   0   0   0   0   4  60   4   0   0   8   8   0   0   0   0  12     0    0    0   1.351     45  0.00
   45   45     0   0   0   0   0   0   0  48   4   0   0   0   0   0   4   4   0  16  16   8     0    0    0   1.527     50  0.00
   46   46    21   0   0   0   5   0   5  21  11   0   5   0   5   5   5  11   0   0   0   5     0    0    0   2.215     73  0.00
   47   47     5   0   0   0   0   0   0  53  21   0  11   0   0   0   0   0   0  11   0   0     0    0    0   1.295     43  0.00
   48   48     0   5   0  21   0   0   5   0   0   5   0   5   0   0   0   0   0  58   0   0     0    0    0   1.264     42  0.00
   49   49    36  36  14   0   9   0   0   0   5   0   0   0   0   0   0   0   0   0   0   0     0    0    0   1.366     45  0.00
   50   50     7  50   0   0   0   0   0  14   0   0   0   0   0   0   0   0   0   7  14   7     0    0    0   1.468     49  0.00
   51   51     0   0   0   0   0   0   0   0   0   0   0   0   0   0  71   0   0  29   0   0     0    0    0   0.606     20  0.00
   52   52     0   0  22   0   0   0   0   0   6   0   6   0   0   0  39  28   0   0   0   0     0    0    0   1.378     46  0.00
   53   53     0   0   0   0   0   0   0   0   0 100   0   0   0   0   0   0   0   0   0   0     0    0    0   0.000      0  0.00
   54   54     0  27  50   8  15   0   0   0   0   0   0   0   0   0   0   0   0   0   0   0     0    0    0   1.185     39  0.00
   55   55     4   0   0   0   0   0   0   4   0   0  77  15   0   0   0   0   0   0   0   0     0    0    0   0.740     24  0.00
   56   56    15  27  50   0   8   0   0   0   0   0   0   0   0   0   0   0   0   0   0   0     0    0    0   1.185     39  0.00
   57   57     0   0   0   0   0   0   0   4  27   0  38   0  31   0   0   0   0   0   0   0     0    0    0   1.209     40  0.00
   58   58     0   4   0   0   0   0   4   4   0   0  52   0   0   8   0   0   0   0   0  28     0    0    0   1.285     42  0.00
   59   59    10   5  10   0   5  24  10   5   0   5  24   5   0   0   0   0   0   0   0   0     0    0    0   2.080     69  0.00
   60   60     0   0   0   5   0   0   5   9   0  23   0   0   0   0   0   5   0   5   5  45     0    0    0   1.616     53  0.00
   61   61     0   0   0  14   5   0   0   5   5   9   0   9   0   5  14  23   0   5   0   9     0    0    0   2.237     74  0.00
   62   62     5   0   0   0   0   0   0   0   0   0   0   0   0  10  52   5   5  14   5   5     0    0    0   1.566     52  0.00
   63   63     0   0   0   0   0   0   0   9  27   5   5   9   0   0   5  32   5   5   0   0     0    0    0   1.857     61  0.00
   64   64     0   4   0   0   4   4   0  27   4   8   8   0   0   0   0  31   0   4   4   4     0    0    0   1.988     66  0.00
   65   65     0   4  19   0  15   0   0   0   0   0   8  23   0   0   0   0   4  12   4  12     0    0    0   2.015     67  0.00
   66   66     8  15   4   0  19   0   0   8   0   0   4   4  19   0   0   0   8   4   4   4     0    0    0   2.266     75  0.00
   67   67     4  15  15   0   4   4   0   0   0   0   8  35   0   0   4   0   0  12   0   0     0    0    0   1.891     63  0.00
   68   68    15  19  38   4   0   0   0   0   0   0   8   0  12   0   0   4   0   0   0   0     0    0    0   1.670     55  0.00
   69   69    28  20  28   0   0   0   0   0   8   0   0   4  12   0   0   0   0   0   0   0     0    0    0   1.620     54  0.00
   70   70     8   4  12   0   0   0  32   0   8   0   0   0   0   0  20  16   0   0   0   0     0    0    0   1.767     58  0.00
   71   71     4   0   0   0   0   0   0   0   4   0   0   0   0   0  71  13   4   0   4   0     0    0    0   1.034     34  0.00
   72   72    48   0  24   0   0   0   0   0  12   0   0   0   0   0   4   8   0   4   0   0     0    0    0   1.409     47  0.00
   73   73    13   0   0   0   0   0   0  58  13   0   4   0   0   0   0   0   8   0   0   4     0    0    0   1.306     43  0.00
   74   74     4   0   0   0   0   0   0  28   0  12   8   4   0   0  12   4   4   8   0  16     0    0    0   2.078     69  0.00
   75   75    15   4   0   8  19   0   0   0   0   0   0   0   0   0  12   8   4  31   0   0     0    0    0   1.862     62  0.00
   76   76    15   0   0   0   0   0   0  19   0   0   0  65   0   0   0   0   0   0   0   0     0    0    0   0.883     29  0.00
   77   77     0   0   0   0   0   0   0   0   4   0  23  38   4   0   8  15   4   0   0   4     0    0    0   1.692     56  0.00
   78   78     4   4   0   0   4   0   4  38  13   0   4  17   0   4   4   4   0   0   0   0     0    0    0   1.986     66  0.00
   79   79    22   4  13   0   0   0   0   0   0   0   9  43   0   0   0   4   0   4   0   0     0    0    0   1.581     52  0.00
   80   80     0   5   0  11   5   0  26   5   5   0   0   0   0  21  16   5   0   0   0   0     0    0    0   1.983     66  0.00
   81   81     0  14   0   0   0   0   0   5   0   0   5   5   0   0  14  45   0   9   0   5     0    0    0   1.682     56  0.00
   82   82    12  62   4  12   4   0   0   0   0   0   0   0   0   4   0   4   0   0   0   0     0    0    0   1.298     43  0.00
   83   83     0   0   4   0  12   4   0   4  12   0  31   4   4  15   4   4   0   0   4   0     0    0    0   2.151     71  0.00
   84   84     0   4   4   0   0   0   0   0   0   0   0  14   0   0  14  25   7  25   4   4     0    0    0   1.914     63  0.00
   85   85     4  56   4   4   4   0   4   0   4   0   0   0   0   0   4  16   0   0   0   0     0    0    0   1.519     50  0.00
   86   86     0   0   0   0   0   0   0   0   4   0   0   0   0   0   0  35  12  46   4   0     0    0    0   1.224     40  0.00
   87   87     4   0   4   0   0   0   0   4   4  27  15   0   0   0   4   0   4  35   0   0     0    0    0   1.760     58  0.00
   88   88     0   0   0   0   0   0   0  93   3   0   0   0   0   0   0   0   0   0   0   3     0    0    0   0.299      9  0.00
   89   89     0   3   0   0   0   0   0   0  14   0   0   3   0   3   0   0   3  14   0  59     0    0    0   1.324     44  0.00
   90   90     3   7  13   0   0   0  20   0   0   0   3  17   0   0   7  17   0   7   3   3     0    0    0   2.183     72  0.00
   91   91    45  21  28   0   7   0   0   0   0   0   0   0   0   0   0   0   0   0   0   0     0    0    0   1.225     40  0.00
   92   92     0  14   0   0   3  14   3  21   0   0   3   0   0   0   0   7   0   0   0  34     0    0    0   1.772     59  0.00
   93   93    52   7  31   0   3   0   0   3   0   0   0   3   0   0   0   0   0   0   0   0     0    0    0   1.237     41  0.00
   94   94     7  17   0  14   3   0   0   0   0   0   0   0   0   3  55   0   0   0   0   0     0    0    0   1.321     44  0.00
   95   95     0   3   0   0   0   0   0  97   0   0   0   0   0   0   0   0   0   0   0   0     0    0    0   0.146      4  0.00
   96   96     0   0   0   0   0   0   0   0   3  93   0   0   3   0   0   0   0   0   0   0     0    0    0   0.291      9  0.00
   97   97     0  43   0   0   3   0  53   0   0   0   0   0   0   0   0   0   0   0   0   0     0    0    0   0.811     27  0.00
   98   98     0   0   0   0   0   0   0 100   0   0   0   0   0   0   0   0   0   0   0   0     0    0    0   0.000      0  0.00
   99   99     0   0   0   0   0   0   0   0   0   0   3   3   0   0   7   3   3   0  80   0     0    0    0   0.813     27  0.00
  100  100     3   0   0   0   0   0   3  70   3  10   0   0   0   0   3   0   0   7   0   0     0    0    0   1.114     37  0.00
  101  101     0   4   0   0  79   7   4   0   0   0   4   4   0   0   0   0   0   0   0   0     0    0    0   0.854     28  0.00
  102  102     0   5   0   0   5   0   0   0   0  77   0   0   0   0   0   5   0   5   0   5     0    0    0   0.902     30  0.00
  103  103    55  15  10   5   5   0   0   0   0   0  10   0   0   0   0   0   0   0   0   0     0    0    0   1.373     45  0.00
  104  104     9   0   0   0   0   0   5   5  14   0   9   0   0   0   5   9   0  18   5  23     0    0    0   2.134     71  0.00
  105  105     0   0   0   0   0   0   0   0   8   0   0   0   0   4   0   4   4  64   4  12     0    0    0   1.257     41  0.00
  106  106    38   8  13   4   0  25   0   0   8   0   0   4   0   0   0   0   0   0   0   0     0    0    0   1.653     55  0.00
  107  107     4   8   0   8   0   0   0   4   4   4   0  16   0   0   0  16   4  28   0   4     0    0    0   2.120     70  0.00
  108  108     0   0   0   0   0   0   0  36   4   8  28   4   0   0   4   8   0   4   4   0     0    0    0   1.772     59  0.00
  109  109     4   0   0  17   4   0   8  25   8   0   4  17   0   4   4   0   0   0   4   0     0    0    0   2.152     71  0.00
  110  110     0   0   0   0   0   0   0  15   0   0   8   4   0   0   4  15   0   8   0  46     0    0    0   1.578     52  0.00
  111  111     0  18   0   0   0   0   0   0   0   4   0  11   0   7  11  39   0   4   7   0     0    0    0   1.768     59  0.00
  112  112    24  24  28   0   0   0   0   0  14   0   0   0   0   3   0   7   0   0   0   0     0    0    0   1.615     53  0.00
  113  113    10  67   7   0   0   0   0   0  13   3   0   0   0   0   0   0   0   0   0   0     0    0    0   1.063     35  0.00
  114  114     7  37  33   3   3   0   0   3  10   0   0   0   3   0   0   0   0   0   0   0     0    0    0   1.598     53  0.00
  115  115    50   0  27   0   0   0   0   3  17   0   0   0   0   0   0   3   0   0   0   0     0    0    0   1.224     40  0.00
  116  116     0   0   0   0   0   0   0  50  50   0   0   0   0   0   0   0   0   0   0   0     0    0    0   0.693     23  0.00
  117  117     0   3   0   0   0   0   0  97   0   0   0   0   0   0   0   0   0   0   0   0     0    0    0   0.146      4  0.00
  118  118     0  20   0   0   0   0   0  77   0   0   3   0   0   0   0   0   0   0   0   0     0    0    0   0.639     21  0.00
  119  119    20   3  50   0   0   0   0  20   0   0   3   3   0   0   0   0   0   0   0   0     0    0    0   1.330     44  0.00
  120  120     0   0   3   3   0   0   0  79   3   0   0  10   0   0   0   0   0   0   0   0     0    0    0   0.767     25  0.00
  121  121    31   3  28   7   0   0   0   0  24   0   3   3   0   0   0   0   0   0   0   0     0    0    0   1.594     53  0.00
  122  122     3   0   0   0   0   0   0   0  34  62   0   0   0   0   0   0   0   0   0   0     0    0    0   0.779     26  0.00
  123  123     0  14   0   0   0   0   0   3   0  66   3   7   0   0   0   3   0   3   0   0     0    0    0   1.199     40  0.00
  124  124     7  59  24   3   0   0   0   0   0   0   3   0   3   0   0   0   0   0   0   0     0    0    0   1.189     39  0.00
  125  125     0   3   3   0   0   0  66   0   3   0   0   3   0   0   3  14   3   0   0   0     0    0    0   1.247     41  0.00
  126  126     0   3   0   0   0   0   7   3  34  17   3   7   0   0   0   0   0  24   0   0     0    0    0   1.731     57  0.00
  127  127     7  57  13  17   0   0   0   0   3   0   0   0   0   0   0   0   3   0   0   0     0    0    0   1.296     43  0.00
  128  128     7   7   7   3   0   0   3   0  57   0   3   0   0   0   0   0   0   0   0  13     0    0    0   1.472     49  0.00
  129  129     0   0   0   0   0   3   0   0   0   0   3   0   0   0   7  47   3  17  13   7     0    0    0   1.624     54  0.00
  130  130     0   3   0   0   0   3  13   0  13   0   0   0   0  10  20   3  20   7   0   7     0    0    0   2.113     70  0.00
  131  131     0  46   0  12  12  15   0   4   8   0   0   0   0   4   0   0   0   0   0   0     0    0    0   1.591     53  0.00
  132  132     0   0   7   4   0   0   0   7   0   4   4   7   0   4   7  29   7  21   0   0     0    0    0   2.107     70  0.00
  133  133     0   0   4   0   0   0  14   4   7   0   4   0   0   0   4  36   0  21   0   7     0    0    0   1.829     61  0.00
  134  134     0  10   3   3   0   0   0  17  10   0   3  10   3   3   7  17   3   3   3   0     0    0    0   2.424     80  0.00
  135  135     0   0   0   0   0   0   0  61   0   0   0   4   0   0   0   0   0   7  25   4     0    0    0   1.076     35  0.00
  136  136     7   4  21   7   0   0   0   0   0   0  11   0  21   0   0   7   0   7  14   0     0    0    0   2.051     68  0.00
  137  137     0   0   0   0   0   0   7   0   0   0   0  13   0  10   3  20  17  10  10  10     0    0    0   2.104     70  0.00
  138  138    40  10   7  13  13   0   0   0   3   0   0   7   0   0   0   0   0   7   0   0     0    0    0   1.789     59  0.00
  139  139     3   7  27   0   3   0   0   0   0   0   3  27   0   0   0  10   0   0   0  20     0    0    0   1.778     59  0.00
  140  140    23   3  27   3   0   0   0   0  10   0   7   7   0   3   0   0   0   0  17   0     0    0    0   1.922     64  0.00
  141  141    17  37  17   0   0   0  10   0   7   0   0  13   0   0   0   0   0   0   0   0     0    0    0   1.645     54  0.00
  142  142     7  43  13   0   0   0  17   7  13   0   0   0   0   0   0   0   0   0   0   0     0    0    0   1.559     52  0.00
  143  143     0   0   0   0   3   0   3  60  10   0   7   0   0   0  13   0   0   3   0   0     0    0    0   1.326     44  0.00
  144  144     3   0   0   0  28   0  21   7  31   0   3   0   0   0   7   0   0   0   0   0     0    0    0   1.645     54  0.00
  145  145     0   0   0   0   0   0   0  24  17   0   0   0   0   0  31  14  10   3   0   0     0    0    0   1.633     54  0.00
  146  146     0   0   0   0   0   0   0   0   0   0  31  34   0   0   3  21   0   0  10   0     0    0    0   1.407     46  0.00
  147  147     0   0   0   0   0   0   0   0  10  14   3   0   0   0  14  24   0  14   0  21     0    0    0   1.840     61  0.00
  148  148     0  14   0   0   3   0   0   3   3   0  10   0   0   0   0  14   0  21  10  21     0    0    0   2.016     67  0.00
  149  149    17  27   0   3   0   0   7   0   3   0   0   0   7   0   0   0   3  20   0  13     0    0    0   1.943     64  0.00
  150  150    17  17  13   3   0   0   0   0   7   0   3   0   0   0   3  27   0  10   0   0     0    0    0   1.969     65  0.00
  151  151     7  23  30   0  13   3   3   0   0   3   0   3   0   0   0   0   0  13   0   0     0    0    0   1.872     62  0.00
  152  152     0  43   0   7  20   3  20   0   7   0   0   0   0   0   0   0   0   0   0   0     0    0    0   1.481     49  0.00
  153  153     3   7   0   0   0   0   3   0   0   0   0   7   0   0   7  13   0  50   0  10     0    0    0   1.614     53  0.00
  154  154     0   3   7   0   0   0   0   0   0   0   3   0   0   3   0  23   0  20  17  23     0    0    0   1.820     60  0.00
  155  155     0   3   0   0   0   0   0   3   0   0   0   0   0   0  13   3   3  57   0  17     0    0    0   1.343     44  0.00
  156  156     0  26  15   7  44   0   0   0   0   0   0   4   4   0   0   0   0   0   0   0     0    0    0   1.430     47  0.00
  157  157     0   0   4   0   0   4   0   0  30   7  19   0   0   0  11   7   0  19   0   0     0    0    0   1.859     62  0.00
  158  158     4   4   0   0   0   0   0   0  11   0   4   7   0   4   0   7   7  32  21   0     0    0    0   1.976     65  0.00
  159  159    11  25   4   0   4  11  14   4  18   0   7   0   0   0   0   0   0   0   0   4     0    0    0   2.075     69  0.00
  160  160    11   4   0   0   0   0   0  11   7   0  14   0   0   0  11  25   0  14   0   4     0    0    0   2.047     68  0.00
  161  161     0   0   0   0   4   0   0   7   0   0   0   0   0   0   7   7   0  15  33  26     0    0    0   1.700     56  0.00
  162  162    45   5   0   5   9   0   0   0   0   0   0   9   5   0   0   5   0  14   0   5     0    0    0   1.769     59  0.00
  163  163     8   4   0   0   4   0   4   0   0   4   4  16   0   4   4  16   0  12  12   8     0    0    0   2.401     80  0.00
  164  164     8  46  35   0   4   0   4   0   0   0   0   4   0   0   0   0   0   0   0   0     0    0    0   1.297     43  0.00
  165  165    16   0   0   0   4   0   8   0   0   0  24   4   0   4   4  24   4   8   0   0     0    0    0   2.026     67  0.00
  166  166    34  10  45   0   0   0   0   0   0   3   0   3   0   0   0   3   0   0   0   0     0    0    0   1.310     43  0.00
  167  167     7   3   0   0   3   0   0   0  37   0   0  40  10   0   0   0   0   0   0   0     0    0    0   1.372     45  0.00
  168  168     7   3   0   0   0   0   3   0   0   0   3  69   0   0  14   0   0   0   0   0     0    0    0   1.062     35  0.00
  169  169     3   0   0   0   0   0   0   0   3   0   3   0   0   0   0   0   0   7   7  76     0    0    0   0.927     30  0.00
  170  170     3   0   0   0   0   0   0   0   0  14   3   3   0   0   0   3   0   3   0  69     0    0    0   1.110     37  0.00
  171  171     0   0   0   0   0   0   0  83   0   0   0   0   0   0   0   0   0   3  10   3     0    0    0   0.624     20  0.00
  172  172     0   0   0   0   0  14   0   0   0   0  66   7   0   0   0   0   0   7   0   7     0    0    0   1.104     36  0.00
  173  173     0   0   0   0   7   0  36   0  21  18   0   0   4   4   0   0   0   7   0   4     0    0    0   1.739     58  0.00
  174  174     0   0   0   0   0   0   0  85   0   0   7   0   0   0   0   0   0   0   4   4     0    0    0   0.574     19  0.00
  175  175     0  19  11   7  15   7   0   0   0   0   0  22   4   0   7   0   0   4   0   4     0    0    0   2.118     70  0.00
  176  176     0   0   0   0   0   0   0   0   4   0   0   4   0  14   7  68   0   0   4   0     0    0    0   1.087     36  0.00
  177  177     0   0   0   0   0   0   4  96   0   0   0   0   0   0   0   0   0   0   0   0     0    0    0   0.154      5  0.00
  178  178     7   7   0   0  39   0   0   0   0   0   0   4   0  21  18   0   4   0   0   0     0    0    0   1.620     54  0.00
  179  179    54   0   4   0   0   0   0   0   7  29   0   7   0   0   0   0   0   0   0   0     0    0    0   1.188     39  0.00
  180  180     0   0   0   0   0   0   0  25   4   0   0  46   0  11   0   0  14   0   0   0     0    0    0   1.339     44  0.00
  181  181     7   4   0  14   0   0   0   0   0   0   0   0   0   7   4   0  14  21   0  29     0    0    0   1.859     62  0.00
  182  182    29  29   4   0  18   0   0   0   7   4   0   0   0   0   4   7   0   0   0   0     0    0    0   1.758     58  0.00
  183  183     4  39  21  21   7   0   0   0   0   0   0   7   0   0   0   0   0   0   0   0     0    0    0   1.523     50  0.00
  184  184    14   4   0   0   0   0   0   0  11   4   0   4   0   0  11  11   7  11  14  11     0    0    0   2.298     76  0.00
  185  185     0   4   0   0   0   0   0   7   4   0   0   4   0   0  18  18   4  43   0   0     0    0    0   1.643     54  0.00
  186  186     4  26  26   0   0   0   0   0  15   0   0   0   0   0  15   4   0  11   0   0     0    0    0   1.754     58  0.00
  187  187     0   0   4   0   0   0   0   0   4   0   4   0   4   4   0  19   0  19  19  26     0    0    0   1.897     63  0.00
  188  188     4  12  12   0  31   0   4   0   0   0   0  15   0   0   4   0   0  15   0   4     0    0    0   1.938     64  0.00
  189  189     0   0   0   0   0   0   0   0   0   0  11   0   0   0   4  21   0  39  11  14     0    0    0   1.573     52  0.00
  190  190    25   0   4   0  25   0  11   4   4   0   0   7   0   7   0   0   0   0  14   0     0    0    0   1.944     64  0.00
  191  191     0   0   0   3   0   0   0   7   0   0  13  13   0   0   3   0   0  13   3  43     0    0    0   1.689     56  0.00
  192  192    10   7   7   3   0   3   0   0  37   0   0   0   3   0   3   7  13   0   7   0     0    0    0   2.042     68  0.00
  193  193    40  20  13   0   0   0   3   0  13   0   7   0   3   0   0   0   0   0   0   0     0    0    0   1.633     54  0.00
  194  194     3   7   7   0   7   3  50   0  17   0   0   0   0   7   0   0   0   0   0   0     0    0    0   1.594     53  0.00
  195  195    27   0  13   0   0   0   0   0  37   0   7  17   0   0   0   0   0   0   0   0     0    0    0   1.468     49  0.00
  196  196    10   0  10   0   0   0   0   0   0   0   3   0  77   0   0   0   0   0   0   0     0    0    0   0.778     25  0.00
  197  197     0   0   0   0   0   0   0 100   0   0   0   0   0   0   0   0   0   0   0   0     0    0    0   0.000      0  0.00
  198  198     0   0   0   0   0   0   0   0  17  77   7   0   0   0   0   0   0   0   0   0     0    0    0   0.683     22  0.00
  199  199     0   0   0   0   0   0   0   0   3  47   0  10   0   0   3   7   0  27   3   0     0    0    0   1.459     48  0.00
  200  200    13   0  27   0   0   0   0  10  13  20   0   0   0   0  13   0   3   0   0   0     0    0    0   1.824     60  0.00
  201  201     0   0   0 100   0   0   0   0   0   0   0   0   0   0   0   0   0   0   0   0     0    0    0   0.000      0  0.00
  202  202     0  47   3  27   0   0  20   0   0   0   0   0   0   0   0   0   0   3   0   0     0    0    0   1.257     41  0.00
  203  203     0   0   0   0   3   0   7   0  10   0   0   0   0   0   7  73   0   0   0   0     0    0    0   0.932     31  0.00
  204  204     0   0   0   3  14   0   3   0  38   0  10   3   0   0   3  17   3   3   0   0     0    0    0   1.875     62  0.00
  205  205    67  13   7   0   0   0   0   0   0   0   3   3   7   0   0   0   0   0   0   0     0    0    0   1.127     37  0.00
  206  206     7  21  10   7  14   0   0   0  24   0   3   3   3   0   0   3   0   0   0   3     0    0    0   2.126     70  0.00
  207  207     0   3   0   0   0   3   0   0   0   0   3   0   0   0   7  31  14  38   0   0     0    0    0   1.537     51  0.00
  208  208     3   3  17   0   0   0   0   0  10   0   7   3   0   0   7  28   3  17   0   0     0    0    0   2.029     67  0.00
  209  209     0  31   0  14  10   0  17  10   7   0   0   3   0   3   3   0   0   0   0   0     0    0    0   1.942     64  0.00
  210  210     0  17  17   0   3   0   0   0   7   7   0   0   0   0   7   7   0   3  14  17     0    0    0   2.152     71  0.00
  211  211     0   0   0   0   0   0   0   7   4   4   7   7   0   4   4   7  15  15  19   7     0    0    0   2.330     77  0.00
  212  212     0  21   0   4   7   0  29   7   4  11   0   0   0   4  11   4   0   0   0   0     0    0    0   2.020     67  0.00
  213  213     0   0   0   0   0   0   0  13   0   3   0   3   0   3   3   7   0  50   7  10     0    0    0   1.660     55  0.00
  214  214     3   0   0   0   0   0   0   0   0  14   0   0   0   3  41  10   3   3  21   0     0    0    0   1.663     55  0.00
  215  215    23  13  33   0   0   0   0   0  13   3   0  13   0   0   0   0   0   0   0   0     0    0    0   1.625     54  0.00
  216  216     3   0   0   0  10   7  53   0   0   0   0   0   0   0   0   0  20   7   0   0     0    0    0   1.362     45  0.00
  217  217    27  20  27   7  17   0   0   0   3   0   0   0   0   0   0   0   0   0   0   0     0    0    0   1.619     54  0.00
  218  218     0   0   0   0   0   0   0   0   0   0  77  20   0   0   0   0   0   0   0   3     0    0    0   0.639     21  0.00
  219  219     0  63   0  23   0   0   3   0  10   0   0   0   0   0   0   0   0   0   0   0     0    0    0   0.972     32  0.00
  220  220     0   0   0   0   0   0   0   0   0   0   0   0   0   0   0   0   0  90  10   0     0    0    0   0.325     10  0.00
  221  221     0   0   0   0   0   0   0   0   0   7  13   3   0   0  57   0   0  20   0   0     0    0    0   1.206     40  0.00
  222  222     0   0  10   0   0   0  23   0   0   0   0   7   0   0  57   3   0   0   0   0     0    0    0   1.186     39  0.00
  223  223     0   0   0 100   0   0   0   0   0   0   0   0   0   0   0   0   0   0   0   0     0    0    0   0.000      0  0.00
  224  224     7   0   3   0   0   0   0  13  23   0   0   0   0   0  10  37   0   7   0   0     0    0    0   1.681     56  0.00
  225  225     0   0   0   0   0   0   0   0   0   0   0   0  90   0   0   0   0   0   0  10     0    0    0   0.325     10  0.00
  226  226     0   0   0   0   0   0   0  93   3   0   3   0   0   0   0   0   0   0   0   0     0    0    0   0.291      9  0.00
  227  227    17   0  70   0   0   3   0   0   0   0   0  10   0   0   0   0   0   0   0   0     0    0    0   0.892     29  0.00
  228  228     0   0   0   0   0   0   0 100   0   0   0   0   0   0   0   0   0   0   0   0     0    0    0   0.000      0  0.00
  229  229    13   0  23  10   0   0   0   0  30   0   0   0   0   0   0  23   0   0   0   0     0    0    0   1.539     51  0.00
  230  230     0   0   0   0   0   0   0   0   0   0   0   0 100   0   0   0   0   0   0   0     0    0    0   0.000      0  0.00
  231  231     0   3   0   0  10   0  17  60   0   0   0   0   0   0   0   3   0   0   0   7     0    0    0   1.243     41  0.00
  232  232     0   0   0   0   0   0   0   7  33   0  23   0   0  30   0   0   7   0   0   0     0    0    0   1.428     47  0.00
  233  233     0   0   0   0   0   0   0   0   0   0   0   0 100   0   0   0   0   0   0   0     0    0    0   0.000      0  0.00
  234  234    55   0   9   0   0   0   0   0  18   0   5   0   9   0   5   0   0   0   0   0     0    0    0   1.358     45  0.00
  235  235    25  13   6   0   0   0   0   0   6   0   0   0  25   0   0   0   0  25   0   0     0    0    0   1.646     54  0.00
  236  236     0   0   0   0   6   0   0  13   0   0   0   6   0  50   0   6   0   6   0  13     0    0    0   1.560     52  0.00
  237  237    17   0   0   0   0   0   0   6   0   0   0  22   0   0   0   6   0   0  17  33     0    0    0   1.619     54  0.00
  238  238    11   0   0   0   0   0   0   5   0   5   5  11   0   0  16  37   0   5   5   0     0    0    0   1.908     63  0.00
  239  239    25   0   0   0   0   0   0  30   0   0   0   5   0   0   0   0   5  30   0   5     0    0    0   1.518     50  0.00
  240  240     0   0   0   0   0   0   0  26   0   0  16  16   0   0   0   0   0   5   5  32     0    0    0   1.608     53  0.00
  241  241    13   0   4   0   0   4   0   0   0   0  13  17   0   0   4   4   0  30   9   0     0    0    0   1.955     65  0.00
  242  242     4  15   4   4   4   0   0   4   4   0  27  19   0   0   0  12   0   0   4   0     0    0    0   2.085     69  0.00
  243  243     8   0   0   0   4   0   4  38   4   0  15   4   0  19   0   4   0   0   0   0     0    0    0   1.796     59  0.00
  244  244     0   0   0   0   0   8   8  15  23  12  12   4   0   0   4   0   8   8   0   0     0    0    0   2.165     72  0.00
  245  245    12  32  16   0   4   8  12   0   4   0   0   0   0   0   0  12   0   0   0   0     0    0    0   1.881     62  0.00
  246  246     0  12   0   0   0   0  19   0   0   0   0   0   4   0  12  50   4   0   0   0     0    0    0   1.413     47  0.00
  247  247    69   0  24   0   0   0   0   0   7   0   0   0   0   0   0   0   0   0   0   0     0    0    0   0.784     26  0.00
  248  248     0   0   0   0   0   0   0   0   0   0   0   0 100   0   0   0   0   0   0   0     0    0    0   0.000      0  0.00
  249  249    10   3   0   0   0   0   3   0   7   0   3  10   0   0  17  23   0  20   0   3     0    0    0   2.055     68  0.00
  250  250     0   0   0   0   0   0   0   0   3   0   0   0   0   0   0   0   3  13   0  80     0    0    0   0.674     22  0.00
  251  251     0   0   0   0   0   0   0 100   0   0   0   0   0   0   0   0   0   0   0   0     0    0    0   0.000      0  0.00
  252  252     0   0   0   0   0   0   0   0   0 100   0   0   0   0   0   0   0   0   0   0     0    0    0   0.000      0  0.00
  253  253    73   0  17   0   0   0   0   0   0   0   0   0   0   0   0   0   0  10   0   0     0    0    0   0.756     25  0.00
  254  254     0   0   0   0 100   0   0   0   0   0   0   0   0   0   0   0   0   0   0   0     0    0    0   0.000      0  0.00
  255  255     0  24   0   0   0  12   0   0   0   0   0  18   0   0  18  12   0   0   6  12     0    0    0   1.875     62  0.00
  256  256     0   0   6   0   0   0   0  65  24   0   6   0   0   0   0   0   0   0   0   0     0    0    0   0.955     31  0.00
  257  257     0   0   0   0   0   0   0   6   0   0  12   0   0   6   0  24  12  29   0  12     0    0    0   1.789     59  0.00
  258  258     0   0   0   0   0   0   0   0   0   0   0   0   0   0   0   6  53  41   0   0     0    0    0   0.869     28  0.00
  259  259    29  71   0   0   0   0   0   0   0   0   0   0   0   0   0   0   0   0   0   0     0    0    0   0.606     20  0.00
  260  260    13  13  13   0   0   0   0   0  13   0  50   0   0   0   0   0   0   0   0   0     0    0    0   1.386     46  0.00
  261  261     0 100   0   0   0   0   0   0   0   0   0   0   0   0   0   0   0   0   0   0     0    0    0   0.000      0  0.00
//
