ID Pseudo hssp file.
SEQ 
SEQ gi|7512438|pir||I39076 Flt3 ligand alternatively spliced isoform...   258  3e-68
SEQ gi|9257141|pdb|1ETE|A Chain A, Crystal Structure Of The Flt3 Lig...   257  7e-68
SEQ gi|631146|pir||S43293 FLT3/FLK2 ligand (clone S109) - human           257  7e-68
SEQ gi|1706818|sp|P49771|FL3L_HUMAN SL CYTOKINE PRECURSOR (FMS-RELAT...   254  4e-67
SEQ gi|13655261|ref|XP_008921.2| fms-related tyrosine kinase 3 ligan...   253  7e-67
SEQ gi|742376|prf||2009389B FLT3/FLK2 ligand [Homo sapiens]               253  8e-67
SEQ gi|4503751|ref|NP_001450.1| fms-related tyrosine kinase 3 ligand...   251  3e-66
SEQ gi|9367029|gb|AAF87088.1|AF155148_1 (AF155148) Flt3 ligand [Cani...   219  1e-56
SEQ gi|9800500|gb|AAF99322.1|AF282985_1 (AF282985) flt3 ligand isofo...   216  1e-55
SEQ gi|9367031|gb|AAF87089.1|AF155149_1 (AF155149) Flt3 ligand [Feli...   216  1e-55
SEQ gi|631671|pir||S43291 FLT3/FLK2 ligand (clone T118) - mouse >gi|...   195  3e-49
SEQ gi|1072041|gb|AAA90952.1| (U29875) Flt3 ligand alternatively spl...   191  3e-48
SEQ gi|1244795|gb|AAA93305.1| (U44024) Flt3 ligand, T169 form [Mus m...   189  2e-47
SEQ gi|1083326|pir||A49265 flt3/flk-2 ligand precursor - mouse >gi|4...   188  3e-47
SEQ gi|7305063|ref|NP_038548.1| FMS-like tyrosine kinase 3 ligand [M...   188  3e-47
SEQ gi|483847|gb|AAA18000.1| (U04807) FLT3/FLK2 ligand [Mus musculus]     187  5e-47
SEQ gi|9800502|gb|AAF99323.1|AF282986_1 (AF282986) flt3 ligand isofo...   177  5e-44
SEQ 
## SEQUENCE PROFILE AND ENTROPY
 SeqNo PDBNo   V   L   I   M   F   W   Y   G   A   P   S   T   C   H   R   K   Q   E   N   D  NOCC NDEL NINS ENTROPY RELENT WEIGHT
    1    1     0   0   0   0   0   0   0   0   0   0   0 100   0   0   0   0   0   0   0   0     0    0    0   0.000      0  0.00
    2    2     0   0   0   0   0   0   0   0   0  53   0   0   0   0   0   0  47   0   0   0     0    0    0   0.691     23  0.00
    3    3     0   0   0   0   0   0   0   0   0   0   0   0   0   0   0   0   0   0   0 100     0    0    0   0.000      0  0.00
    4    4     0   0   0   0   0   0   0   0   0   0   0   0 100   0   0   0   0   0   0   0     0    0    0   0.000      0  0.00
    5    5     0   0   0   0   0   0  33   0   0   0  67   0   0   0   0   0   0   0   0   0     0    0    0   0.637     21  0.00
    6    6     0   0   0   0 100   0   0   0   0   0   0   0   0   0   0   0   0   0   0   0     0    0    0   0.000      0  0.00
    7    7     0   0   0   0   0   0   0   0   0   0  44   0   0   0  11   0  44   0   0   0     0    0    0   0.965     32  0.00
    8    8     0   0   0   0   0   0   0   0   0   0   0   0   0 100   0   0   0   0   0   0     0    0    0   0.000      0  0.00
    9    9     0   0   0   0   0   0   0   0   0   0 100   0   0   0   0   0   0   0   0   0     0    0    0   0.000      0  0.00
   10   10     0   0   0   0   0   0   0   0   0 100   0   0   0   0   0   0   0   0   0   0     0    0    0   0.000      0  0.00
   11   11     0   0 100   0   0   0   0   0   0   0   0   0   0   0   0   0   0   0   0   0     0    0    0   0.000      0  0.00
   12   12     0   0   0   0   0   0   0   0   0   0 100   0   0   0   0   0   0   0   0   0     0    0    0   0.000      0  0.00
   13   13     0   0   0   0   0   0   0   0   0   0 100   0   0   0   0   0   0   0   0   0     0    0    0   0.000      0  0.00
   14   14     0   0   0   0   0   0   0   0   0   0   0  22   0   0   0   0   0   0  33  44     0    0    0   1.061     35  0.00
   15   15     0   0   0   0 100   0   0   0   0   0   0   0   0   0   0   0   0   0   0   0     0    0    0   0.000      0  0.00
   16   16     0   0   0   0   0   0   0   0  61   0   0   0   0   0   0  39   0   0   0   0     0    0    0   0.668     22  0.00
   17   17    89   0  11   0   0   0   0   0   0   0   0   0   0   0   0   0   0   0   0   0     0    0    0   0.349     11  0.00
   18   18     0   0   0   0   0   0   0   0   0   0   0  11   0   0   0  89   0   0   0   0     0    0    0   0.349     11  0.00
   19   19     0   0  67   0  33   0   0   0   0   0   0   0   0   0   0   0   0   0   0   0     0    0    0   0.637     21  0.00
   20   20     0   0   0   0   0   0   0  11   0   0   0   0   0   0  89   0   0   0   0   0     0    0    0   0.349     11  0.00
   21   21     0   0   0   0   0   0   0   0   0   0   0   0   0   0   0  22   0  78   0   0     0    0    0   0.530     17  0.00
   22   22     0 100   0   0   0   0   0   0   0   0   0   0   0   0   0   0   0   0   0   0     0    0    0   0.000      0  0.00
   23   23     0   0   0   0   0   0   0   0   0   0  67  33   0   0   0   0   0   0   0   0     0    0    0   0.637     21  0.00
   24   24     0   0   0   0   0   0   0   0   0   0   0   0   0   0   0  11   0   0   0  89     0    0    0   0.349     11  0.00
   25   25     0   0   0   0   0   0  67   0   0   0   0   0   0  33   0   0   0   0   0   0     0    0    0   0.637     21  0.00
   26   26     0 100   0   0   0   0   0   0   0   0   0   0   0   0   0   0   0   0   0   0     0    0    0   0.000      0  0.00
   27   27     0 100   0   0   0   0   0   0   0   0   0   0   0   0   0   0   0   0   0   0     0    0    0   0.000      0  0.00
   28   28     0   0   0   0   0   0   0   0   0   0   0   0   0   0   0  33  67   0   0   0     0    0    0   0.637     21  0.00
   29   29     0   0   0   0   0   0   0   0   0   0   0   0   0   0   0   0   0   0   0 100     0    0    0   0.000      0  0.00
   30   30     0   0   0   0   0   0 100   0   0   0   0   0   0   0   0   0   0   0   0   0     0    0    0   0.000      0  0.00
   31   31     0   0   0   0   0   0   0   0   0 100   0   0   0   0   0   0   0   0   0   0     0    0    0   0.000      0  0.00
   32   32   100   0   0   0   0   0   0   0   0   0   0   0   0   0   0   0   0   0   0   0     0    0    0   0.000      0  0.00
   33   33     0   0   0   0   0   0   0   0   0   0   0 100   0   0   0   0   0   0   0   0     0    0    0   0.000      0  0.00
   34   34   100   0   0   0   0   0   0   0   0   0   0   0   0   0   0   0   0   0   0   0     0    0    0   0.000      0  0.00
   35   35     0   0   0   0   0   0   0   0 100   0   0   0   0   0   0   0   0   0   0   0     0    0    0   0.000      0  0.00
   36   36    33   0   0   0   0   0   0   0   0   0  67   0   0   0   0   0   0   0   0   0     0    0    0   0.637     21  0.00
   37   37     0   0   0   0   0   0   0   0   0   0   0   0   0   0   0   0   0   0 100   0     0    0    0   0.000      0  0.00
   38   38     0 100   0   0   0   0   0   0   0   0   0   0   0   0   0   0   0   0   0   0     0    0    0   0.000      0  0.00
   39   39     0   0   0   0   0   0   0   0   0   0   0   0   0   0   0   0 100   0   0   0     0    0    0   0.000      0  0.00
   40   40     0   0   0   0   0   0   0   0   0   0   0   0   0   0   0   0   0   0   0 100     0    0    0   0.000      0  0.00
   41   41     0   0   0   0   0   0   0   0   0   0   0   0   0   0   0   0   0  67   0  33     0    0    0   0.637     21  0.00
   42   42     0   0   0   0   0   0   0   0   0   0   0   0   0   0   0  44   0  56   0   0     0    0    0   0.687     22  0.00
   43   43     0  67   0   0   0   0   0   0   0   0   0   0   0  33   0   0   0   0   0   0     0    0    0   0.637     21  0.00
   44   44     0   0   0   0   0   0   0   0   0   0   0   0 100   0   0   0   0   0   0   0     0    0    0   0.000      0  0.00
   45   45     0   0   0   0   0   0   0  67   0   0   0   0   0   0   0  33   0   0   0   0     0    0    0   0.637     21  0.00
   46   46     0   0   0   0   0   0   0  28  67   6   0   0   0   0   0   0   0   0   0   0     0    0    0   0.787     26  0.00
   47   47     0  78   0   0  22   0   0   0   0   0   0   0   0   0   0   0   0   0   0   0     0    0    0   0.530     17  0.00
   48   48     0   0   0   0   0 100   0   0   0   0   0   0   0   0   0   0   0   0   0   0     0    0    0   0.000      0  0.00
   49   49     0   0   0   0   0   0   0   0   0   0  33   0   0   6  61   0   0   0   0   0     0    0    0   0.828     27  0.00
   50   50     0 100   0   0   0   0   0   0   0   0   0   0   0   0   0   0   0   0   0   0     0    0    0   0.000      0  0.00
   51   51    67   0   0   0  33   0   0   0   0   0   0   0   0   0   0   0   0   0   0   0     0    0    0   0.637     21  0.00
   52   52     0 100   0   0   0   0   0   0   0   0   0   0   0   0   0   0   0   0   0   0     0    0    0   0.000      0  0.00
   53   53     0   0   0   0   0   0   0   0 100   0   0   0   0   0   0   0   0   0   0   0     0    0    0   0.000      0  0.00
   54   54     0   0   0   0   0   0   0   0   0   0   0   0   0   0   0   0 100   0   0   0     0    0    0   0.000      0  0.00
   55   55     0   0   0   0   0   0   0   0   0   0   0   0   0   0 100   0   0   0   0   0     0    0    0   0.000      0  0.00
   56   56     0   0   0   0   0 100   0   0   0   0   0   0   0   0   0   0   0   0   0   0     0    0    0   0.000      0  0.00
   57   57     0   0  33  67   0   0   0   0   0   0   0   0   0   0   0   0   0   0   0   0     0    0    0   0.637     21  0.00
   58   58     6   0   0   0   0   0   0  17   0   0   0   0   0   0   0   0   0  78   0   0     0    0    0   0.655     21  0.00
   59   59     0   0   0   0   0   0   0   0   0   0   0   0   0   0  67   0  33   0   0   0     0    0    0   0.637     21  0.00
   60   60     0 100   0   0   0   0   0   0   0   0   0   0   0   0   0   0   0   0   0   0     0    0    0   0.000      0  0.00
   61   61     0   0   0   0   0   0   0   0   0   0   0   0   0   0   0  94   6   0   0   0     0    0    0   0.215      7  0.00
   62   62     0   0   0   0   0   0   0   0  11   0   0  89   0   0   0   0   0   0   0   0     0    0    0   0.349     11  0.00
   63   63   100   0   0   0   0   0   0   0   0   0   0   0   0   0   0   0   0   0   0   0     0    0    0   0.000      0  0.00
   64   64     0   0   0   0   0   0   0   0 100   0   0   0   0   0   0   0   0   0   0   0     0    0    0   0.000      0  0.00
   65   65     0   0   0   0   0   0   0 100   0   0   0   0   0   0   0   0   0   0   0   0     0    0    0   0.000      0  0.00
   66   66     0   0   0   0   0   0   0   0   0   0 100   0   0   0   0   0   0   0   0   0     0    0    0   0.000      0  0.00
   67   67     0   0   0   0   0   0   0   0   0   0   0   0   0   0   0  78  11  11   0   0     0    0    0   0.684     22  0.00
   68   68     0   0   0 100   0   0   0   0   0   0   0   0   0   0   0   0   0   0   0   0     0    0    0   0.000      0  0.00
   69   69     0   0   0   0   0   0   0   0   0   0   0   0   0   0   0   0  89  11   0   0     0    0    0   0.349     11  0.00
   70   70     0   0   6   0   0   0   0  44   0   0   6  33   0   0   0  11   0   0   0   0     0    0    0   1.292     43  0.00
   71   71     0 100   0   0   0   0   0   0   0   0   0   0   0   0   0   0   0   0   0   0     0    0    0   0.000      0  0.00
   72   72     0 100   0   0   0   0   0   0   0   0   0   0   0   0   0   0   0   0   0   0     0    0    0   0.000      0  0.00
   73   73     0   0   0   0   0   0   0   0   0   0   0   0   0   0   0   0   0 100   0   0     0    0    0   0.000      0  0.00
   74   74     0   0   0   0   0   0   0   0  11   0   0   0   0   0  44   0   0   0   0  44     0    0    0   0.965     32  0.00
   75   75   100   0   0   0   0   0   0   0   0   0   0   0   0   0   0   0   0   0   0   0     0    0    0   0.000      0  0.00
   76   76     0   0   0   0   0   0   0   0   0   0   0   0   0   0   0   0   0   0 100   0     0    0    0   0.000      0  0.00
   77   77     0   0   0   0   0   0   0   0   0   0   0 100   0   0   0   0   0   0   0   0     0    0    0   0.000      0  0.00
   78   78     0   0   0   0   0   0   0   0   0   0   0   0   0   0   0   0   0 100   0   0     0    0    0   0.000      0  0.00
   79   79     0   0 100   0   0   0   0   0   0   0   0   0   0   0   0   0   0   0   0   0     0    0    0   0.000      0  0.00
   80   80     0   0   0   0   0   0   0   0   0   0   0   0   0 100   0   0   0   0   0   0     0    0    0   0.000      0  0.00
   81   81     0   0   0   0 100   0   0   0   0   0   0   0   0   0   0   0   0   0   0   0     0    0    0   0.000      0  0.00
   82   82   100   0   0   0   0   0   0   0   0   0   0   0   0   0   0   0   0   0   0   0     0    0    0   0.000      0  0.00
   83   83     0   0   0   0   0   0   0   0   0   0   0 100   0   0   0   0   0   0   0   0     0    0    0   0.000      0  0.00
   84   84     0   6   0   0   6   0   0   0   0   0  44   0   0   0   0  44   0   0   0   0     0    0    0   1.042     34  0.00
   85   85     0   0   0   0   0   0   0   0   0   0   0   0 100   0   0   0   0   0   0   0     0    0    0   0.000      0  0.00
   86   86     0   0   0   0   0   0   0   0  67   0   0  33   0   0   0   0   0   0   0   0     0    0    0   0.637     21  0.00
   87   87     0   0   0   0 100   0   0   0   0   0   0   0   0   0   0   0   0   0   0   0     0    0    0   0.000      0  0.00
   88   88     0   0   0   0   0   0   0   0   0   0   0   0   0   0   0   0 100   0   0   0     0    0    0   0.000      0  0.00
   89   89     0   0   0   0   0   0   0   0   0 100   0   0   0   0   0   0   0   0   0   0     0    0    0   0.000      0  0.00
   90   90     0  53   0   0   0   0   0   0   0  47   0   0   0   0   0   0   0   0   0   0     0    0    0   0.691     23  0.00
   91   91     0   0   0   0   0   0   0   0   0 100   0   0   0   0   0   0   0   0   0   0     0    0    0   0.000      0  0.00
   92   92     0   0   0   0   0   0   0   0   0   0  65   0   0   0   0   0   0  35   0   0     0    0    0   0.649     21  0.00
   93   93     0   0   0   0   0   0   0   0   0   0   0   0 100   0   0   0   0   0   0   0     0    0    0   0.000      0  0.00
   94   94     0 100   0   0   0   0   0   0   0   0   0   0   0   0   0   0   0   0   0   0     0    0    0   0.000      0  0.00
   95   95     0   0   0   0   0   0   0   0   0   0   0   0   0   0 100   0   0   0   0   0     0    0    0   0.000      0  0.00
   96   96     0   0   0   0 100   0   0   0   0   0   0   0   0   0   0   0   0   0   0   0     0    0    0   0.000      0  0.00
   97   97   100   0   0   0   0   0   0   0   0   0   0   0   0   0   0   0   0   0   0   0     0    0    0   0.000      0  0.00
   98   98     0   0   0   0   0   0   0   0   0   0   0   0   0   0   0   0 100   0   0   0     0    0    0   0.000      0  0.00
   99   99     0   0   0   0   0   0   0   0   6   0   0  94   0   0   0   0   0   0   0   0     0    0    0   0.224      7  0.00
  100  100     0   0   0   0   0   0   0   0   0   0   0   0   0   0   0   0   0   0 100   0     0    0    0   0.000      0  0.00
  101  101     0   0 100   0   0   0   0   0   0   0   0   0   0   0   0   0   0   0   0   0     0    0    0   0.000      0  0.00
  102  102     0   0   0   0   0   0   0   0   0   0 100   0   0   0   0   0   0   0   0   0     0    0    0   0.000      0  0.00
  103  103     0   0   0   0   0   0   0   0   0   0   0   0   0  53  47   0   0   0   0   0     0    0    0   0.691     23  0.00
  104  104     0 100   0   0   0   0   0   0   0   0   0   0   0   0   0   0   0   0   0   0     0    0    0   0.000      0  0.00
  105  105     0 100   0   0   0   0   0   0   0   0   0   0   0   0   0   0   0   0   0   0     0    0    0   0.000      0  0.00
  106  106     0   0   0   0   0   0   0   0   0   0   0   0   0   0   0  33  67   0   0   0     0    0    0   0.637     21  0.00
  107  107     0   0   0   0   0   0   0   0   0   0   0   0   0   0   0   0   0  44   0  56     0    0    0   0.687     22  0.00
  108  108     0   0   0   0   0   0   0   0   0   0   0 100   0   0   0   0   0   0   0   0     0    0    0   0.000      0  0.00
  109  109     0   0   0   0   0   0   0   0   0   0  56   0  33  11   0   0   0   0   0   0     0    0    0   0.937     31  0.00
  110  110     0   0   0   0   0   0   0   0   0   0   0  33   0   0   0   0  17  50   0   0     0    0    0   1.011     33  0.00
  111  111     0   0   0   0   0   0   0   0   0   0   0   0   0   0   0   0 100   0   0   0     0    0    0   0.000      0  0.00
  112  112     0 100   0   0   0   0   0   0   0   0   0   0   0   0   0   0   0   0   0   0     0    0    0   0.000      0  0.00
  113  113    44  33   0   0   0   0   0   0  11   0   0   0   0   0   0   0   0  11   0   0     0    0    0   1.215     40  0.00
  114  114     0   0   0   0   0   0   0   6  94   0   0   0   0   0   0   0   0   0   0   0     0    0    0   0.215      7  0.00
  115  115     0 100   0   0   0   0   0   0   0   0   0   0   0   0   0   0   0   0   0   0     0    0    0   0.000      0  0.00
  116  116     0   0   0   0   0   0   0   0   0   0   0   0   0   0   0 100   0   0   0   0     0    0    0   0.000      0  0.00
  117  117     0   0   0   0   0   0   0   0   0 100   0   0   0   0   0   0   0   0   0   0     0    0    0   0.000      0  0.00
  118  118     0   0   0   0   0  67   0   0   0   0   0   0  33   0   0   0   0   0   0   0     0    0    0   0.637     21  0.00
  119  119     0   0 100   0   0   0   0   0   0   0   0   0   0   0   0   0   0   0   0   0     0    0    0   0.000      0  0.00
  120  120     0   0   0   0   0   0   0  33   0   0   0  67   0   0   0   0   0   0   0   0     0    0    0   0.637     21  0.00
  121  121     0   0   0   0   0   0   0   0   0   0   0   0   0  11  56  33   0   0   0   0     0    0    0   0.937     31  0.00
  122  122     0   0   0   0   0   0   0   0   0   0   0   0   0   0  22   0  78   0   0   0     0    0    0   0.530     17  0.00
  123  123     0   0   0   0   0   0   0   0   0   0   0   0   0   0   0   0   0   0 100   0     0    0    0   0.000      0  0.00
  124  124     0   0   0   0 100   0   0   0   0   0   0   0   0   0   0   0   0   0   0   0     0    0    0   0.000      0  0.00
  125  125     0   0   0   0   0   0   0   0   0   0 100   0   0   0   0   0   0   0   0   0     0    0    0   0.000      0  0.00
  126  126     0   0   0   0   0   0   0  11   0   0   0   0   0   0  89   0   0   0   0   0     0    0    0   0.349     11  0.00
  127  127     0   0   0   0   0   0   0   0   0   0   0   0 100   0   0   0   0   0   0   0     0    0    0   0.000      0  0.00
  128  128     0 100   0   0   0   0   0   0   0   0   0   0   0   0   0   0   0   0   0   0     0    0    0   0.000      0  0.00
  129  129     0   0   0   0   0   0   0   0   0   0   0   0   0   0   0   0   0 100   0   0     0    0    0   0.000      0  0.00
  130  130    33  67   0   0   0   0   0   0   0   0   0   0   0   0   0   0   0   0   0   0     0    0    0   0.637     21  0.00
  131  131     0   0   0   0   0   0   0   0   0   0   0   0   0   6   0   0  94   0   0   0     0    0    0   0.215      7  0.00
  132  132     0   0   0   0   0   0   0   0   0   0   0   0 100   0   0   0   0   0   0   0     0    0    0   0.000      0  0.00
  133  133     0   0   0   0   0   0   0   0   0   0   0   0   0   0   0   0 100   0   0   0     0    0    0   0.000      0  0.00
  134  134     0   0   0   0   0   0   0   0   0 100   0   0   0   0   0   0   0   0   0   0     0    0    0   0.000      0  0.00
//
