ID Pseudo hssp file.
SEQ 
SEQ gi|2493972|sp|Q52369|CYC4_PSEST CYTOCHROME C4 PRECURSOR >gi|5168...   351  3e-96
SEQ gi|1942375|pdb|1ETP|A Chain A, Crystal Structure Of Cytochrome C...   345  3e-94
SEQ gi|1706230|sp|P43302|CYC4_AZOVI CYTOCHROME C4 PRECURSOR >gi|2117...   267  8e-71
SEQ gi|12230895|sp|P00106|CYC4_PSEAE CYTOCHROME C4 PRECURSOR >gi|113...   252  4e-66
SEQ gi|65554|pir||CCPS4A cytochrome c4 - Pseudomonas aeruginosa           197  9e-50
SEQ gi|11248813|pir||F82364 cytochrome c4 VC0112 [similarity] - Vibr...   169  3e-41
SEQ gi|6683510|dbj|BAA89217.1| (AB032405) soluble cytochrome cB [She...   168  5e-41
SEQ gi|11248815|pir||F81040 cytochrome C4 NMB1805 [imported] - Neiss...   116  2e-25
SEQ gi|14251201|gb|AAF76296.2|AF220499_1 (AF220499) putative cytochr...   104  7e-22
SEQ gi|11352444|pir||C83364 pyoverdine biosynthesis protein PvcD PA2...    99  5e-20
SEQ gi|6691667|dbj|BAA89395.1| (AB025342) ORF21 [Moritella marina]         84  1e-15
SEQ gi|11351214|pir||B83334 probable cytochrome c PA2482 [imported] ...    75  9e-13
SEQ gi|7473460|pir||F75267 probable cytochrome c4 - Deinococcus radi...    73  4e-12
SEQ gi|2851568|sp|P74917|C552_THIFE CYTOCHROME C-552 PRECURSOR (C552...    73  4e-12
SEQ gi|115243|sp|P00105|C554_PARSP CYTOCHROME C-554(548) (C554) >gi|...    64  9e-10
SEQ gi|11354852|pir||C82100 cytochrome c554 VC2241 [imported] - Vibr...    63  3e-09
SEQ gi|11354853|pir||F82418 cytochrome c554 VCA0766 [imported] - Vib...    53  3e-06
SEQ gi|5822023|pdb|1CNO|G Chain G, Structure Of Pseudomonas Nautica ...    46  3e-04
SEQ gi|13124004|sp|P82903|C552_MARHY CYTOCHROME C-552 (C552)               46  4e-04
SEQ gi|809394|pdb|1FCD|C Chain C, Flavocytochrome C Sulfide Dehydrog...    45  7e-04
SEQ gi|729285|sp|Q06529|CYSD_CHRVI CYTOCHROME SUBUNIT OF SULFIDE DEH...    45  7e-04
SEQ 
## SEQUENCE PROFILE AND ENTROPY
 SeqNo PDBNo   V   L   I   M   F   W   Y   G   A   P   S   T   C   H   R   K   Q   E   N   D  NOCC NDEL NINS ENTROPY RELENT WEIGHT
    1    1     0   0   0   0   0   0   0   0  83   0  17   0   0   0   0   0   0   0   0   0     0    0    0   0.451     15  0.00
    2    2     0   0   0   0   0   0   0  93   7   0   0   0   0   0   0   0   0   0   0   0     0    0    0   0.257      8  0.00
    3    3     0   0   0   0   0   0   0   0   0   0   6   0   0   0   0   0   0   0   6  88     0    0    0   0.463     15  0.00
    4    4    11   0  17   0   0   0   0   0  61   6   0   6   0   0   0   0   0   0   0   0     0    0    0   1.165     38  0.00
    5    5     6   0   0   0   0   0   0   0  33   6   0   0   0   0   0   0   0  44   6   6     0    0    0   1.369     45  0.00
    6    6     6  11   0   0   0   0   0   0  72   0   0   0   0   0   6   6   0   0   0   0     0    0    0   0.961     32  0.00
    7    7     0   0   0   0   0   0   0  89   6   6   0   0   0   0   0   0   0   0   0   0     0    0    0   0.426     14  0.00
    8    8     0   0   0   0   0   0   6   0   6   0   0   0   0   0   6  28  50   6   0   0     0    0    0   1.345     44  0.00
    9    9     6   0   0   0   0   0   0  28  39   6   0   6   0   0   6   0   6   0   0   6     0    0    0   1.687     56  0.00
   10   10    11   0   6   0   0   0   0   0   6   0   0   0   0   0   0  78   0   0   0   0     0    0    0   0.761     25  0.00
   11   11    16   5   5   0   0   0   0   0  58   0  16   0   0   0   0   0   0   0   0   0     0    0    0   1.209     40  0.00
   12   12     0   5   5   0   0   0   0  10  50   5   5  15   0   0   0   5   0   0   0   0     0    0    0   1.610     53  0.00
   13   13    55   0   0   5   0   0   0   0   5   0   5  25   0   0   0   0   0   0   0   5     0    0    0   1.275     42  0.00
   14   14     0   0   0   0   0   0   0   0   0   0   0   0 100   0   0   0   0   0   0   0     0    0    0   0.000      0  0.00
   15   15    18   0   0   9   0   0   0  27  36   0   9   0   0   0   0   0   0   0   0   0     0    0    0   1.468     49  0.00
   16   16     5   0   0   0   5   0   0  14  68   0   0   5   0   0   5   0   0   0   0   0     0    0    0   1.095     36  0.00
   17   17     0   0   0   0   0   0   0   0   0   0   0   0 100   0   0   0   0   0   0   0     0    0    0   0.000      0  0.00
   18   18     0   0   0   0   0   0   0   0   0   0   0   0   0 100   0   0   0   0   0   0     0    0    0   0.000      0  0.00
   19   19     0   0   0   0   0   0   0  91   5   0   0   0   0   0   0   0   0   0   0   5     0    0    0   0.368     12  0.00
   20   20    18   0   0  14   0   0   0   0  27   5   0  18   0   0   0   5   9   0   0   5     0    0    0   1.885     62  0.00
   21   21     0   0   0   0   0   0   0   0   0   0   0  14   0  10   0   0   0   0  10  67     0    0    0   0.996     33  0.00
   22   22     0   0   0   0   0   0   0 100   0   0   0   0   0   0   0   0   0   0   0   0     0    0    0   0.000      0  0.00
   23   23     5   5  19   5   0   0   0   0   0   0   0   0   0   0   0   5   5   0  52   5     0    0    0   1.524     50  0.00
   24   24     0   0   0   0   0   0   0  23   9   0  64   5   0   0   0   0   0   0   0   0     0    0    0   0.983     32  0.00
   25   25    23   9   0   0   0   0   0   5   9  32   5   9   0   0   0   0   9   0   0   0     0    0    0   1.854     61  0.00
   26   26     9   9  14   0   0   0   5  14  36   0   0   0   0   0   5   0   9   0   0   0     0    0    0   1.846     61  0.00
   27   27     5   0   0   0   0   0   0   5  14  68   0   5   0   0   0   0   0   0   0   5     0    0    0   1.095     36  0.00
   28   28     0   0  23   9   0   0   0  14   9   5   9   0   0   0   0   0   0   0  27   5     0    0    0   1.898     63  0.00
   29   29     5   0   5   0  36   0  41   0   5   0   9   0   0   0   0   0   0   0   0   0     0    0    0   1.373     45  0.00
   30   30     0   0   0   0   0   0   0   0   0 100   0   0   0   0   0   0   0   0   0   0     0    0    0   0.000      0  0.00
   31   31     0   0   0   0   0   0   0   0   0   0  14   0   0   0  14  45   0   0  23   5     0    0    0   1.379     46  0.00
   32   32     0  91   9   0   0   0   0   0   0   0   0   0   0   0   0   0   0   0   0   0     0    0    0   0.305     10  0.00
   33   33     0   0   0   0   0   0   0   0  86   0   0   5   0   0   0   5   0   0   0   5     0    0    0   0.548     18  0.00
   34   34     0   0   0   0   0   0   0  86   5   0   0   0   0   0   0   0   9   0   0   0     0    0    0   0.485     16  0.00
   35   35     0  14   0   9   0   0   0   0   0   0   0   0   0   0   0   0  77   0   0   0     0    0    0   0.689     22  0.00
   36   36     0   5   5   0   0   5   0  27   0   5  14   0   0  14   0   9   5   0   0  14     0    0    0   2.090     69  0.00
   37   37     0   0   0   0   0   0   0   0  23  14   0   5   0   0   5   5   5  45   0   0     0    0    0   1.529     51  0.00
   38   38     0   0   0   9   0   0   0   0  14   5   9   5   0   0  27   5  14   9   5   0     0    0    0   2.114     70  0.00
   39   39     9   0   0   0   0   0  91   0   0   0   0   0   0   0   0   0   0   0   0   0     0    0    0   0.305     10  0.00
   40   40     0  73   9   5   9   0   0   0   0   0   0   5   0   0   0   0   0   0   0   0     0    0    0   0.949     31  0.00
   41   41    23  27   5   5   0   0  18   0   0   0   5   0   0   0   0   0   5  14   0   0     0    0    0   1.835     61  0.00
   42   42     0   0   0   0   5   0   0   0  14   0  14   0   0   5   0  50   0   9   5   0     0    0    0   1.529     51  0.00
   43   43     9   0   0   0   0   0   0   0  14   0   9   0   0   0   0   0  68   0   0   0     0    0    0   0.969     32  0.00
   44   44     5  55   9  27   0   0   0   0   0   0   0   5   0   0   0   0   0   0   0   0     0    0    0   1.184     39  0.00
   45   45     0   0   5   0   0   0   5   0   5   0   0   0   0  23   0  32  18   9   5   0     0    0    0   1.791     59  0.00
   46   46     0   5   0   0   0   0   0  14  32   0   0   0   0   0   0   0   0   5   5  41     0    0    0   1.423     47  0.00
   47   47     0  14  32   0  27   0  27   0   0   0   0   0   0   0   0   0   0   0   0   0     0    0    0   1.345     44  0.00
   48   48     5   0   0   0   0   0   0   0   0   0   0   0   0   0  23  68   5   0   0   0     0    0    0   0.879     29  0.00
   49   49     0   9   0   0   0   0   0   0  32   0  23   5   0   0   0   0   5   0   5  23     0    0    0   1.677     55  0.00
   50   50     0   0   0   0   0   0   0  73   5   0   0   0   0   9   0   9   5   0   0   0     0    0    0   0.949     31  0.00
   51   51     0  10   0   0   0   0   0   5  10   0  19  10   0   0   5  14  14  14   0   0     0    0    0   2.112     70  0.00
   52   52     0   0  12   0   0   0   0   0   0   0  12  18   0   0  47  12   0   0   0   0     0    0    0   1.416     47  0.00
   53   53     0   0   0   0   0   0   0   0   7  36   7  21   0   0   7   7  14   0   0   0     0    0    0   1.730     57  0.00
   54   54     0   0   0   0   0   0   0  71   0   0   7   0   0   7   0   0   0   7   0   7     0    0    0   0.994     33  0.00
   55   55     0   0   0   0   0   0   0  44  38   0   0   0   0   6   0   0   6   0   6   0     0    0    0   1.249     41  0.00
   56   56     6   6   0   0   0   0   0   0   6  31  19   0   0   0   0  13  13   0   6   0     0    0    0   1.890     63  0.00
   57   57     0   0   0   0   0   0   0   0  33   0   0  13   0   0   0   0   7  40   0   7     0    0    0   1.362     45  0.00
   58   58     0   0  13   0   0   0   0  40  20  20   0   0   0   0   7   0   0   0   0   0     0    0    0   1.459     48  0.00
   59   59    43   7   0  21   0   0   0   0   0   0   7   7   0   0  14   0   0   0   0   0     0    0    0   1.537     51  0.00
   60   60     0   0   0   0   0   0  10  70  10   0   0   0   0   0   0   0   0   0  10   0     0    0    0   0.940     31  0.00
   61   61     0   0   0   0   0   0   0   0   0   7   0   0   0   0  67   7   0   0   7  13     0    0    0   1.081     36  0.00
   62   62     0   0   0   8   0   0   0   8   8  15   0  15   0   0   8  38   0   0   0   0     0    0    0   1.733     57  0.00
   63   63    57   0  14   0   0   0   0   0   7   0   0   0   0   0   0   0   0   7  14   0     0    0    0   1.253     41  0.00
   64   64     0  55   9   9   0   0   0   0   9   9   0   0   0   0   0   0   0   9   0   0     0    0    0   1.421     47  0.00
   65   65     8   0   0   8   0   0   8   0   8   0   0   8   0   0   0   0   8  50   0   0     0    0    0   1.589     53  0.00
   66   66     0   0   0  90   0   0   0   0   5   0   0   5   0   0   0   0   0   0   0   0     0    0    0   0.394     13  0.00
   67   67     0   0   0   0   0  10   0   5   0   0   5  35   0   0   5  10  25   0   5   0     0    0    0   1.774     59  0.00
   68   68     0   0   0   0   0   0   0  60  15  15   0   0   0   0   0   0   5   0   5   0     0    0    0   1.175     39  0.00
   69   69    14   9  18  41   0   0   0   0   0   0   0   0   0   0   5   0  14   0   0   0     0    0    0   1.577     52  0.00
   70   70     9  32   0   5   0   0   0   5  50   0   0   0   0   0   0   0   0   0   0   0     0    0    0   1.210     40  0.00
   71   71     0   0   0  14   0   0   0   0  10   0   5  19   0   0   0  10  14   5   0  24     0    0    0   1.951     65  0.00
   72   72     0   0   0   5   0   0   0  15  20  20   5   0   0   0   5   5   0   5  15   5     0    0    0   2.112     70  0.00
   73   73     0  86   0   0   5   0   9   0   0   0   0   0   0   0   0   0   0   0   0   0     0    0    0   0.485     16  0.00
   74   74     0   0   0   0   0   0   0   5   0   0  77   5   0   0   0   0   0   0   5   9     0    0    0   0.839     27  0.00
   75   75     5   0   0   0   0   0   0   0   5   5   5  10   0   0   0   0   0   0   0  71     0    0    0   1.044     34  0.00
   76   76     0   0   0   0   0   0   0   0  33   0   0   0   0   0   0   5  43  14   0   5     0    0    0   1.297     43  0.00
   77   77     0   0   0   0   0   0   0   0   0   0   0   0   0   0   0   5   5   5   0  86     0    0    0   0.548     18  0.00
   78   78     9  27  50   0   9   0   0   0   0   0   0   0   0   0   0   5   0   0   0   0     0    0    0   1.277     42  0.00
   79   79     5   9   0   0   0   0   0   0  41   0   0   5   0   0   5   0   9  27   0   0     0    0    0   1.577     52  0.00
   80   80     0   5   0   0   0   0   0   0  14   0   0   0   0   0   0   9   5   0  23  45     0    0    0   1.466     48  0.00
   81   81    18  41  27   9   0   0   0   0   5   0   0   0   0   0   0   0   0   0   0   0     0    0    0   1.388     46  0.00
   82   82     0   0   0   0   0   0   0   0  86   0  14   0   0   0   0   0   0   0   0   0     0    0    0   0.398     13  0.00
   83   83     0   0   0   0   0   0   0   9  68   0   5   0   0   0   0   0   0   0   9   9     0    0    0   1.056     35  0.00
   84   84     0   0   0   0   9   5  82   0   0   0   0   5   0   0   0   0   0   0   0   0     0    0    0   0.663     22  0.00
   85   85     0   5   0   0  52   0  43   0   0   0   0   0   0   0   0   0   0   0   0   0     0    0    0   0.847     28  0.00
   86   86     0   0   0   0   0   0   0   0  50   0  32   5   0   0   0   9   0   0   5   0     0    0    0   1.210     40  0.00
   87   87     0   0   0   0   0   0   0   0  18   0  64   5   0   0   0   5   9   0   0   0     0    0    0   1.097     36  0.00
   88   88     0  10   0  10   0   0   0   0   0   0   5   0   0   0   0   0  75   0   0   0     0    0    0   0.826     27  0.00
   89   89     0   0   0   0   0   0   0   0   5  10   0   5   0   0   5  45  20   5   0   5     0    0    0   1.660     55  0.00
   90   90     0   0   6  18   0   0   0  24   6  35  12   0   0   0   0   0   0   0   0   0     0    0    0   1.599     53  0.00
   91   91     0   0   0   0   0   0   0   0  18  24  41   6   0   0   0  12   0   0   0   0     0    0    0   1.430     47  0.00
   92   92    41   0   0   6   0   0   0   6  24   0   6   0   0   0   0  18   0   0   0   0     0    0    0   1.512     50  0.00
   93   93     0   0   0   0   0   6   0  47   0   6   0   0   0   0   0  12  18   6   6   0     0    0    0   1.579     52  0.00
   94   94    12   6   0  18   0   0  18   0   6   0  24   6   0   0   0   6   0   6   0   0     0    0    0   2.038     68  0.00
   95   95     6   0   0   0  12   0   0   0  59   0   6   6   0   0   0   6   0   6   0   0     0    0    0   1.397     46  0.00
   96   96     0  12   0   0   0   0   0   0   0   6   0   0   0   0   0   6   0   6  12  59     0    0    0   1.316     43  0.00
   97   97     0   0   0   0   0   0   0   6   6  56   6  13   0   6   0   0   0   6   0   0     0    0    0   1.450     48  0.00
   98   98     0   0   6   0   0   0   0   0  50   0   0   0   0   0  13  13   6   0   6   6     0    0    0   1.560     52  0.00
   99   99    12  53   6   0   0   0   0   6   6   6   0   0   0   0   0   0   6   6   0   0     0    0    0   1.588     53  0.00
  100  100    24   0   0   0   0   0   0   0  53   0   0   0   0   0  12   6   0   0   6   0     0    0    0   1.262     42  0.00
  101  101     6   0   0   0   0   0   0   0  29   6   6   0   0   0   0  24   0  12   0  18     0    0    0   1.758     58  0.00
  102  102     0   0   0   0   0   0   0   6   6  12   0  12   0   0  12   0  29  18   0   6     0    0    0   1.921     64  0.00
  103  103     0   0   0   0   0   0   0  94   0   0   0   6   0   0   0   0   0   0   0   0     0    0    0   0.215      7  0.00
  104  104     0   0   0   0   0   0   0   0  17   0   0   0   0   0   6  17  11  50   0   0     0    0    0   1.349     45  0.00
  105  105     6   0   0   0   0   0   0   0  17   0   0  11   0   0   6  50  11   0   0   0     0    0    0   1.455     48  0.00
  106  106     0  83  17   0   0   0   0   0   0   0   0   0   0   0   0   0   0   0   0   0     0    0    0   0.451     15  0.00
  107  107     0   0   6   0  44   0  33   0   6   0   0   0   0  11   0   0   0   0   0   0     0    0    0   1.292     43  0.00
  108  108     6   0   0   0   6   0   0   0   0   0   0  17   0   0  39   6   0  11   6  11     0    0    0   1.796     59  0.00
  109  109     0   0   0   0   0   0   0  56  13   0   0   0   0   0   6   0  19   0   6   0     0    0    0   1.244     41  0.00
  110  110     0   0   0   0   0   0   0 100   0   0   0   0   0   0   0   0   0   0   0   0     0    0    0   0.000      0  0.00
  111  111     6  13   6   0   0   0   0   6   6   0   0   0   0   0   0  38   0   0   0  25     0    0    0   1.667     55  0.00
  112  112     0  25  13   6   0  13   0   0  19   6  13   6   0   0   0   0   0   0   0   0     0    0    0   1.960     65  0.00
  113  113     0   0   0   0   0   0   0   0  25   0   6   6   0   0   0   0  13   6  19  25     0    0    0   1.787     59  0.00
  114  114     0   6   0   0   0   0   0   0   0   6   0   0   0   0  38   6  19  19   0   6     0    0    0   1.689     56  0.00
  115  115     0   0   0   0   0   0   0  56  13   0   0   0   0   6   0   6   6   0  13   0     0    0    0   1.363     45  0.00
  116  116    25   6  25  38   0   0   0   0   6   0   0   0   0   0   0   0   0   0   0   0     0    0    0   1.408     46  0.00
  117  117     0   0   6   0   0   0   0   0   6  67   0  11   0   0   0  11   0   0   0   0     0    0    0   1.080     36  0.00
  118  118     0   0   0   0   0   0  11   0  78   6   0   0   0   0   0   0   0   6   0   0     0    0    0   0.761     25  0.00
  119  119     0   0   0   0   0   0   0   0   0   0   0   0 100   0   0   0   0   0   0   0     0    0    0   0.000      0  0.00
  120  120    17   0  11  17   0   0   0   0   6   0   6  33   0   0   0   0   0  11   0   0     0    0    0   1.773     59  0.00
  121  121     6   0   0   0   0   0   0  33  17   0   6  22   0   0   0  11   0   6   0   0     0    0    0   1.725     57  0.00
  122  122     0   0   0   0   0   0   0   0   0   0   0   0 100   0   0   0   0   0   0   0     0    0    0   0.000      0  0.00
  123  123     0   0   0   0   0   0   0   0   0   0   0   0   0 100   0   0   0   0   0   0     0    0    0   0.000      0  0.00
  124  124    11   0   0   0   0   0   0  61  17   0  11   0   0   0   0   0   0   0   0   0     0    0    0   1.088     36  0.00
  125  125     0   0   0   0   0   0   0   0   6  61  17   0   0   0   0   0   6  11   0   0     0    0    0   1.165     38  0.00
  126  126     0   0   0   0   0   0   0  11  11   0  17   6   0   0   6   0   0  11  28  11     0    0    0   1.952     65  0.00
  127  127     0   0   0   0   0   0   0  83   6   6   0   6   0   0   0   0   0   0   0   0     0    0    0   0.634     21  0.00
  128  128    28   6   0   6   0   0   0   0  11   0   6   0   0   0   6  11  17   6   6   0     0    0    0   2.106     70  0.00
  129  129     0   0   0   0   0   0   0  89   0  11   0   0   0   0   0   0   0   0   0   0     0    0    0   0.349     11  0.00
  130  130    13  19  13   0   0   0   0   0  13   0  13   6   0   0   0   0   0   0  25   0     0    0    0   1.873     62  0.00
  131  131     0   0   0   0   0   0   0   6  25   0   0   6   0   0   0   0   0  19   6  38     0    0    0   1.548     51  0.00
  132  132     0  29   6   0   0   0   0   0  24  12   0  12   0   0   0   0   0  18   0   0     0    0    0   1.677     55  0.00
  133  133     0   6   0   0   0   0   0   6  50  11   6   0   0   0   0   0   6  11   6   0     0    0    0   1.638     54  0.00
  134  134     0   0   0   0   0   0   6  47  12   6   6   0   0   6   0   6   0   0   0  12     0    0    0   1.692     56  0.00
  135  135     0   0   6   0  67   0  22   0   6   0   0   0   0   0   0   0   0   0   0   0     0    0    0   0.926     30  0.00
  136  136     0   0   0   0   0   0   0   0   6  83   0   0   0  11   0   0   0   0   0   0     0    0    0   0.557     18  0.00
  137  137     0   0  11   0   0   0   0   0   6   6   6   0   0  11  39  22   0   0   0   0     0    0    0   1.672     55  0.00
  138  138     6  83  11   0   0   0   0   0   0   0   0   0   0   0   0   0   0   0   0   0     0    0    0   0.557     18  0.00
  139  139     0   0   0   0   0   0   0  39  39   0  11   6   0   0   0   0   6   0   0   0     0    0    0   1.300     43  0.00
  140  140     0   0   0   0   0   0   0  94   0   0   0   0   0   0   0   0   0   0   6   0     0    0    0   0.215      7  0.00
  141  141     0  11   0   0   0   0   0   0   0   0   0   0   0   0   0   0  89   0   0   0     0    0    0   0.349     11  0.00
  142  142     0   0   0   0   0  17   0   6   0  11   6   0   0  50  11   0   0   0   0   0     0    0    0   1.455     48  0.00
  143  143     0   0   0   0   0   0   6   0  56   6   6  11   0   0   6   0   6   6   0   0     0    0    0   1.534     51  0.00
  144  144     0   0   0   6   0   0   0   6  33  11   0  11   0   0   0   0   6  11   6  11     0    0    0   1.985     66  0.00
  145  145     0   0   0   0   0   0 100   0   0   0   0   0   0   0   0   0   0   0   0   0     0    0    0   0.000      0  0.00
  146  146    22  39  17   0   0   0   0   0   6   0   0  17   0   0   0   0   0   0   0   0     0    0    0   1.459     48  0.00
  147  147     6   6   6   0   0   0   0   0  39   0  11   0   0   0   0  11  11  11   0   0     0    0    0   1.826     60  0.00
  148  148     0   6   6   0   0   0  11   0   6   0   0   6   0   0   0  44   6  11   6   0     0    0    0   1.812     60  0.00
  149  149     6   0   0   0   0   0   0   0  11   0   0   0   0   0   0   0  83   0   0   0     0    0    0   0.557     18  0.00
  150  150     0  83   0  17   0   0   0   0   0   0   0   0   0   0   0   0   0   0   0   0     0    0    0   0.451     15  0.00
  151  151     0   0   0   0   6   0   0   0   0   0  11  39   0  17   6   6   0   6  11   0     0    0    0   1.796     59  0.00
  152  152     0   0   0   0   0   0  11   6  11   0   0   0   0   0   0  11   0   6   0  56     0    0    0   1.380     46  0.00
  153  153     0   6   0   0  78  11   6   0   0   0   0   0   0   0   0   0   0   0   0   0     0    0    0   0.761     25  0.00
  154  154     0   0   0   0   0   0   0   0   0   0   6   0   0  11  61  17   6   0   0   0     0    0    0   1.165     38  0.00
  155  155     0   6   0   0   0   0   0   0   0   0  11   6   0   0   0   6   6  50   6  11     0    0    0   1.638     54  0.00
  156  156     0   0   0   0   0   0   0  78   6   0   0   6   0   0   0   0   0  11   0   0     0    0    0   0.761     25  0.00
  157  157     0   6   0   0   0   0   0   6   6   6   0  28   0   0  11   6   6   0  22   6     0    0    0   2.058     68  0.00
  158  158     0   0   0   0   0   0   0   0   0   0   6   0   0   0  94   0   0   0   0   0     0    0    0   0.224      7  0.00
  159  159     7   0   0   0   0   0   0   0   7   0   0  53   0   0  13   7   0   0  13   0     0    0    0   1.414     47  0.00
  160  160     0   0   0   0   7   0   0   7   0   0   0   0   0   0   0   0   0   0  79   7     0    0    0   0.755     25  0.00
  161  161     0   0   0   0   0   0   0   8   0   0   0   0   0   0   0   0   0   0   0  92     0    0    0   0.287      9  0.00
  162  162     0   8   0   8   0   0   0  67   0   8   0   0   0   0   0   0   8   0   0   0     0    0    0   1.099     36  0.00
  163  163     0   0   0   0   0   0   0   8   0  15   0   0   0   0   0   0   0   8  31  38     0    0    0   1.413     47  0.00
  164  164     0   0   0   0   0   0   7   7   0   7   7  36   0  14   0   0   0   7   7   7     0    0    0   1.965     65  0.00
  165  165     0   6   0  44   0   0   0   0  13   6   0  13   0   0   0  13   0   6   0   0     0    0    0   1.661     55  0.00
  166  166     8   8  67   0   0   0   0   0   0   0   0  17   0   0   0   0   0   0   0   0     0    0    0   0.983     32  0.00
  167  167     0   0   0 100   0   0   0   0   0   0   0   0   0   0   0   0   0   0   0   0     0    0    0   0.000      0  0.00
  168  168     0   0   0   0   0   0   0   6   0   0   0   0   0   0  50   6  25   6   6   0     0    0    0   1.386     46  0.00
  169  169     0   0   6   0   0   0   6  25   6   0  19   0   0   6   0   0   6   0   6  19     0    0    0   2.014     67  0.00
  170  170    44   0  50   0   0   0   0   0   6   0   0   0   0   0   0   0   0   0   0   0     0    0    0   0.882     29  0.00
  171  171    13   0   0   0   0   0   0   0  88   0   0   0   0   0   0   0   0   0   0   0     0    0    0   0.377     12  0.00
  172  172     0   0   0   0   0   0   0   6  38   0   6   0   0   6   0  25   0   0  13   6     0    0    0   1.667     55  0.00
  173  173     0   0   0   0   0   0   0   6   6   6   6   0   0   0  13  56   0   0   6   0     0    0    0   1.450     48  0.00
  174  174     0  88   6   6   0   0   0   0   0   0   0   0   0   0   0   0   0   0   0   0     0    0    0   0.463     15  0.00
  175  175     0   0   0   0   0   0   0   6   0   0  50  31   0   0   0   0   6   6   0   0     0    0    0   1.230     41  0.00
  176  176     6   0   0   0   0   0   0   6   0   0   6   0   0   0   0   0   0  13  38  31     0    0    0   1.511     50  0.00
  177  177     0   0   0   0   0   0   0   0  13   6   6   0   0   0   0  44   0  13   0  19     0    0    0   1.542     51  0.00
  178  178     0   0   0   0   0   0   0   0   0   0   0   0   0   6   0   0  13  19   0  63     0    0    0   1.041     34  0.00
  179  179     0  13  81   6   0   0   0   0   0   0   0   0   0   0   0   0   0   0   0   0     0    0    0   0.602     20  0.00
  180  180     0   0   0   0   0   0   0   0  19   0   0   6   0   0   6  25  13  25   0   6     0    0    0   1.787     59  0.00
  181  181     0   0   6   0   0   0   0   0  63   0  13   0   0   0   0   0   0   6   0  13     0    0    0   1.160     38  0.00
  182  182    25  56  19   0   0   0   0   0   0   0   0   0   0   0   0   0   0   0   0   0     0    0    0   0.984     32  0.00
  183  183     0   0   0   0   0   0   0   0  38   0  63   0   0   0   0   0   0   0   0   0     0    0    0   0.662     22  0.00
  184  184     0   0   0   0   0   0   0   6   6   0  38  13   0   0   0  19   6   0  13   0     0    0    0   1.721     57  0.00
  185  185     0   0   0   0  13   0  81   0   0   0   0   6   0   0   0   0   0   0   0   0     0    0    0   0.602     20  0.00
  186  186    13  25  56   0   6   0   0   0   0   0   0   0   0   0   0   0   0   0   0   0     0    0    0   1.103     36  0.00
  187  187     0   0   0   0   0   0   0  13  13   0  20   0   0   0   7   0  47   0   0   0     0    0    0   1.395     46  0.00
  188  188     0   0   0   0   0   0   0  53   7   0  33   7   0   0   0   0   0   0   0   0     0    0    0   1.063     35  0.00
  189  189     0  87   0  13   0   0   0   0   0   0   0   0   0   0   0   0   0   0   0   0     0    0    0   0.393     13  0.00
  190  190     0   0   0   0   0   0   0   0   0   0   0   0   0 100   0   0   0   0   0   0     0    0    0   0.000      0  0.00
//
