ID Pseudo hssp file.
SEQ 
SEQ gi|9910651|sp|P56978|CYAY_SALTY CYAY PROTEIN >gi|6960258|gb|AAF3...   193  7e-49
SEQ gi|141570|sp|P27838|CYAY_ECOLI CYAY PROTEIN >gi|421066|pir||S306...   183  7e-46
SEQ gi|12518674|gb|AAG58999.1|AE005612_2 (AE005612) orf, hypothetica...   181  3e-45
SEQ gi|1169153|sp|P46356|CYAY_YERPE CYAY PROTEIN >gi|726354|gb|AAC44...   149  7e-36
SEQ gi|231927|sp|P30534|CYAY_YERIN CYAY PROTEIN >gi|96990|pir||S2498...   146  1e-34
SEQ gi|729251|sp|P40128|CYAY_ERWCH CYAY PROTEIN >gi|1084066|pir||S23...   145  1e-34
SEQ gi|11131719|sp|P57650|CYAY_BUCAI CYAY PROTEIN >gi|10039245|dbj|B...   105  2e-22
SEQ gi|11131820|sp|Q9KVL8|CYAY_VIBCH CYAY PROTEIN >gi|11278917|pir||...    91  6e-18
SEQ gi|6014767|sp|P71358|CYAY_HAEIN CYAY PROTEIN >gi|1573739|gb|AAC2...    89  1e-17
SEQ gi|13431414|sp|P57943|CYAY_PASMU CYAY PROTEIN >gi|12721802|gb|AA...    86  2e-16
SEQ gi|9910650|sp|P56977|CYAY_NEIMB CYAY PROTEIN >gi|11278919|pir||C...    80  1e-14
SEQ gi|9910652|sp|P56993|CYAY_NEIMA CYAY PROTEIN >gi|11278918|pir||B...    78  4e-14
SEQ gi|11348318|pir||D82986 conserved hypothetical protein PA5275 [i...    76  1e-13
SEQ gi|13626183|sp|Q9HTS5|CYAY_PSEAE CYAY PROTEIN                          76  2e-13
SEQ gi|6016047|sp|O74831|FRDA_SCHPO FRATAXIN HOMOLOG PRECURSOR >gi|7...    52  3e-06
SEQ gi|9756805|emb|CAB98743.1| (AL390114) possible frataxin homolog ...    46  2e-04
SEQ gi|6320083|ref|NP_010163.1| Yfh1p [Saccharomyces cerevisiae] >gi...    44  5e-04
SEQ 
## SEQUENCE PROFILE AND ENTROPY
 SeqNo PDBNo   V   L   I   M   F   W   Y   G   A   P   S   T   C   H   R   K   Q   E   N   D  NOCC NDEL NINS ENTROPY RELENT WEIGHT
    1    1     0   7   0  93   0   0   0   0   0   0   0   0   0   0   0   0   0   0   0   0     0    0    0   0.257      8  0.00
    2    2     0   0   0   0   0   0   0   0   0   0   0  21   0   0   0   0   0   0  79   0     0    0    0   0.520     17  0.00
    3    3     6   0   6   0   0   0   0   0   0   0   0   0   0   0   0   0   0  31   6  50     0    0    0   1.230     41  0.00
    4    4     0   6   6   0   0   0   0   0  18   0  53  12   0   0   0   0   0   0   6   0     0    0    0   1.395     46  0.00
    5    5     0   0   0   0   0   0   0   0   0   0   0   0   0   0  12   6   0  76   6   0     0    0    0   0.790     26  0.00
    6    6     0   0   0   0  94   0   6   0   0   0   0   0   0   0   0   0   0   0   0   0     0    0    0   0.224      7  0.00
    7    7     0   0  12   0   0   0   6   0   0   0   0   0   0  76   0   0   0   0   6   0     0    0    0   0.790     26  0.00
    8    8     0   0   6   0   0   0   0   0   0   0   0   6   0   0  41   0  35   0   0  12     0    0    0   1.318     43  0.00
    9    9     6  65   0   0   0   0   0   0  18   0   0   0   0   0   0   0   0   0  12   0     0    0    0   1.006     33  0.00
   10   10    24   0  12   0   0   0   0   0  53   0  12   0   0   0   0   0   0   0   0   0     0    0    0   1.181     39  0.00
   11   11     0   0   0   0   0   0   0   0   0   0   0   0   0   0   0   0   0  24   6  71     0    0    0   0.753     25  0.00
   12   12     0   0   0   0   0   0   0   0  29   0   6   6   0   0   0   0  41   6   0  12     0    0    0   1.477     49  0.00
   13   13    12  76   0   0   0   0   0   0   0   0   0   6   0   0   0   0   6   0   0   0     0    0    0   0.790     26  0.00
   14   14     0  18   0  18  18  35   0   0   0   0   0   0   0   0   0   0  12   0   0   0     0    0    0   1.538     51  0.00
   15   15     0  47   0   0   0   0   0   0   6   0   0   0   0   0   0   0  18  24   0   6     0    0    0   1.335     44  0.00
   16   16     6   6   0   0   0   0  12   0   0   0   0  24   0  12   6  24  12   0   0   0     0    0    0   1.936     64  0.00
   17   17    24   6  71   0   0   0   0   0   0   0   0   0   0   0   0   0   0   0   0   0     0    0    0   0.753     25  0.00
   18   18     0   0   0   0   0   0   0   0   0   0   0   0   0   0   0   0   0  94   6   0     0    0    0   0.224      7  0.00
   19   19     0   0   0   0   0   0   0   0   6   0   0   6   0   0   0   0   0  56   0  33     0    0    0   1.014     33  0.00
   20   20     0   0   0   0   0   0   0   0  17   0   0  22   0   0  22   6  17  11   6   0     0    0    0   1.831     61  0.00
   21   21     6  61  17   0  17   0   0   0   0   0   0   0   0   0   0   0   0   0   0   0     0    0    0   1.059     35  0.00
   22   22     0   0   0   0   0   0   0   0   0   0   6   0   0   0   0   0   0  19   6  69     0    0    0   0.918     30  0.00
   23   23     0   9   0   0   0   0   0   9   9   0  18   0   0   0   0   0   9   9   0  36     0    0    0   1.768     59  0.00
   24   24     0  15   0   0  23  31   8   0   8   0   0   0   0   0   0   0   0   0   0  15     0    0    0   1.672     55  0.00
   25   25     6   0   0   0   0   0   0   0   6   0   6   6   0   6   0   0   0  22   6  44     0    0    0   1.658     55  0.00
   26   26     0   0   0   0   0   0   0  44   6   6  17   0   0   0   0   0  11   0  17   0     0    0    0   1.523     50  0.00
   27   27     0   0   0   0   0   0   0  22   6   0   0   0   0   0   0   6   0   6   0  61     0    0    0   1.117     37  0.00
   28   28     0  11   6   0   0  11   0   0  22   0  33   0  11   0   0   6   0   0   0   0     0    0    0   1.754     58  0.00
   29   29     6   0   6   0   0   0   0   0   0   0   0   0   0   0   0   0   0   0   0  89     0    0    0   0.426     14  0.00
   30   30    11  11  50   0  11   0   6   0   0   6   0   0   0   0   0   0   0   6   0   0     0    0    0   1.561     52  0.00
   31   31     0   0   0   0   0   0   0   0   0   0   0   0   0   0   0   0   0   0   0 100     0    0    0   0.000      0  0.00
   32   32    11  11   6   0   0   0  28   0   0   0   0   0  44   0   0   0   0   0   0   0     0    0    0   1.365     45  0.00
   33   33     0   0   0   0   0   0   0   0   0   0   6   0   0   0  11   0   6  72   0   6     0    0    0   0.961     32  0.00
   34   34     0   6  28   0  11   0   6   0   0   0   0  33   6   0   0   0   0   0  11   0     0    0    0   1.692     56  0.00
   35   35     0   0   0   0   0   0   0   0  28   0  11   0   0   0   0   0  17   0  44   0     0    0    0   1.259     42  0.00
   36   36     0   0   0   0   0   0   0  83   0   0   0   0   0   6   0   0   0   0   6   6     0    0    0   0.634     21  0.00
   37   37     0   0   0   0   0   0   6  67   0   0  11   0   0   0   0   0   0   0  17   0     0    0    0   0.974     32  0.00
   38   38   100   0   0   0   0   0   0   0   0   0   0   0   0   0   0   0   0   0   0   0     0    0    0   0.000      0  0.00
   39   39     0  50   6  33  11   0   0   0   0   0   0   0   0   0   0   0   0   0   0   0     0    0    0   1.117     37  0.00
   40   40     0   0   0   0   0   0   0   0   0   0   6  94   0   0   0   0   0   0   0   0     0    0    0   0.215      7  0.00
   41   41    11  44  44   0   0   0   0   0   0   0   0   0   0   0   0   0   0   0   0   0     0    0    0   0.965     32  0.00
   42   42     0   0   0   6   0   0   0   0   0   0  11  44   0   0  11   0   0  28   0   0     0    0    0   1.365     45  0.00
   43   43     0   6   6   0  72   0   0   0  11   0   0   6   0   0   0   0   0   0   0   0     0    0    0   0.961     32  0.00
   44   44     0   0   0   0   0   0   0  17   0   6   6   6   0   0   0   0   6  50   0  11     0    0    0   1.532     51  0.00
   45   45     0   0   0   0   0   0   0   0   6   0   0   0   0   0   0   0   0   6  61  28     0    0    0   0.978     32  0.00
   46   46     0   0   0   0   6   0   0  67   0   0   0   0   0   0  17  11   0   0   0   0     0    0    0   0.974     32  0.00
   47   47     0   0   0   0   0   0   0  17   6   0  61  17   0   0   0   0   0   0   0   0     0    0    0   1.059     35  0.00
   48   48     0   6   0   0   0   0   0   0   0   0   0  17   0   0   0  39  39   0   0   0     0    0    0   1.194     39  0.00
   49   49     6  11  67   0   6   0  11   0   0   0   0   0   0   0   0   0   0   0   0   0     0    0    0   1.080     36  0.00
   50   50    39   0  61   0   0   0   0   0   0   0   0   0   0   0   0   0   0   0   0   0     0    0    0   0.668     22  0.00
   51   51    11  17  72   0   0   0   0   0   0   0   0   0   0   0   0   0   0   0   0   0     0    0    0   0.778     25  0.00
   52   52     0   0   0   0   0   0   0   0   0   0  11   0   0   0   0   0   0   0  89   0     0    0    0   0.349     11  0.00
   53   53     0   0   0   0   0   0   0   0   0   0   0   0   0   0  67  33   0   0   0   0     0    0    0   0.637     21  0.00
   54   54     0   0   0   0   0   0   0   0   0   0   0   0   0  11   0   0  89   0   0   0     0    0    0   0.349     11  0.00
   55   55     0   0   0   0   0   0   0   0  17  11   0  11   0   0   0   0   0  61   0   0     0    0    0   1.088     36  0.00
   56   56     0   0   0   0   0   0   0   0   0 100   0   0   0   0   0   0   0   0   0   0     0    0    0   0.000      0  0.00
   57   57     0  61   0  11   0   0   0   0   6   0   0   0   0   0   0   0   0   0  22   0     0    0    0   1.040     34  0.00
   58   58     6  11   0   0   0   0   0   0   0   0   0   0   0  44  17   6  17   0   0   0     0    0    0   1.523     50  0.00
   59   59     0   0   0   0   0   0   0   0   0   0   0   0   0   0   0   0  72  28   0   0     0    0    0   0.591     19  0.00
   60   60    39  39  22   0   0   0   0   0   0   0   0   0   0   0   0   0   0   0   0   0     0    0    0   1.069     35  0.00
   61   61     0   0   0   0   0 100   0   0   0   0   0   0   0   0   0   0   0   0   0   0     0    0    0   0.000      0  0.00
   62   62    11  67  17   0   0   0   0   0   0   6   0   0   0   0   0   0   0   0   0   0     0    0    0   0.974     32  0.00
   63   63     0   0   0   0   0   0   0   0  89   0  11   0   0   0   0   0   0   0   0   0     0    0    0   0.349     11  0.00
   64   64     0   0   0   0   0   0   0   0  22   0  33  44   0   0   0   0   0   0   0   0     0    0    0   1.061     35  0.00
   65   65     0   0   0   6   0   0   0   0   0  17   0   0   0   0   6  72   0   0   0   0     0    0    0   0.855     28  0.00
   66   66    11   6   0   0   0   0   0   6  11   0  39   0   0   0   0   0  28   0   0   0     0    0    0   1.533     51  0.00
   67   67     0   0   0   0   0   0   0  89   0   0   6   0   0   0   0   0   0   0   6   0     0    0    0   0.426     14  0.00
   68   68     0   0   0   0   0   0   0  89   0  11   0   0   0   0   0   0   0   0   0   0     0    0    0   0.349     11  0.00
   69   69     0   0   0   0  22   0  67   0   0   0   0   0   0   6   0   0   0   0   6   0     0    0    0   0.926     30  0.00
   70   70     0   0   0   0   0   0   0   0   0   0   0   0   0  89   6   0   0   6   0   0     0    0    0   0.426     14  0.00
   71   71     0   0   0   0  89   0  11   0   0   0   0   0   0   0   0   0   0   0   0   0     0    0    0   0.349     11  0.00
   72   72     0   0   0   0   0   0   0   0  17   0   6   0   0   0   6   6   0   0  11  56     0    0    0   1.351     45  0.00
   73   73     0  33   0   6   6   0  39   0   0   0   6   0   0   0   0   0   0  11   0   0     0    0    0   1.459     48  0.00
   74   74     0   7   7   0   0   0   0   0   0   0   0   0   0   0  13  47  27   0   0   0     0    0    0   1.338     44  0.00
   75   75     0   0   0   0   0   0   0  27   0   0   7   0   0   7   0   0   0   7  40  13     0    0    0   1.529     51  0.00
   76   76     0   0   0   0   0   0   0  47   0   0   0   0   0   0   0   6   0   0  12  35     0    0    0   1.141     38  0.00
   77   77     0   0   0   0   0   0   0   0   0   0   0   6   0   6   6  18   6  47   6   6     0    0    0   1.661     55  0.00
   78   78     0   0   0   0   0 100   0   0   0   0   0   0   0   0   0   0   0   0   0   0     0    0    0   0.000      0  0.00
   79   79    18  12  35   0   6   0   6   0   0   0   0   6   6   0  12   0   0   0   0   0     0    0    0   1.844     61  0.00
   80   80     0   0   0   0   0   0   0   0  12   0  24   0  53  12   0   0   0   0   0   0     0    0    0   1.181     39  0.00
   81   81     0   6   0   0   0   0   0   0   0   0  18  18   0   0   0   0   0   0  18  41     0    0    0   1.450     48  0.00
   82   82     0   0   0   0   0   0   0  13   0   0   0   0   0   0  80   7   0   0   0   0     0    0    0   0.628     20  0.00
   83   83     0   0   0   0   0   0   0   0   0   0  59   6   0   0   0   0   0   0   6  29     0    0    0   1.005     33  0.00
   84   84     0   0   0   0   0   0   0  71   0   0   6   0   0   0   0   0  12   6   6   0     0    0    0   0.998     33  0.00
   85   85     0   6   0   0   0   0   0   6   0   0   6   6   0   0  12  12   6  47   0   0     0    0    0   1.692     56  0.00
   86   86     0   0   0   0   0   0   0   0   0  12   0  29   0   0   6   6   0  18   6  24     0    0    0   1.758     58  0.00
   87   87     0  29   0   0  71   0   0   0   0   0   0   0   0   0   0   0   0   0   0   0     0    0    0   0.606     20  0.00
   88   88     0  18   0   6   6  35  12  12   0   0   0   6   0   0   6   0   0   0   0   0     0    0    0   1.844     61  0.00
   89   89     0   0   0   0   0   0   0   6  35   0   0   6   0   0   0   0   0   6   0  47     0    0    0   1.222     40  0.00
   90   90    12  47  18   0   0   0   0   0   0   0   0   0  12   0   0  12   0   0   0   0     0    0    0   1.416     47  0.00
   91   91     0  88   0   0  12   0   0   0   0   0   0   0   0   0   0   0   0   0   0   0     0    0    0   0.362     12  0.00
   92   92     6   0   0   0   0   0   0   0   6   0  18   6   0   0   0   6   0  35  24   0     0    0    0   1.681     56  0.00
   93   93     0   0   0   0   0   0   0   0   0   0   6   0   0   0  12   0  41  35   6   0     0    0    0   1.318     43  0.00
   94   94     0   0   0   0   0   0   0   0  88   0   0   0   0   0   0   0   0  13   0   0     0    0    0   0.377     12  0.00
   95   95     0  13   0   0   6   0   0   0  38   0   0  13  31   0   0   0   0   0   0   0     0    0    0   1.424     47  0.00
   96   96     0  13   0   0   0   0   0   0  13   0  31  38   0   0   0   0   0   0   0   6     0    0    0   1.424     47  0.00
   97   97     0   0   6   0   0   0   0   0  31   0   0   6   0   0   0  13  25  19   0   0     0    0    0   1.630     54  0.00
   98   98     0   0   0   0   0   6   0   0  13   0   0   0   0  19   0   0  63   0   0   0     0    0    0   1.041     34  0.00
   99   99     0   0   0   0   7   0   0  14  50   0  29   0   0   0   0   0   0   0   0   0     0    0    0   1.171     39  0.00
  100  100     0   0   0   0   0   0   0  81   0   0   6   0   0   0   0   0   0   0   6   6     0    0    0   0.689     22  0.00
  101  101     0   0   0   0   0   0   0   0   0   0   0   0   0   0   6   6   0  88   0   0     0    0    0   0.463     15  0.00
  102  102     0   0   6   0   0   0   0   0  13  13   0  19   0   0   0   6   0  13  13  19     0    0    0   2.014     67  0.00
  103  103    75   6  19   0   0   0   0   0   0   0   0   0   0   0   0   0   0   0   0   0     0    0    0   0.703     23  0.00
  104  104     0   0   7   0   0   0   0   0   0   0  43   0   0  14   0   0   7  21   0   7     0    0    0   1.537     51  0.00
  105  105     0   0   0   0  93   7   0   0   0   0   0   0   0   0   0   0   0   0   0   0     0    0    0   0.257      8  0.00
  106  106     0   0   0   0   0   0   0   0   0   0   0   0   0   0  80  20   0   0   0   0     0    0    0   0.500     16  0.00
//
