ID Pseudo hssp file.
SEQ 
SEQ gi|11225528|gb|AAG33033.1| (AF284215) PR-S/thermal hysteresis pr...   115  2e-25
SEQ gi|11181632|gb|AAG32669.1|AF286208_1 (AF286208) antifreeze prote...   109  9e-24
SEQ gi|13345343|gb|AAK19296.1| (AF325859) antifreeze protein [Choris...   109  1e-23
SEQ gi|11181628|gb|AAG32667.1|AF285838_1 (AF285838) antifreeze prote...   107  3e-23
SEQ gi|11181614|gb|AAG32660.1|AF263009_1 (AF263009) thermal hysteres...   106  6e-23
SEQ gi|11225526|gb|AAG33032.1| (AF284214) thermal hysteresis protein...    99  8e-21
SEQ gi|9955023|pdb|1EWW|A Chain A, Solution Structure Of Spruce Budw...    98  2e-20
SEQ gi|11181630|gb|AAG32668.1|AF286207_1 (AF286207) antifreeze prote...    84  3e-16
SEQ gi|11181765|gb|AAF86611.1| (AY004173) antifreeze protein isoform...    69  2e-11
SEQ gi|13241724|gb|AAK16432.1|AF325857_1 (AF325857) antifreeze prote...    66  1e-10
SEQ gi|13345341|gb|AAK19295.1| (AF325858) antifreeze protein [Choris...    65  3e-10
SEQ gi|11181763|gb|AAF86610.1| (AY004172) antifreeze protein isoform...    60  6e-09
SEQ gi|11181767|gb|AAF86612.1| (AY004228) antifreeze protein isoform...    52  2e-06
SEQ 
## SEQUENCE PROFILE AND ENTROPY
 SeqNo PDBNo   V   L   I   M   F   W   Y   G   A   P   S   T   C   H   R   K   Q   E   N   D  NOCC NDEL NINS ENTROPY RELENT WEIGHT
    1    1     0   0   0   0   0   0   0   0   0   0   0   0   0   0   0   0   0   0   0 100     0    0    0   0.000      0  0.00
    2    2     0   0   0   0   0   0   0 100   0   0   0   0   0   0   0   0   0   0   0   0     0    0    0   0.000      0  0.00
    3    3     0   0   0   0   0   0   0   0   0   0  64  36   0   0   0   0   0   0   0   0     0    0    0   0.652     21  0.00
    4    4     0   0   0   0   0   0   0   0   0   0   0   0 100   0   0   0   0   0   0   0     0    0    0   0.000      0  0.00
    5    5    21   0   0   0   0   0   0   0   0   0   0  64   0   0  14   0   0   0   0   0     0    0    0   0.892     29  0.00
    6    6     0   0   0   0   0   0   0   0   0   0   0   0   0   0   0   7   0   0  93   0     0    0    0   0.257      8  0.00
    7    7     0   0   0   0   0   0   0   0   0   0   0 100   0   0   0   0   0   0   0   0     0    0    0   0.000      0  0.00
    8    8     0   0   0   0   0   0   0   0   0   0   0   0   0   0   0   0   0   0 100   0     0    0    0   0.000      0  0.00
    9    9     0   0   0   0   0   0   0   0   0   0 100   0   0   0   0   0   0   0   0   0     0    0    0   0.000      0  0.00
   10   10     0   0   0   0   0   7   0   0   0   0   0   0   0   0   0   0  93   0   0   0     0    0    0   0.257      8  0.00
   11   11    14  57  29   0   0   0   0   0   0   0   0   0   0   0   0   0   0   0   0   0     0    0    0   0.956     31  0.00
   12   12     0   0   0   0   0   0   0   0   0   0  86  14   0   0   0   0   0   0   0   0     0    0    0   0.410     13  0.00
   13   13     0   0   0   0   0   0   0   0  77   8   0   0   0   0   0   0   0  15   0   0     0    0    0   0.687     22  0.00
   14   14     0   0   0   0   0   0   0   0   0   0   0   0   0   0   0   0   0   0 100   0     0    0    0   0.000      0  0.00
   15   15     0   0   0   0   0   0   0   0   0   0 100   0   0   0   0   0   0   0   0   0     0    0    0   0.000      0  0.00
   16   16     0   7   0   0   0  14   0   0   0   0   0   0   0   0   0  64  14   0   0   0     0    0    0   1.029     34  0.00
   17   17     0   0   0   0   0   0   0   0   0   0   0   0 100   0   0   0   0   0   0   0     0    0    0   0.000      0  0.00
   18   18    36   0   0   0   0   0   0   0   7   0   0   0   0   0   0   0   0  43   0  14     0    0    0   1.197     39  0.00
   19   19     0   0   0   0   0   0   0   0   0   0   7   0   0   0  21  64   0   0   7   0     0    0    0   0.991     33  0.00
   20   20     0   0   0   0   0   0   0   0   0   0 100   0   0   0   0   0   0   0   0   0     0    0    0   0.000      0  0.00
   21   21     7   0   0   0   0   0   0   0   0   0   0  93   0   0   0   0   0   0   0   0     0    0    0   0.257      8  0.00
   22   22     0  86   0   0   0   0   0   0   7   7   0   0   0   0   0   0   0   0   0   0     0    0    0   0.509     16  0.00
   23   23     0   0   0   0   0   0   0   0   0   0   0 100   0   0   0   0   0   0   0   0     0    0    0   0.000      0  0.00
   24   24     0   0   0   0   0   0   0   0   0   0   0   0   0   0   0   0   0   0 100   0     0    0    0   0.000      0  0.00
   25   25     0   0   0   0   0   0   0   0   0   0   0   0 100   0   0   0   0   0   0   0     0    0    0   0.000      0  0.00
   26   26     0   0   0   0   0   0  79   0   0   0   0   0   0   0   0   0   0   0  21   0     0    0    0   0.520     17  0.00
   27   27    64   0  36   0   0   0   0   0   0   0   0   0   0   0   0   0   0   0   0   0     0    0    0   0.652     21  0.00
   28   28     0   0   0   0   0   0   0   0   0   0   0   0   0   0  14   0   0   0   0  86     0    0    0   0.410     13  0.00
   29   29     0   0   0   0   0   0   0   0   0   0   0   0   0   0   0  64   0   0  29   7     0    0    0   0.830     27  0.00
   30   30     0   0   0   0   0   0   0   0   0   0 100   0   0   0   0   0   0   0   0   0     0    0    0   0.000      0  0.00
   31   31     0   0   0   0   0   0   0   0   0   0   0   0   0   0   0   0  36  64   0   0     0    0    0   0.652     21  0.00
   32   32    79  21   0   0   0   0   0   0   0   0   0   0   0   0   0   0   0   0   0   0     0    0    0   0.520     17  0.00
   33   33     0   0   0   0   0   0  79   0   0   0   0   0   0  14   0   0   0   7   0   0     0    0    0   0.656     21  0.00
   34   34     0   7   0   0   0   0   0  64   0   0  14  14   0   0   0   0   0   0   0   0     0    0    0   1.029     34  0.00
   35   35     0   0   0   0   0   0   0   0   0   0   0 100   0   0   0   0   0   0   0   0     0    0    0   0.000      0  0.00
   36   36     0   0   0   0   0   0   0   0   0   0   0 100   0   0   0   0   0   0   0   0     0    0    0   0.000      0  0.00
   37   37     0   0   0   0   0   0   0   0   0   0   0   0 100   0   0   0   0   0   0   0     0    0    0   0.000      0  0.00
   38   38     0   0   0   0   0   0   0   0   0   0   0 100   0   0   0   0   0   0   0   0     0    0    0   0.000      0  0.00
   39   39     0   0   0   0   0   0   0  71   0   0   0   0   0   0   7   0   0   0  21   0     0    0    0   0.759     25  0.00
   40   40     0   0   0   0   0   0   0   0   0   0 100   0   0   0   0   0   0   0   0   0     0    0    0   0.000      0  0.00
   41   41     0   0   0   0   0   0   0   0   0   0   0   0   0   0  79   0  21   0   0   0     0    0    0   0.520     17  0.00
   42   42     0   0   0   0  64   0  36   0   0   0   0   0   0   0   0   0   0   0   0   0     0    0    0   0.652     21  0.00
   43   43     0   0   0   0   0   0   0   0   0   0   0   0   0   0   0   0   0   7  14  79     0    0    0   0.656     21  0.00
   44   44     0   0   0   0   0   0   0 100   0   0   0   0   0   0   0   0   0   0   0   0     0    0    0   0.000      0  0.00
   45   45    86   0  14   0   0   0   0   0   0   0   0   0   0   0   0   0   0   0   0   0     0    0    0   0.410     13  0.00
   46   46     0   0   0   0   0   0  36   0   0   0   0  57   0   7   0   0   0   0   0   0     0    0    0   0.876     29  0.00
   47   47     0   0 100   0   0   0   0   0   0   0   0   0   0   0   0   0   0   0   0   0     0    0    0   0.000      0  0.00
   48   48     0   0   0   0   0   0   0   0   0   0   0  93   0   0   7   0   0   0   0   0     0    0    0   0.257      8  0.00
   49   49     0   0   0   0   0   0   0   0   0   0  64  36   0   0   0   0   0   0   0   0     0    0    0   0.652     21  0.00
   50   50     0   0   0   0   0   0   0   0   0   0 100   0   0   0   0   0   0   0   0   0     0    0    0   0.000      0  0.00
   51   51     0   0   0   0   0   0   0   0   0   0   0 100   0   0   0   0   0   0   0   0     0    0    0   0.000      0  0.00
   52   52     0   0   0   0   0   0   0   0   0   0  57  43   0   0   0   0   0   0   0   0     0    0    0   0.683     22  0.00
   53   53     0   0   0   0   0   0   0   0   0   0   0 100   0   0   0   0   0   0   0   0     0    0    0   0.000      0  0.00
   54   54     0   0   0   0   0   0   0  79   0   0   7   0   0   0   0   0   0   0  14   0     0    0    0   0.656     21  0.00
   55   55     0   0   0   0   0   0   0   0   0   0  64  36   0   0   0   0   0   0   0   0     0    0    0   0.652     21  0.00
   56   56     0   0   0   0   0   0   0   0   0   0  14   0   0   0  86   0   0   0   0   0     0    0    0   0.410     13  0.00
   57   57     7   0  86   0   0   0   0   0   7   0   0   0   0   0   0   0   0   0   0   0     0    0    0   0.509     16  0.00
   58   58     0  21   0   0   0   0   0   0   0   0  64  14   0   0   0   0   0   0   0   0     0    0    0   0.892     29  0.00
   59   59     0   0   0   0   0   0   0 100   0   0   0   0   0   0   0   0   0   0   0   0     0    0    0   0.000      0  0.00
   60   60     0   0   7   0   0   0   0   0   0  93   0   0   0   0   0   0   0   0   0   0     0    0    0   0.257      8  0.00
   61   61     0   0   0   0   0   0   0  79  21   0   0   0   0   0   0   0   0   0   0   0     0    0    0   0.520     17  0.00
   62   62     0   0   0   0   0   0   0   0   0   0   0   0 100   0   0   0   0   0   0   0     0    0    0   0.000      0  0.00
   63   63     0   0   0   0   0   0   0   0   0   0  36   7   0   0   0  57   0   0   0   0     0    0    0   0.876     29  0.00
   64   64     7   0  93   0   0   0   0   0   0   0   0   0   0   0   0   0   0   0   0   0     0    0    0   0.257      8  0.00
   65   65     0   0   0   0   0   0   0   0   0   0 100   0   0   0   0   0   0   0   0   0     0    0    0   0.000      0  0.00
   66   66     0   0   0   0   0   0   0   0   0   0  29  50   0   7  14   0   0   0   0   0     0    0    0   1.171     39  0.00
   67   67     0   0   0   0   0   0   0   0   0   0   0   0 100   0   0   0   0   0   0   0     0    0    0   0.000      0  0.00
   68   68     0   0  57   0   0   0   0   0   0   0   0  43   0   0   0   0   0   0   0   0     0    0    0   0.683     22  0.00
   69   69     0   0 100   0   0   0   0   0   0   0   0   0   0   0   0   0   0   0   0   0     0    0    0   0.000      0  0.00
   70   70     0   0   0   0   0   0   0   0   0   0   0 100   0   0   0   0   0   0   0   0     0    0    0   0.000      0  0.00
   71   71     0   0   0   0   0   0   0  64   0   0   0   0   0   0  36   0   0   0   0   0     0    0    0   0.652     21  0.00
   72   72     0   0   0   0   0   0   0 100   0   0   0   0   0   0   0   0   0   0   0   0     0    0    0   0.000      0  0.00
   73   73    93   0   0   0   0   0   0   0   0   0   7   0   0   0   0   0   0   0   0   0     0    0    0   0.257      8  0.00
   74   74     7   0   0   0   0   0   0   0  29  64   0   0   0   0   0   0   0   0   0   0     0    0    0   0.830     27  0.00
   75   75     0   0   0   0   0   0   0   0  86   0   0  14   0   0   0   0   0   0   0   0     0    0    0   0.410     13  0.00
   76   76     0   0   0   0   0   0   0   0   0 100   0   0   0   0   0   0   0   0   0   0     0    0    0   0.000      0  0.00
   77   77     0   0   0   0   0   0   0   0  14   0  86   0   0   0   0   0   0   0   0   0     0    0    0   0.410     13  0.00
   78   78     0   0   0   0   0   0   0   0  86   7   0   0   0   0   0   0   0   0   7   0     0    0    0   0.509     16  0.00
   79   79     0   0   0   0   0   0   0   0  93   7   0   0   0   0   0   0   0   0   0   0     0    0    0   0.257      8  0.00
   80   80     0   0   0   0   0   0   0   0   0   0   0   0 100   0   0   0   0   0   0   0     0    0    0   0.000      0  0.00
   81   81     0   0   0   0   0   0   0   0   0   0   0   0   0   0  29  71   0   0   0   0     0    0    0   0.598     19  0.00
   82   82     0   0 100   0   0   0   0   0   0   0   0   0   0   0   0   0   0   0   0   0     0    0    0   0.000      0  0.00
   83   83     0   0   0   0   0   0   0   0   0   0 100   0   0   0   0   0   0   0   0   0     0    0    0   0.000      0  0.00
   84   84     0   0   0   0   0   0   0 100   0   0   0   0   0   0   0   0   0   0   0   0     0    0    0   0.000      0  0.00
   85   85     0   0   0   0   0   0   0   0   0   0   0   0 100   0   0   0   0   0   0   0     0    0    0   0.000      0  0.00
   86   86     0   0   7   0   0   0   0   0   0   0   7  86   0   0   0   0   0   0   0   0     0    0    0   0.509     16  0.00
   87   87     0  43   0   0  57   0   0   0   0   0   0   0   0   0   0   0   0   0   0   0     0    0    0   0.683     22  0.00
   88   88     0   0   0   0   0   0   0   0   0   0  71   0   0   0  29   0   0   0   0   0     0    0    0   0.598     19  0.00
   89   89     0   0   0   0   0   0   0   0 100   0   0   0   0   0   0   0   0   0   0   0     0    0    0   0.000      0  0.00
   90   90     0   0   0   0   0   0   0   0   0   0   0   0   0   0   0   0   0   0 100   0     0    0    0   0.000      0  0.00
//
