ID Pseudo hssp file.
SEQ 
SEQ gi|133689|sp|P14252|RRPP_SENDF RNA POLYMERASE ALPHA SUBUNIT (NUC...   212  1e-54
SEQ gi|133690|sp|P04859|RRPP_SENDH RNA POLYMERASE ALPHA SUBUNIT (NUC...   212  1e-54
SEQ gi|133687|sp|P27565|RRPP_SEND5 RNA POLYMERASE ALPHA SUBUNIT (NUC...   212  1e-54
SEQ gi|334953|gb|AAB06291.1| (M69046) phosphoprotein [Sendai virus] ...   212  1e-54
SEQ gi|133688|sp|P14251|RRPP_SEND6 RNA POLYMERASE ALPHA SUBUNIT (NUC...   209  8e-54
SEQ gi|133691|sp|P04860|RRPP_SENDZ RNA POLYMERASE ALPHA SUBUNIT (NUC...   208  1e-53
SEQ gi|11994994|dbj|BAB20020.1| (AB039658) phosphoprotein [Sendai vi...   206  6e-53
SEQ gi|9627222|ref|NP_056873.1| P protein (co-factor of RNA polymera...   203  5e-52
SEQ gi|10835685|pdb|1EZJ|A Chain A, Crystal Structure Of The Multime...   173  5e-43
SEQ gi|1350910|sp|P32531|RRPP_PI1HD RNA POLYMERASE ALPHA SUBUNIT (NU...   142  1e-33
SEQ gi|1350909|sp|P32530|RRPP_PI1HB RNA POLYMERASE ALPHA SUBUNIT (NU...   141  2e-33
SEQ gi|320021|pir||RRNZ35 polymerase-associated nucleocapsid phospho...   141  2e-33
SEQ gi|320022|pir||RRNZ73 polymerase-associated nucleocapsid phospho...   141  3e-33
SEQ gi|133675|sp|P28054|RRPP_PI1HC RNA POLYMERASE ALPHA SUBUNIT (NUC...   141  3e-33
SEQ gi|417708|sp|P32532|RRPP_PI1HE RNA POLYMERASE ALPHA SUBUNIT (NUC...   139  7e-33
SEQ gi|9634111|ref|NP_037642.1| phosphoprotein P [Bovine parainfluen...    45  2e-04
SEQ gi|133678|sp|P06163|RRPP_PI3B RNA POLYMERASE ALPHA SUBUNIT (NUCL...    45  3e-04
SEQ gi|6760237|gb|AAF28261.1|AF178655_2 (AF178655) phosphoprotein P ...    44  4e-04
SEQ 
## SEQUENCE PROFILE AND ENTROPY
 SeqNo PDBNo   V   L   I   M   F   W   Y   G   A   P   S   T   C   H   R   K   Q   E   N   D  NOCC NDEL NINS ENTROPY RELENT WEIGHT
    1    1     0   0   0   0   0   0   0   0   0   0   0   0   0   0   0   0   0 100   0   0     0    0    0   0.000      0  0.00
    2    2     0   0   0   0   0   0   0   0   0   0  47   0   0   0   0   0   0   0  53   0     0    0    0   0.692     23  0.00
    3    3     0   0   0   0   0   0   0   0   0   0   0  68   0   0   0   0   0   0  32   0     0    0    0   0.624     20  0.00
    4    4     0   0   0   0   0   0   0   0   0   0  53  32   0   0  16   0   0   0   0   0     0    0    0   0.993     33  0.00
    5    5     0   0   0   0  16   0   0   0   0   0  84   0   0   0   0   0   0   0   0   0     0    0    0   0.436     14  0.00
    6    6    32   0   0  53   0   0   0   0   0   0   0  16   0   0   0   0   0   0   0   0     0    0    0   0.993     33  0.00
    7    7     0   0   0   0   0   0   0   0   0   0   0   0   0   0   0  53   0  16   0  32     0    0    0   0.993     33  0.00
    8    8     0   0   0   0   0   0   0   0   0   0   0   0   0   0  16   0   0  84   0   0     0    0    0   0.436     14  0.00
    9    9     0   0   0  84   0   0   0   0  16   0   0   0   0   0   0   0   0   0   0   0     0    0    0   0.436     14  0.00
   10   10     0   0  16   0   0   0   0   0  84   0   0   0   0   0   0   0   0   0   0   0     0    0    0   0.436     14  0.00
   11   11     0   0   0   0   0   0   0   0   0   0   0  68   0   0   0  32   0   0   0   0     0    0    0   0.624     20  0.00
   12   12     0 100   0   0   0   0   0   0   0   0   0   0   0   0   0   0   0   0   0   0     0    0    0   0.000      0  0.00
   13   13     0 100   0   0   0   0   0   0   0   0   0   0   0   0   0   0   0   0   0   0     0    0    0   0.000      0  0.00
   14   14    32   0   0   0   0   0   0   0   0   0   0  53   0   0   0   0  16   0   0   0     0    0    0   0.993     33  0.00
   15   15     0   0   0   0   0   0   0   5   0   0  79   0   0   0   0   0   0   0  16   0     0    0    0   0.633     21  0.00
   16   16     0 100   0   0   0   0   0   0   0   0   0   0   0   0   0   0   0   0   0   0     0    0    0   0.000      0  0.00
   17   17     0   0   0   0   0   0   0 100   0   0   0   0   0   0   0   0   0   0   0   0     0    0    0   0.000      0  0.00
   18   18   100   0   0   0   0   0   0   0   0   0   0   0   0   0   0   0   0   0   0   0     0    0    0   0.000      0  0.00
   19   19     0   0  74  26   0   0   0   0   0   0   0   0   0   0   0   0   0   0   0   0     0    0    0   0.576     19  0.00
   20   20     0   0   0   0   0   0   0   0   0   0   0   0   0   0   0  32  68   0   0   0     0    0    0   0.624     20  0.00
   21   21     0   0   0   0   0   0   0   0   0   0 100   0   0   0   0   0   0   0   0   0     0    0    0   0.000      0  0.00
   22   22     0   0   0   0   0   0   0   0  68   0   0   0   0   0   0   0  32   0   0   0     0    0    0   0.624     20  0.00
   23   23     0   0   0   0   0   0   0   0  16   0   0   0   0  32   0   0  53   0   0   0     0    0    0   0.993     33  0.00
   24   24     0   0   0   0   0   0   0   0   0   0   0   0   0   0   0  16   0  84   0   0     0    0    0   0.436     14  0.00
   25   25     0  16   0   0  84   0   0   0   0   0   0   0   0   0   0   0   0   0   0   0     0    0    0   0.436     14  0.00
   26   26     0   0   0   0   0   0   0   0   0   0   0   0   0   0   0   0   0  84   0  16     0    0    0   0.436     14  0.00
   27   27     0  47   0   0   0   0   0   0   0   0  53   0   0   0   0   0   0   0   0   0     0    0    0   0.692     23  0.00
   28   28     0   0   0   0   0   0  16   0   0   0  84   0   0   0   0   0   0   0   0   0     0    0    0   0.436     14  0.00
   29   29     0   0   0   0   0   0   0   0   0   0   0   0   0   0  84   0  16   0   0   0     0    0    0   0.436     14  0.00
   30   30     0   0   0   0   0   0   0   0   0   0  26   0   0   0   5   0   0   0   0  68     0    0    0   0.766     25  0.00
   31   31     0   0   0   0   0   0   0   0  84   0   0   0   0   0   0  16   0   0   0   0     0    0    0   0.436     14  0.00
   32   32     0   0   0   0   0   0   0   0   0   0  84   0   0   0  16   0   0   0   0   0     0    0    0   0.436     14  0.00
   33   33    16   0   0   0   0   0  53   0   0   0   0   0   0  32   0   0   0   0   0   0     0    0    0   0.993     33  0.00
   34   34    95   0   0   0   0   0   0   0   0   0   0   0   0   0   0   0   5   0   0   0     0    0    0   0.206      6  0.00
   35   35     0   0   0   0  84   0   0   0   0   0   0   0  16   0   0   0   0   0   0   0     0    0    0   0.436     14  0.00
   36   36    16   0   0   0   0   0   0   0  84   0   0   0   0   0   0   0   0   0   0   0     0    0    0   0.436     14  0.00
   37   37     0   0   0   0   0   0   0   0  16   0   0   0   0   0  47  37   0   0   0   0     0    0    0   1.013     33  0.00
   38   38     0   0   0   0   0   0   0   0   0   0   0   0   0   0  84   0   0   0  16   0     0    0    0   0.436     14  0.00
   39   39    16   0   0  32   0   0   0   0  53   0   0   0   0   0   0   0   0   0   0   0     0    0    0   0.993     33  0.00
   40   40     0 100   0   0   0   0   0   0   0   0   0   0   0   0   0   0   0   0   0   0     0    0    0   0.000      0  0.00
   41   41     0   0   0   0   0   0   0   0   0   0   0   0   0   0   0  84   0   0  16   0     0    0    0   0.436     14  0.00
   42   42     0   0   0   0   0   0   0   0   0   0  84   0   0   0   0   0   0   0  16   0     0    0    0   0.436     14  0.00
   43   43     0   0   0   0   0   0   0   0 100   0   0   0   0   0   0   0   0   0   0   0     0    0    0   0.000      0  0.00
   44   44     0   0   0   0   0   0   0   0   0   0   0   0   0   0   0   0   0   0  84  16     0    0    0   0.436     14  0.00
   45   45     0   0   0   0   0   0  84   0   0   0   0  16   0   0   0   0   0   0   0   0     0    0    0   0.436     14  0.00
   46   46     0   0   0   0   0   0   0   0  68   0   0   0   0   0   0  32   0   0   0   0     0    0    0   0.624     20  0.00
   47   47     0   0   0   0   0   0   0   0   0   0  16   0   0   0   0   0   0  84   0   0     0    0    0   0.436     14  0.00
   48   48     0   0   0  84   0   0   0   0   0   0   0   0   0   0   0  16   0   0   0   0     0    0    0   0.436     14  0.00
   49   49     0   0  16   0   0   0   0   0   5   0   0  79   0   0   0   0   0   0   0   0     0    0    0   0.633     21  0.00
   50   50     0   0   0   0  84   0   0   0   0   0   0   0   0   0   0   0   0   0   0  16     0    0    0   0.436     14  0.00
   51   51     0   0   0   0  16   0   0   0   0   0   0   0   0   0   0   0   0   0  84   0     0    0    0   0.436     14  0.00
   52   52    53  47   0   0   0   0   0   0   0   0   0   0   0   0   0   0   0   0   0   0     0    0    0   0.692     23  0.00
   53   53     0   0   0   0   0   0   0   0  16   0   0   0  84   0   0   0   0   0   0   0     0    0    0   0.436     14  0.00
   54   54     0   0   0   0   0   0   0 100   0   0   0   0   0   0   0   0   0   0   0   0     0    0    0   0.000      0  0.00
   55   55     0  68   0  32   0   0   0   0   0   0   0   0   0   0   0   0   0   0   0   0     0    0    0   0.624     20  0.00
   56   56     0  32  53  16   0   0   0   0   0   0   0   0   0   0   0   0   0   0   0   0     0    0    0   0.993     33  0.00
   57   57     0  68  32   0   0   0   0   0   0   0   0   0   0   0   0   0   0   0   0   0     0    0    0   0.624     20  0.00
   58   58     0   0   0   0   0   0   0  16   0   0  84   0   0   0   0   0   0   0   0   0     0    0    0   0.436     14  0.00
   59   59    47   0   0   0   0   0   0   0  53   0   0   0   0   0   0   0   0   0   0   0     0    0    0   0.692     23  0.00
   60   60     0   0   0   0   0   0   0   0   0   0  16   0   0   0   0   0   0  84   0   0     0    0    0   0.436     14  0.00
   61   61     0   0   0  16   0   0   0   0   0   0   0   0   0   0   0  84   0   0   0   0     0    0    0   0.436     14  0.00
   62   62     0   0   0   0   0   0   0   0   0   0  84   0   0   0   0   0   0   0   0  16     0    0    0   0.436     14  0.00
   63   63     0  32   0   0  11   0   0   0   0   0  42   0   0  16   0   0   0   0   0   0     0    0    0   1.257     41  0.00
   64   64     0   0   0   0   0   0   0   5  53   0   0   0   0   0   0   0   0  26   0  16     0    0    0   1.136     37  0.00
   65   65     5   0   0   0   0   0   0   0   0   0   0  11   0   0  42   0   0   0  42   0     0    0    0   1.120     37  0.00
   66   66     0   0   0   0   0   0   0   0   0   0   0   0   0   0  11  89   0   0   0   0     0    0    0   0.336     11  0.00
   67   67    84  16   0   0   0   0   0   0   0   0   0   0   0   0   0   0   0   0   0   0     0    0    0   0.436     14  0.00
   68   68     0   0   0   0   0   0   0   0   0   0   0   0   0   0   0   0   0  32  16  53     0    0    0   0.993     33  0.00
   69   69     0   0   0   0   0   0   0   0   0   0   0   0   0   0   0   0  16  84   0   0     0    0    0   0.436     14  0.00
   70   70     0   0  16   0   0   0   0   0   0   0   0   0   0   0   0   0   0   0  84   0     0    0    0   0.436     14  0.00
   71   71     0   0   0   0   0   0   0   0   0   0   0   0   0   0  32  53  16   0   0   0     0    0    0   0.993     33  0.00
   72   72     0   0   0   0   0   0   0   0   0   0   0  32   0   0   0   0  53   0  16   0     0    0    0   0.993     33  0.00
   73   73     0  84   0   0   0   0   0   0   0   0   0   0   0   0   0   0   0  16   0   0     0    0    0   0.436     14  0.00
   74   74     0  84  16   0   0   0   0   0   0   0   0   0   0   0   0   0   0   0   0   0     0    0    0   0.436     14  0.00
   75   75     0  16   0   0   0   0   0   0   0   0   0   0   0   0   0  84   0   0   0   0     0    0    0   0.436     14  0.00
   76   76     0   0   0   0   0   0   0   0   0   0  16   0   0   0   0   0  84   0   0   0     0    0    0   0.436     14  0.00
   77   77     0  16  84   0   0   0   0   0   0   0   0   0   0   0   0   0   0   0   0   0     0    0    0   0.436     14  0.00
   78   78     0   0   0   0   0   0   0   0   0   0   0   0   0   0   0  16  84   0   0   0     0    0    0   0.436     14  0.00
   79   79     0   0   0   0   0   0   0   0   0   0   0  16   0   0   0   0   0  84   0   0     0    0    0   0.436     14  0.00
   80   80     0   0   0   0   0   0   0   0   0   0  47   0   0   0   0   0   0  32   5  16     0    0    0   1.164     38  0.00
   81   81    53  16  32   0   0   0   0   0   0   0   0   0   0   0   0   0   0   0   0   0     0    0    0   0.993     33  0.00
   82   82     0   0   0   0   0   0   0   0   0   0   0   0   0   0   0  16   0  53  16  16     0    0    0   1.212     40  0.00
   83   83     0   0   0   0   0   0   0   0   0   0  84   0   0   0   0  16   0   0   0   0     0    0    0   0.436     14  0.00
   84   84     0   0   0  16  53   0   0   0   0   0  32   0   0   0   0   0   0   0   0   0     0    0    0   0.993     33  0.00
   85   85     0   0   0   0   0   0   0   0   0   0   0   0   0   0  84   0   0   0   0  16     0    0    0   0.436     14  0.00
   86   86     0   0   0   0   0   0   0   0   0   0   0   0   0   0   0   0   0  16   0  84     0    0    0   0.436     14  0.00
   87   87     0  32  47   0   0   0   0   0   0   0  16   5   0   0   0   0   0   0   0   0     0    0    0   1.164     38  0.00
   88   88     0   0   0   0   0   0  53   0   0   0   0   0   0  47   0   0   0   0   0   0     0    0    0   0.692     23  0.00
   89   89     0   0   0   0   0   0   0   0   0   0   0   0   0   0  16  84   0   0   0   0     0    0    0   0.436     14  0.00
   90   90     0   0   0   0   0   0   0   0   0   0   0   0   0   0 100   0   0   0   0   0     0    0    0   0.000      0  0.00
   91   91     0  16   0   0  84   0   0   0   0   0   0   0   0   0   0   0   0   0   0   0     0    0    0   0.436     14  0.00
   92   92     0   0  16   0   0   0   0   0   0   0  84   0   0   0   0   0   0   0   0   0     0    0    0   0.436     14  0.00
   93   93     0   0   0   0   0   0   0   0   0   0   0   0   0   0   0   0   0 100   0   0     0    0    0   0.000      0  0.00
   94   94     0   0   0   0   0   0  84   0   0   0   0   0   0   0   0   0   0   0  16   0     0    0    0   0.436     14  0.00
   95   95     0   0   0   0   0   0   0   0   0   0   0   0   0   0   0   0 100   0   0   0     0    0    0   0.000      0  0.00
   96   96     0   0   0   0   0   0   0   0   0   0   0   0   0   0   0 100   0   0   0   0     0    0    0   0.000      0  0.00
   97   97     0   0   0   0   0   0   0   0   0   0   0   0   0   0   0   0   0 100   0   0     0    0    0   0.000      0  0.00
   98   98     0   0   0   0   0   0   0   0   0   0   0   0   0   0   0   0 100   0   0   0     0    0    0   0.000      0  0.00
   99   99     0  16   0   0   0   0   0   0   0   0   0   0   0   0   0   0   0   0  84   0     0    0    0   0.436     14  0.00
  100  100     0   0   0   0   0   0   0   0   0   0 100   0   0   0   0   0   0   0   0   0     0    0    0   0.000      0  0.00
  101  101     0 100   0   0   0   0   0   0   0   0   0   0   0   0   0   0   0   0   0   0     0    0    0   0.000      0  0.00
  102  102     0  53  16  32   0   0   0   0   0   0   0   0   0   0   0   0   0   0   0   0     0    0    0   0.993     33  0.00
  103  103     0   0   0  84   0   0   0   0   0   0   0  16   0   0   0   0   0   0   0   0     0    0    0   0.436     14  0.00
  104  104     0   0   0   0   0   0   0   0  32   0  68   0   0   0   0   0   0   0   0   0     0    0    0   0.624     20  0.00
  105  105     0  16   0   0   0   0   0   0   0   0   0   0   0   0   0   0   0   0  84   0     0    0    0   0.436     14  0.00
  106  106     0  84  16   0   0   0   0   0   0   0   0   0   0   0   0   0   0   0   0   0     0    0    0   0.436     14  0.00
  107  107     0   0   0   0   0   0   0   0   0   0 100   0   0   0   0   0   0   0   0   0     0    0    0   0.000      0  0.00
  108  108     0   0   0   0   0   0   0   0   0   0   0  84   0   0   0   0   0   0  16   0     0    0    0   0.436     14  0.00
  109  109     0 100   0   0   0   0   0   0   0   0   0   0   0   0   0   0   0   0   0   0     0    0    0   0.000      0  0.00
  110  110     0   0   0   0   0   0   0   0   0   0   0   0   0  84   0  16   0   0   0   0     0    0    0   0.436     14  0.00
  111  111     0   0 100   0   0   0   0   0   0   0   0   0   0   0   0   0   0   0   0   0     0    0    0   0.000      0  0.00
  112  112     0   0  84  16   0   0   0   0   0   0   0   0   0   0   0   0   0   0   0   0     0    0    0   0.436     14  0.00
  113  113     0   0   0   0   0   0   0   0   0   0   0 100   0   0   0   0   0   0   0   0     0    0    0   0.000      0  0.00
  114  114     0   0   0   0   0   0   0   0   0   0   0   0   0   0   0   0   0  16   0  84     0    0    0   0.436     14  0.00
//
