ID Pseudo hssp file.
SEQ 
SEQ gi|6322781|ref|NP_012854.1| Ykl069wp [Saccharomyces cerevisiae] ...   351  3e-96
SEQ gi|13423794|gb|AAK24250.1| (AE005898) conserved hypothetical pro...   128  5e-29
SEQ gi|13701513|dbj|BAB42807.1| (AP003134) conserved hypothetical pr...   117  7e-26
SEQ gi|11279818|pir||D81031 conserved hypothetical protein NMB1886 [...   112  4e-24
SEQ gi|13362009|dbj|BAB35965.1| (AP002558) hypothetical protein [Esc...   112  4e-24
SEQ gi|3915450|sp|P76270|YEBR_ECOLI PROTEIN YEBR >gi|7449245|pir||H6...   112  4e-24
SEQ gi|10175831|dbj|BAB06927.1| (AP001518) BH3208~unknown conserved ...   111  7e-24
SEQ gi|12515882|gb|AAG56822.1|AE005406_1 (AE005406) orf, hypothetica...   109  2e-23
SEQ gi|11359720|pir||T46724 hypothetical protein L4326.13 [imported]...   109  3e-23
SEQ gi|13472055|ref|NP_103622.1| hypothetical protein [Mesorhizobium...   108  6e-23
SEQ gi|11354610|pir||E82192 conserved hypothetical protein VC1498 [i...   107  8e-23
SEQ gi|3915510|sp|O66116|YLP6_ZYMMO HYPOTHETICAL 17.7 KD PROTEIN IN ...   107  1e-22
SEQ gi|11347944|pir||D83292 conserved hypothetical protein PA2822 [i...   106  1e-22
SEQ gi|11279817|pir||H81975 hypothetical protein NMA0571 [imported] ...   106  2e-22
SEQ gi|12725260|gb|AAK06294.1|AE006448_12 (AE006448) HYPOTHETICAL PR...   103  1e-21
SEQ gi|13622474|gb|AAK34192.1| (AE006574) conserved hypothetical pro...    98  6e-20
SEQ gi|11279816|pir||F82706 conserved hypothetical protein XF1230 [i...    97  2e-19
SEQ gi|12721479|gb|AAK03217.1| (AE006154) unknown [Pasteurella multo...    97  2e-19
SEQ gi|7462250|pir||E72365 conserved hypothetical protein - Thermoto...    83  3e-15
SEQ gi|13541651|ref|NP_111339.1| Uncharacterized conserved protein (...    63  4e-09
SEQ gi|3915570|sp|O34553|YTSP_BACSU HYPOTHETICAL 8.7 KDA PROTEIN IN ...    61  1e-08
SEQ gi|10640125|emb|CAC11977.1| (AL445065) conserved hypothetical pr...    50  2e-05
SEQ 
## SEQUENCE PROFILE AND ENTROPY
 SeqNo PDBNo   V   L   I   M   F   W   Y   G   A   P   S   T   C   H   R   K   Q   E   N   D  NOCC NDEL NINS ENTROPY RELENT WEIGHT
    1    1     0   0   0   0   0   0   0   0   0   0 100   0   0   0   0   0   0   0   0   0     0    0    0   0.000      0  0.00
    2    2     0   0   0   0   0   0   0   0   0   0 100   0   0   0   0   0   0   0   0   0     0    0    0   0.000      0  0.00
    3    3     0   0   0   0   0   0   0   0   0   0   0 100   0   0   0   0   0   0   0   0     0    0    0   0.000      0  0.00
    4    4     0   0   0   0   0   0   0 100   0   0   0   0   0   0   0   0   0   0   0   0     0    0    0   0.000      0  0.00
    5    5     0   0   0   0 100   0   0   0   0   0   0   0   0   0   0   0   0   0   0   0     0    0    0   0.000      0  0.00
    6    6     0   0   0   0   0   0   0   0   0   0   0   0   0 100   0   0   0   0   0   0     0    0    0   0.000      0  0.00
    7    7     0   0   0   0   0   0   0   0   0   0   0   0   0 100   0   0   0   0   0   0     0    0    0   0.000      0  0.00
    8    8     0   0   0   0   0   0   0   0 100   0   0   0   0   0   0   0   0   0   0   0     0    0    0   0.000      0  0.00
    9    9     0   0   0   0   0   0   0   0   0   0   0   0   0   0   0   0   0   0   0 100     0    0    0   0.000      0  0.00
   10   10     0   0   0   0   0   0   0   0   0   0   0   0   0 100   0   0   0   0   0   0     0    0    0   0.000      0  0.00
   11   11    50   0   0   0   0   0   0   0  50   0   0   0   0   0   0   0   0   0   0   0     0    0    0   0.693     23  0.00
   12   12     0  50   0   0   0   0   0   0   0   0   0   0   0   0   0   0   0   0  50   0     0    0    0   0.693     23  0.00
   13   13     0   0   0   0   0   0  50   0   0   0   0   0   0  50   0   0   0   0   0   0     0    0    0   0.693     23  0.00
   14   14     0   0   0   0  50   0   0   0   0   0  50   0   0   0   0   0   0   0   0   0     0    0    0   0.693     23  0.00
   15   15     0   0   0   0   0   0   0   0   0   0 100   0   0   0   0   0   0   0   0   0     0    0    0   0.000      0  0.00
   16   16     0   0   0   0   0   0   0   0  50   0   0   0   0   0   0   0   0   0  50   0     0    0    0   0.693     23  0.00
   17   17     0  22   0  56   0   0   0   0   0   0  22   0   0   0   0   0   0   0   0   0     0    0    0   0.995     33  0.00
   18   18     0   0   0   0   0   0   0   0   0   0  15   0   0   0   0   0   0   0  62  23     0    0    0   0.925     30  0.00
   19   19     0   0   0   0   0   0   0   0   0   0   0   0   0   0   0 100   0   0   0   0     0    0    0   0.000      0  0.00
   20   20     0   0   0   0   0   0   0   0  23   8   8  23   0   0   0  15   0  23   0   0     0    0    0   1.698     56  0.00
   21   21     0   0   0   0   0   0   0   0  21   0   0   7   0   0   0   7   0  64   0   0     0    0    0   0.991     33  0.00
   22   22     7  27  13   0  27   0   0   0   0   0   0   0   0   0   0  13  13   0   0   0     0    0    0   1.691     56  0.00
   23   23     0  13  13   0   0   0  67   0   0   0   0   7   0   0   0   0   0   0   0   0     0    0    0   0.988     32  0.00
   24   24     0   0   0   0   0   0   0   0  27   0  13   0   0   0  13   7   7  27   0   7     0    0    0   1.784     59  0.00
   25   25     0   0   0   0   0   7   0   0   0   0   0   0   0   0   7   0  33  20   0  33     0    0    0   1.415     47  0.00
   26   26    13  81   0   6   0   0   0   0   0   0   0   0   0   0   0   0   0   0   0   0     0    0    0   0.602     20  0.00
   27   27     6  44   6   0   0   0   0   0  13   0   0   6   0   0   0   0   0   6  19   0     0    0    0   1.629     54  0.00
   28   28     0  13   0   0   0   0   0   0  25  13   0   6   0   0  19  19   0   0   6   0     0    0    0   1.841     61  0.00
   29   29     0  13   0   0   0   0   0   0   0   0  13   6   0   0   0   0  50   0   0  19     0    0    0   1.354     45  0.00
   30   30     6  25  13   0  19   0  13   0  19   0   0   0   0   0   0   0   6   0   0   0     0    0    0   1.841     61  0.00
   31   31     6   6   0   0   0   0   0   0   0   0   0   0   0   0   0  24   0  47  18   0     0    0    0   1.335     44  0.00
   32   32     0   0   0   0   0   0   0  18  47   0  12   0   0   0   0   6   6  12   0   0     0    0    0   1.498     49  0.00
   33   33    11  72   6   0   0   0   0   0   6   0   0   0   0   0   0   0   0   6   0   0     0    0    0   0.961     32  0.00
   34   34    17  28  11  17  11   0   0   0   0   0  17   0   0   0   0   0   0   0   0   0     0    0    0   1.740     58  0.00
   35   35     0   5   0   0   0   0   0   0  37   0   5   0   0  11   0   0   0  16   0  26     0    0    0   1.558     51  0.00
   36   36     0   0   0   0   0   0   0  47   5   5   5   0   0   0   0   0   0   5   5  26     0    0    0   1.480     49  0.00
   37   37     0   0   0   0   0   0   0   0   0   0   0   0   0   0   0   0  17  83   0   0     0    0    0   0.451     15  0.00
   38   38    11   0   0   0   0   0   0   6  11   6  11  39   0   6   6   0   6   0   0   0     0    0    0   1.903     63  0.00
   39   39     0   0   0   0   0   0   6   0   0   0  17   0   0   6   0   0   0   0  39  33     0    0    0   1.353     45  0.00
   40   40     0  17   6   6  22  22   6   0   6   6   6   0   0   0   6   0   0   0   0   0     0    0    0   2.091     69  0.00
   41   41    26  26  42   0   0   0   0   0   0   0   0   5   0   0   0   0   0   0   0   0     0    0    0   1.222     40  0.00
   42   42     0   0   5   0   0   0   0   0  74   0  11   0  11   0   0   0   0   0   0   0     0    0    0   0.854     28  0.00
   43   43     0   0   5   0   0   0   0   5   0   0   0  16   0   0  11   0   0   0  63   0     0    0    0   1.129     37  0.00
   44   44     0  68   0  16   0   0   0   0  16   0   0   0   0   0   0   0   0   0   0   0     0    0    0   0.843     28  0.00
   45   45     0   0   0   0   0   0   0   0  74   0  26   0   0   0   0   0   0   0   0   0     0    0    0   0.576     19  0.00
   46   46     0   0   0   0   0   0   0   0   0   0   0   5   0   0   0   0   5   0  89   0     0    0    0   0.409     13  0.00
   47   47     5  11   0   5   5   0   0   0  26   0   0  47   0   0   0   0   0   0   0   0     0    0    0   1.407     46  0.00
   48   48     0   0   0   0   0   0   0   0  37   0  63   0   0   0   0   0   0   0   0   0     0    0    0   0.658     21  0.00
   49   49     0   0   0   0   0   0   0   0  79   0  21   0   0   0   0   0   0   0   0   0     0    0    0   0.515     17  0.00
   50   50    11  74   0   5  11   0   0   0   0   0   0   0   0   0   0   0   0   0   0   0     0    0    0   0.854     28  0.00
   51   51     0  68  26   0   0   0   0   0   0   0   0   0   5   0   0   0   0   0   0   0     0    0    0   0.766     25  0.00
   52   52     0   0   0   0  22  22  28   0   6   0   0   0   0   0   0  11   0   0  11   0     0    0    0   1.673     55  0.00
   53   53     0   0   0   6   0   0   6   0   0   0   0   0   0  31   0   0  13  31   6   6     0    0    0   1.680     56  0.00
   54   54     0   0   0   0   7   0   0   0  27   0  13   7   0   7  20   0   0  13   7   0     0    0    0   1.934     64  0.00
   55   55     0  60   0   7  20   0  13   0   0   0   0   0   0   0   0   0   0   0   0   0     0    0    0   1.078     35  0.00
   56   56     0   0   0   0   0   0   0  23   0  23   0   0   0   0   0  15   0   8  23   8     0    0    0   1.698     56  0.00
   57   57     0   0   0   8   0  17   0   8   0   0  33   8   0   0   8   0   8   0   8   0     0    0    0   1.907     63  0.00
   58   58     0  25   0   8  33   0  17   0   0   0   8   0   0   0   0   0   0   8   0   0     0    0    0   1.633     54  0.00
   59   59    22  22   0  11  11   0   0   0  22   0   0   0  11   0   0   0   0   0   0   0     0    0    0   1.735     57  0.00
   60   60    20  10   0   0   0   0   0   0   0  30   0  40   0   0   0   0   0   0   0   0     0    0    0   1.280     42  0.00
   61   61     0   0   0   0   0   0   0   0   0   0   0   0   0   0   8   0   0  23   0  69     0    0    0   0.790     26  0.00
   62   62    29  36  29   0   0   0   0   0   0   0   0   0   0   0   0   0   7   0   0   0     0    0    0   1.272     42  0.00
   63   63     6   0   0   0   0   0   0   0   0   0   0   0   0   0   0   0   0   0  78  17     0    0    0   0.655     21  0.00
   64   64     0   0   0   0   5  91   5   0   0   0   0   0   0   0   0   0   0   0   0   0     0    0    0   0.368     12  0.00
   65   65    50   0   0   0   5   0   0   0  36   0   0   9   0   0   0   0   0   0   0   0     0    0    0   1.073     35  0.00
   66   66     0   0   0   0   0   0   0 100   0   0   0   0   0   0   0   0   0   0   0   0     0    0    0   0.000      0  0.00
   67   67     5   0   0   0  95   0   0   0   0   0   0   0   0   0   0   0   0   0   0   0     0    0    0   0.185      6  0.00
   68   68     0   0   0   0   0   0 100   0   0   0   0   0   0   0   0   0   0   0   0   0     0    0    0   0.000      0  0.00
   69   69    23  59   0   0  14   0   0   0   0   0   0   0   0   0   5   0   0   0   0   0     0    0    0   1.060     35  0.00
   70   70    23  27   5   9   9   0   9   0   5   0   0   9   0   0   0   0   0   0   5   0     0    0    0   1.985     66  0.00
   71   71     0   0   7   0   0   0   0   0   7   0   0   0   0   0   7  13  27   0   7  33     0    0    0   1.709     57  0.00
   72   72     0   0   0   0   0   0   0  27  27   9   9   0   0   0   9   0   0   9   9   0     0    0    0   1.799     60  0.00
   73   73     0   0   0   0   0   0   0   8   0   8  23  23   0   0   8   0   8  15   0   8     0    0    0   1.951     65  0.00
   74   74     0   0   0   0   0   0   0   0   0   0   0   0   0   0  11  11   0  78   0   0     0    0    0   0.684     22  0.00
   75   75     0   0   0   0   0   0   0   0   0   0  13   0   0   7   0   0   7  33   7  33     0    0    0   1.543     51  0.00
   76   76     0   0   0   0   0   0   0  27   0   0   0   0   0   0  13   0   0   0  27  33     0    0    0   1.340     44  0.00
   77   77     6   6   0   0   0   0   6   0   0   0   0  31   0   0   0  19   0  31   0   0     0    0    0   1.561     52  0.00
   78   78     0 100   0   0   0   0   0   0   0   0   0   0   0   0   0   0   0   0   0   0     0    0    0   0.000      0  0.00
   79   79    50   0  27   0   0   0   0   0   5   0   0   0   0   0   0  18   0   0   0   0     0    0    0   1.151     38  0.00
   80   80    14  86   0   0   0   0   0   0   0   0   0   0   0   0   0   0   0   0   0   0     0    0    0   0.398     13  0.00
   81   81     0   0   0   0   0   0   0  82   9   0   0   0   0   0   0   0   0   9   0   0     0    0    0   0.600     20  0.00
   82   82     0   0   0   0   0   0   0   0   9  91   0   0   0   0   0   0   0   0   0   0     0    0    0   0.305     10  0.00
   83   83     0   0   0   0  95   0   5   0   0   0   0   0   0   0   0   0   0   0   0   0     0    0    0   0.185      6  0.00
   84   84    14   0   0   0   0   0   0   0   0   0   0   0   0   0   0   0  86   0   0   0     0    0    0   0.398     13  0.00
   85   85     0   0   0   0   0   0   0 100   0   0   0   0   0   0   0   0   0   0   0   0     0    0    0   0.000      0  0.00
   86   86     0   9   0   0   0   0   0   0   0   9   5   5   0   5   9  50   0   9   0   0     0    0    0   1.640     54  0.00
   87   87    32  14  14   0   0   0   0   0   0  32   0   5   0   0   0   5   0   0   0   0     0    0    0   1.553     51  0.00
   88   88     0   0   0   0   0   0   0   5  73   0   9   9   0   0   0   0   0   5   0   0     0    0    0   0.949     31  0.00
   89   89     0   0   0   0   0   0   0   0   0   0   0   0  86   5   0   0   0   5   0   5     0    0    0   0.548     18  0.00
   90   90    50   5   5   0   0   0   0   0   0   0   5  14   0   9   0   0   9   5   0   0     0    0    0   1.616     53  0.00
   91   91    14   0   0   9   0   0   0   0   0   0   0   0   0   9  50   5   0   9   0   5     0    0    0   1.553     51  0.00
   92   92     0   0 100   0   0   0   0   0   0   0   0   0   0   0   0   0   0   0   0   0     0    0    0   0.000      0  0.00
   93   93     0   0   5   0   0   0   0   5   9  55   0   0   0   0   5   5   9   0   9   0     0    0    0   1.547     51  0.00
   94   94    27  18   9   5  36   0   5   0   0   0   0   0   0   0   0   0   0   0   0   0     0    0    0   1.531     51  0.00
   95   95     0   0   0   0   0   0   0  91   0   0   5   0   0   0   0   0   0   0   0   5     0    0    0   0.368     12  0.00
   96   96     5   0   0   0   0   0   0   0   0   0   0   0   0   0  41  45   0   0   0   9     0    0    0   1.083     36  0.00
   97   97     0   0   0   0   0   0   0 100   0   0   0   0   0   0   0   0   0   0   0   0     0    0    0   0.000      0  0.00
   98   98    86   9   5   0   0   0   0   0   0   0   0   0   0   0   0   0   0   0   0   0     0    0    0   0.485     16  0.00
   99   99     0   0   0   0   0   0   0   0   0   0   0   0 100   0   0   0   0   0   0   0     0    0    0   0.000      0  0.00
  100  100     0   0   0   0   0   0   0  91   0   0   9   0   0   0   0   0   0   0   0   0     0    0    0   0.305     10  0.00
  101  101     0   9   0   0   0   0   5   0   9   0   0  55   0   0   0   0  14   9   0   0     0    0    0   1.397     46  0.00
  102  102     5   0   0   0   0   0   0   0  82   0   9   5   0   0   0   0   0   0   0   0     0    0    0   0.663     22  0.00
  103  103    36   0   0   0   0  14   0   0  50   0   0   0   0   0   0   0   0   0   0   0     0    0    0   0.986     32  0.00
  104  104     0   9   0   0   0   0   0   0  36   0  14   0   0   0   9   5  18   9   0   0     0    0    0   1.744     58  0.00
  105  105     0   5   0   0   0   0   0   0   0   0   9  32   0   0  18  18   0  14   5   0     0    0    0   1.755     58  0.00
  106  106     0   0   0   0   0   0   0  32   0   0   0   0   0   0  23   9   0   9  27   0     0    0    0   1.491     49  0.00
  107  107     0   5   0   0   0   0   0   5   0   0   0   9   0   0  18   5  27  27   0   5     0    0    0   1.799     60  0.00
  108  108    23   0   9   0   0   0   0   0   0   0   9  59   0   0   0   0   0   0   0   0     0    0    0   1.084     36  0.00
  109  109    23   0   9   9   5   0   0   0   0   0   0   5   0   0   0   0  50   0   0   0     0    0    0   1.400     46  0.00
  110  110    27   9  18   0   0   0   0   0   0   0   0   0   5   0  32   0   0   0   9   0     0    0    0   1.605     53  0.00
  111  111    61   0  30   0   0   0   0   0   0   0   0   0   0   0   0   0   0   9   0   0     0    0    0   0.877     29  0.00
  112  112     0   0   0   0   0   0  13   4   4  13   0   0   0   0   4   9   9  26   4  13     0    0    0   2.118     70  0.00
  113  113     0   0   0   0   0   0   0   0   0   0   4   0   0   0   0   0   0   0   4  91     0    0    0   0.356     11  0.00
  114  114   100   0   0   0   0   0   0   0   0   0   0   0   0   0   0   0   0   0   0   0     0    0    0   0.000      0  0.00
  115  115     0   0   0   0   0   0   0   0   0   0   4   0   0  52   0  17   0   0  17   9     0    0    0   1.297     43  0.00
  116  116     4   0   0   0   0   0   0   0  30   0   9   9   0   0   0  17  22   4   0   4     0    0    0   1.832     61  0.00
  117  117     0   0   0   0  57   0  13   0   0   0   0   0   0  17   0   0   0   4   9   0     0    0    0   1.241     41  0.00
  118  118     0   0   0   0   0   0   0   0   9  61   0   4   0   0   0   4   0   9   0  13     0    0    0   1.265     42  0.00
  119  119     0   0   0   0   0   0   0  61   0   0   0   0   0   0   0   9   0   0  17  13     0    0    0   1.084     36  0.00
  120  120     0   0   0   0   0   0  22   0   0   0   0   0   0  78   0   0   0   0   0   0     0    0    0   0.524     17  0.00
  121  121     0  13  87   0   0   0   0   0   0   0   0   0   0   0   0   0   0   0   0   0     0    0    0   0.387     12  0.00
  122  122     0   0   0   0   0   0   0   0  83   0  17   0   0   0   0   0   0   0   0   0     0    0    0   0.462     15  0.00
  123  123     0   0   0   0   0   0   0   0   0   0   0   0 100   0   0   0   0   0   0   0     0    0    0   0.000      0  0.00
  124  124     0   0   0   0   9   0   0   0   0   0  13   0   0   0   0   0   0   0   0  78     0    0    0   0.670     22  0.00
  125  125     0   0   0   0   0   0   0  17  39  17  26   0   0   0   0   0   0   0   0   0     0    0    0   1.326     44  0.00
  126  126     0   9   0   0   0   0   0   0  48   0  13   0   0   0   9   4   0   9   4   4     0    0    0   1.665     55  0.00
  127  127     0   0   0   0   0   0   0   0  13   0  65  22   0   0   0   0   0   0   0   0     0    0    0   0.876     29  0.00
  128  128     0   0   0   9   0   0   0   0   4   0   4   0   0   0  22  22  22   0  17   0     0    0    0   1.784     59  0.00
  129  129     0   0   0   0   0   0   0   0   4   0  96   0   0   0   0   0   0   0   0   0     0    0    0   0.179      5  0.00
  130  130     0   0   0   0   0   0   0   0   0   0   0   0   0   0   0   0   0 100   0   0     0    0    0   0.000      0  0.00
  131  131     4  17  78   0   0   0   0   0   0   0   0   0   0   0   0   0   0   0   0   0     0    0    0   0.632     21  0.00
  132  132    96   0   0   0   0   0   0   0   4   0   0   0   0   0   0   0   0   0   0   0     0    0    0   0.179      5  0.00
  133  133    70  17  13   0   0   0   0   0   0   0   0   0   0   0   0   0   0   0   0   0     0    0    0   0.822     27  0.00
  134  134     0   0   0   0   0   0   0   0   0 100   0   0   0   0   0   0   0   0   0   0     0    0    0   0.000      0  0.00
  135  135    11  47  32  11   0   0   0   0   0   0   0   0   0   0   0   0   0   0   0   0     0    0    0   1.192     39  0.00
  136  136    30  13  17   0  35   0   0   0   0   0   0   0   0   0   4   0   0   0   0   0     0    0    0   1.436     47  0.00
  137  137    16   0   5   0   0   0   0   5   0   0  26   0   0   0  16  11  11   5   0   5     0    0    0   2.028     67  0.00
  138  138     5   0   5   0   0   0  10   5   0   5   0   0   0   0   5  33   0   5  14  14     0    0    0   2.016     67  0.00
  139  139     0   0   0   0   0   0   0   5   0   0   0   0   0   0   0   0  10   5  24  57     0    0    0   1.175     39  0.00
  140  140     0   0   0   0   0   0   0  89   0   0   0   0   0   0   0   0   0   6   6   0     0    0    0   0.426     14  0.00
  141  141     4   0   0   0   0   0   0   4   0   0   4   4   0   4  17  35  17   9   0   0     0    0    0   1.870     62  0.00
  142  142    13  26  30   4   0   0   0   0   0   9   0   9   9   0   0   0   0   0   0   0     0    0    0   1.752     58  0.00
  143  143    17  13  57   0   4   0   4   0   4   0   0   0   0   0   0   0   0   0   0   0     0    0    0   1.301     43  0.00
  144  144     0   0   0   0   0   0   0  78  22   0   0   0   0   0   0   0   0   0   0   0     0    0    0   0.524     17  0.00
  145  145    83   0   0   0   0   0   0   0   0   0   0   0   0   0   0   0   0  17   0   0     0    0    0   0.462     15  0.00
  146  146     0  70  26   0   4   0   0   0   0   0   0   0   0   0   0   0   0   0   0   0     0    0    0   0.739     24  0.00
  147  147     0   0   0   0   0   0   0   0   0   0   0   0   0   0   0   0   0   0   0 100     0    0    0   0.000      0  0.00
  148  148    13  26  52   0   0   0   0   0   9   0   0   0   0   0   0   0   0   0   0   0     0    0    0   1.168     38  0.00
  149  149     0   0   0   0   0   0   0   0   0   0   0   0   0   0   0   0   0   4   0  96     0    0    0   0.179      5  0.00
  150  150     0   0   0   0   0   0   0   0   4   0  87   0   9   0   0   0   0   0   0   0     0    0    0   0.470     15  0.00
  151  151     0   9   0   0   0   0   4   0   0  39   9  17   0   0   0   0   0   9   0  13     0    0    0   1.710     57  0.00
  152  152    17   9   4   0   0   0   4   0   0   0  13  13   0   4   4   9   0   9   4   9     0    0    0   2.367     79  0.00
  153  153     9  22   9   4  13   0   9   0   0  13   0   4   4   0   0  13   0   0   0   0     0    0    0   2.175     72  0.00
  154  154     0   0   0   0   0   0   0  43  30   0   4   0   0   0   0   0   0   9   9   4     0    0    0   1.422     47  0.00
  155  155     0   0   0   0   4   0   0   9  13   4   0   0   0   4  52   0   9   0   0   4     0    0    0   1.575     52  0.00
  156  156     0   0   0   0  91   0   9   0   0   0   0   0   0   0   0   0   0   0   0   0     0    0    0   0.305     10  0.00
  157  157     0   0   0   0   0   0   0   0   0   0  30  13   0   0   0   0   0   0   0  57     0    0    0   0.950     31  0.00
  158  158     0   0   0   0   0   0   0   0  13   0   4   0   0   9   0  13   0  43   0  17     0    0    0   1.546     51  0.00
  159  159    13   0  17   0   0   0   0   0   9   0   0   9   0   0   0   0   0  43   4   4     0    0    0   1.629     54  0.00
  160  160     0   0   0   0   0   0   0   0   0   0   0   0   0   0   0   0   0   4   0  96     0    0    0   0.179      5  0.00
  161  161     9   0   0   0   0   0   0   0   9   0   0   0   0   0   9  13  30  30   0   0     0    0    0   1.627     54  0.00
  162  162     0   9   0   0   0   0   0   0  30   0   0   4   0   0   0   9  17  30   0   0     0    0    0   1.589     53  0.00
  163  163     0   4   0   4  22   4  22  39   0   0   0   0   0   4   0   0   0   0   0   0     0    0    0   1.576     52  0.00
  164  164     0  83  13   0   0   0   0   0   0   0   0   0   4   0   0   0   0   0   0   0     0    0    0   0.560     18  0.00
  165  165     0   0   0   0   0   0   0   9   0   0  13   9   0   0  13   0   0  57   0   0     0    0    0   1.279     42  0.00
  166  166     0   0   0   0   0   0   4   4   9   0  13   4   0   0   9  22  17  13   4   0     0    0    0   2.137     71  0.00
  167  167     9  52  13   4  17   0   0   0   0   0   0   0   4   0   0   0   0   0   0   0     0    0    0   1.394     46  0.00
  168  168    30   4   0   9   0   0   0   0  52   0   0   0   4   0   0   0   0   0   0   0     0    0    0   1.187     39  0.00
  169  169     0   0   0   0   0   0   0   0  26   0   4   0   0   0   4  26   0  17   4  17     0    0    0   1.718     57  0.00
  170  170    18  32  27   0   0   0   0   0   0   0   0   5   0   0   0   0  14   5   0   0     0    0    0   1.581     52  0.00
  171  171    10  50  25   5  10   0   0   0   0   0   0   0   0   0   0   0   0   0   0   0     0    0    0   1.303     43  0.00
  172  172     7   7   0   0   0   0   0   7   0   0  13   0   0   0   0   0   0  53  13   0     0    0    0   1.414     47  0.00
  173  173     0   0   0   0   0   0   0   0   0   0   7   0   0   0   7  80   0   7   0   0     0    0    0   0.720     24  0.00
  174  174     0   0   0   0   0   0   0   0  17   0  50   0   0   0   0  17   0   0  17   0     0    0    0   1.242     41  0.00
  175  175     0   0   0   0   0   0   0   0   0   0   0  33  67   0   0   0   0   0   0   0     0    0    0   0.637     21  0.00
  176  176    67   0   0   0   0   0   0   0   0   0   0  33   0   0   0   0   0   0   0   0     0    0    0   0.637     21  0.00
  177  177     0   0   0   0 100   0   0   0   0   0   0   0   0   0   0   0   0   0   0   0     0    0    0   0.000      0  0.00
//
