ID Pseudo hssp file.
SEQ 
SEQ gi|13774985|gb|AAK39121.1|AF359363_1 (AF359363) LTB-CatN fusion ...   191  1e-48
SEQ gi|1169505|sp|P32890|ELBP_ECOLI HEAT-LABILE ENTEROTOXIN B CHAIN ...   191  2e-48
SEQ gi|223254|prf||0701264A toxin LTB Cistron,heat labile [Escherich...   189  7e-48
SEQ gi|69630|pir||QLECB heat-labile enterotoxin chain B precursor - ...   188  1e-47
SEQ gi|408996|gb|AAC60441.1| (S60731) heat-labile enterotoxin B subu...   188  2e-47
SEQ gi|119304|sp|P13811|ELBH_ECOLI HEAT-LABILE ENTEROTOXIN B CHAIN P...   187  2e-47
SEQ gi|13775068|gb|AAK39124.1|AF363967_1 (AF363967) LTBCat fusion pr...   187  3e-47
SEQ gi|13775072|gb|AAK39126.1|AF363969_1 (AF363969) LTBN fusion prot...   184  3e-46
SEQ gi|9256893|pdb|1DJR|D Chain D, Heat-Labile Enterotoxin B-Pentame...   183  4e-46
SEQ gi|4699884|pdb|1LTR|F Chain F, Crystal Structure Of The B Subuni...   183  7e-46
SEQ gi|13774983|gb|AAK39120.1|AF359362_1 (AF359362) LTB-CatBind fusi...   182  1e-45
SEQ gi|4389354|pdb|1B44|E Chain E, Crystal Structure Of The B Subuni...   180  3e-45
SEQ gi|13775070|gb|AAK39125.1|AF363968_1 (AF363968) LTB-Bind fusion ...   178  1e-44
SEQ gi|48890|emb|CAA41591.1| (X58785) cholera toxin B protein (CTB) ...   172  1e-42
SEQ gi|209556|gb|AAA72715.1| (M23050) cholera toxin subunit B precur...   172  1e-42
SEQ gi|116398|sp|P01556|CHTB_VIBCH CHOLERA ENTEROTOXIN, BETA CHAIN P...   171  1e-42
SEQ gi|808900|dbj|BAA06289.1| (D30052) cholera toxin [Vibrio cholerae]    171  2e-42
SEQ gi|5764649|gb|AAD51360.1|AF175708_4 (AF175708) cholera enterotox...   170  3e-42
SEQ gi|998409|gb|AAB34632.1| cholera-like enterotoxin B subunit [Vib...   168  2e-41
SEQ gi|7245779|pdb|1EEI|D Chain D, Cholera Toxin B-Pentamer Complexe...   168  2e-41
SEQ gi|2781121|pdb|2CHB|D Chain D, Cholera Toxin B-Pentamer Complexe...   168  2e-41
SEQ gi|3660388|pdb|3CHB|D Chain D, Cholera Toxin B-Pentamer Complexe...   166  5e-41
SEQ gi|223826|prf||1001196A toxin,cholera [Vibrio cholerae]               166  6e-41
SEQ gi|758351|emb|CAA24996.1| (X00171) ctx B [Vibrio cholerae]            166  6e-41
SEQ gi|1421525|pdb|1CHQ|D Chain D, Mol_id: 1; Molecule: Cholera Toxi...   165  1e-40
SEQ gi|1421511|pdb|1CHP|D Chain D, Mol_id: 1; Molecule: Cholera Toxi...   164  3e-40
SEQ gi|2624805|pdb|1CT1|D Chain D, Cholera Toxin B-Pentamer Mutant G...   163  5e-40
SEQ gi|1827850|pdb|1XTC|D Chain D, Cholera Toxin >gi|1827851|pdb|1XT...   161  2e-39
SEQ gi|229616|prf||770190A toxin [Vibrio cholerae]                        161  3e-39
SEQ 
## SEQUENCE PROFILE AND ENTROPY
 SeqNo PDBNo   V   L   I   M   F   W   Y   G   A   P   S   T   C   H   R   K   Q   E   N   D  NOCC NDEL NINS ENTROPY RELENT WEIGHT
    1    1     0   0   0   0   0   0   0   0 100   0   0   0   0   0   0   0   0   0   0   0     0    0    0   0.000      0  0.00
    2    2     0   0   0   0   0   0   0   0   0 100   0   0   0   0   0   0   0   0   0   0     0    0    0   0.000      0  0.00
    3    3     0   0   0   0   0   0   0   0   0   0   0   0   0   0   0   0  97   3   0   0     0    0    0   0.146      4  0.00
    4    4     0   0   0   0   0   0   0   0   0   0  30  17   0   0   0   0   0   0  53   0     0    0    0   0.995     33  0.00
    5    5     0   0 100   0   0   0   0   0   0   0   0   0   0   0   0   0   0   0   0   0     0    0    0   0.000      0  0.00
    6    6     0   0   0   0   0   0   0   0   0   0   0 100   0   0   0   0   0   0   0   0     0    0    0   0.000      0  0.00
    7    7     0   0   0   0   0   0   0   0   0   0   0   0   0   0   0   0   3  43   0  53     0    0    0   0.811     27  0.00
    8    8     0 100   0   0   0   0   0   0   0   0   0   0   0   0   0   0   0   0   0   0     0    0    0   0.000      0  0.00
    9    9     0   0   0   0   0   0   0   0   0   0   0   0 100   0   0   0   0   0   0   0     0    0    0   0.000      0  0.00
   10   10     0   0   0   0   0   0   0   0  53   0  47   0   0   0   0   0   0   0   0   0     0    0    0   0.691     23  0.00
   11   11     0   0   0   0   0   0   0   0   0   0   0   0   0   0   0   0   0 100   0   0     0    0    0   0.000      0  0.00
   12   12     0   0   0   0   0   0  93   0   0   0   7   0   0   0   0   0   0   0   0   0     0    0    0   0.245      8  0.00
   13   13     0   0   0   0   0   0   0   0   0   0   0   0   0  80  20   0   0   0   0   0     0    0    0   0.500     16  0.00
   14   14     0   0   0   0   0   0   0   0   0   0   0   0   0   0   0   0   0   0 100   0     0    0    0   0.000      0  0.00
   15   15     0   0   0   0   0   0   0   0   0   0   0 100   0   0   0   0   0   0   0   0     0    0    0   0.000      0  0.00
   16   16     0   0   0   0   0   0   0   0   0   0   0   0   0   0   0   0 100   0   0   0     0    0    0   0.000      0  0.00
   17   17     0   0 100   0   0   0   0   0   0   0   0   0   0   0   0   0   0   0   0   0     0    0    0   0.000      0  0.00
   18   18     0   0   0   0   0   0  63   0   0   0   0   0   0  37   0   0   0   0   0   0     0    0    0   0.657     21  0.00
   19   19     0   0   0   0   0   0   0   0   0   0   0 100   0   0   0   0   0   0   0   0     0    0    0   0.000      0  0.00
   20   20     0  53  47   0   0   0   0   0   0   0   0   0   0   0   0   0   0   0   0   0     0    0    0   0.691     23  0.00
   21   21     0   0   0   0   0   0   0   0   0   0   0   0   0   0   0   0   0   0 100   0     0    0    0   0.000      0  0.00
   22   22     0   0   0   0   0   0   0   0   0   0   0   0   0   0   0   0   0   0   3  97     0    0    0   0.146      4  0.00
   23   23     0   0   0   0   0   0   0   0   0   0   0   0   0   0   0 100   0   0   0   0     0    0    0   0.000      0  0.00
   24   24     0   0 100   0   0   0   0   0   0   0   0   0   0   0   0   0   0   0   0   0     0    0    0   0.000      0  0.00
   25   25     0  50   0   0  50   0   0   0   0   0   0   0   0   0   0   0   0   0   0   0     0    0    0   0.693     23  0.00
   26   26     0   0   0   0   0   0   0   0   0   0 100   0   0   0   0   0   0   0   0   0     0    0    0   0.000      0  0.00
   27   27     0   0   0   0   0   0 100   0   0   0   0   0   0   0   0   0   0   0   0   0     0    0    0   0.000      0  0.00
   28   28     0   0   0   0   0   0   0   0   0   0   0 100   0   0   0   0   0   0   0   0     0    0    0   0.000      0  0.00
   29   29     0   0   0   0   0   0   0   0   0   0   0   0   0   0   0   0   0 100   0   0     0    0    0   0.000      0  0.00
   30   30     0   0   0   0   0   0   0   0   0   0 100   0   0   0   0   0   0   0   0   0     0    0    0   0.000      0  0.00
   31   31     0  53   0  47   0   0   0   0   0   0   0   0   0   0   0   0   0   0   0   0     0    0    0   0.691     23  0.00
   32   32     0   0   0   0   0   0   0   0 100   0   0   0   0   0   0   0   0   0   0   0     0    0    0   0.000      0  0.00
   33   33     0   0   0   0   0   0   0  93   0   0   0   0   0   0   3   0   0   0   0   3     0    0    0   0.291      9  0.00
   34   34     0   0   0   0   0   0   0   0   0   0   0   0   0   0   0  97   0   0   3   0     0    0    0   0.146      4  0.00
   35   35     0   0   0   0   0   0   0   0   0   0   0   0   0   0  97   0   0   0   0   3     0    0    0   0.146      4  0.00
   36   36     0   0   0   0   0   0   0   0   0   0   0   0   0   0   0   0   0 100   0   0     0    0    0   0.000      0  0.00
   37   37     0   0   0 100   0   0   0   0   0   0   0   0   0   0   0   0   0   0   0   0     0    0    0   0.000      0  0.00
   38   38    47   0   0   0   0   0   0   0  53   0   0   0   0   0   0   0   0   0   0   0     0    0    0   0.691     23  0.00
   39   39     0   0 100   0   0   0   0   0   0   0   0   0   0   0   0   0   0   0   0   0     0    0    0   0.000      0  0.00
   40   40     0   0 100   0   0   0   0   0   0   0   0   0   0   0   0   0   0   0   0   0     0    0    0   0.000      0  0.00
   41   41     0   0   0   0   0   0   0   0   0   0   0 100   0   0   0   0   0   0   0   0     0    0    0   0.000      0  0.00
   42   42     0   0   0   0 100   0   0   0   0   0   0   0   0   0   0   0   0   0   0   0     0    0    0   0.000      0  0.00
   43   43     0   0   0   7   0   0   0   0   0   0   0   0   0   0   0  93   0   0   0   0     0    0    0   0.245      8  0.00
   44   44     0   0   0   0   0   0   0   0   0   0  47   0   0   0   0   0   0   0  50   3     0    0    0   0.816     27  0.00
   45   45     0   0   0   0   0   0   0 100   0   0   0   0   0   0   0   0   0   0   0   0     0    0    0   0.000      0  0.00
   46   46     0   0   0   0   0   0   0   0  83   0   0   0   0   0   0   0   0  17   0   0     0    0    0   0.451     15  0.00
   47   47     0   0  17   0   0   0   0   0   0   0   0  83   0   0   0   0   0   0   0   0     0    0    0   0.451     15  0.00
   48   48     0   0   0   0 100   0   0   0   0   0   0   0   0   0   0   0   0   0   0   0     0    0    0   0.000      0  0.00
   49   49     0   0   0   0   0   0   0   0   0   0   0   0   0   0   0   0  97   3   0   0     0    0    0   0.146      4  0.00
   50   50   100   0   0   0   0   0   0   0   0   0   0   0   0   0   0   0   0   0   0   0     0    0    0   0.000      0  0.00
   51   51     0   0   0   0   0   0   0   0   0   0   0   0   0   0   0   0   0 100   0   0     0    0    0   0.000      0  0.00
   52   52   100   0   0   0   0   0   0   0   0   0   0   0   0   0   0   0   0   0   0   0     0    0    0   0.000      0  0.00
   53   53     0   0   0   0   0   0   0   0   0 100   0   0   0   0   0   0   0   0   0   0     0    0    0   0.000      0  0.00
   54   54     0   0   0   0   0   0   0  90   0   0  10   0   0   0   0   0   0   0   0   0     0    0    0   0.325     10  0.00
   55   55     0   0   0   0   0   0   0   0   0   0 100   0   0   0   0   0   0   0   0   0     0    0    0   0.000      0  0.00
   56   56     0   0   0   0   0   0   0   0   0   0   0   0   0   0   0   0  97   3   0   0     0    0    0   0.146      4  0.00
   57   57     0   0   0   0   0   0   0   0   0   0   0   0   0 100   0   0   0   0   0   0     0    0    0   0.000      0  0.00
   58   58     0   0 100   0   0   0   0   0   0   0   0   0   0   0   0   0   0   0   0   0     0    0    0   0.000      0  0.00
   59   59     0   0   0   0   0   0   0   0   0   0   0   0   0   0   0   0   0   0   0 100     0    0    0   0.000      0  0.00
   60   60     0   0   0   0   0   0   0   0   0   0 100   0   0   0   0   0   0   0   0   0     0    0    0   0.000      0  0.00
   61   61     0   0   0   0   0   0   0   0   0   0   0   0   0   0   0   0  97   3   0   0     0    0    0   0.146      4  0.00
   62   62     0   0   0   0   0   0   0   0   0   0   0   0   0   0   0 100   0   0   0   0     0    0    0   0.000      0  0.00
   63   63     0   0   0   0   0   0   0   0   0   0   0   0   0   0   0 100   0   0   0   0     0    0    0   0.000      0  0.00
   64   64     0   0   0   0   0   0   0   0 100   0   0   0   0   0   0   0   0   0   0   0     0    0    0   0.000      0  0.00
   65   65     0   0 100   0   0   0   0   0   0   0   0   0   0   0   0   0   0   0   0   0     0    0    0   0.000      0  0.00
   66   66     0   0   0   0   0   0   0   0   0   0   0   0   0   0   0   0   0  97   0   3     0    0    0   0.146      4  0.00
   67   67     0   0   0   0   0   0   0   0   0   0   0   0   0   0 100   0   0   0   0   0     0    0    0   0.000      0  0.00
   68   68     0   0   0 100   0   0   0   0   0   0   0   0   0   0   0   0   0   0   0   0     0    0    0   0.000      0  0.00
   69   69     0   0   0   0   0   0   0   0   0   0   0   0   0   0   0 100   0   0   0   0     0    0    0   0.000      0  0.00
   70   70     0   0   0   0   0   0   0   0   0   0   0   0   0   0   0   0   0   0   0 100     0    0    0   0.000      0  0.00
   71   71     0   0   0   0   0   0   0   0   0   0   0 100   0   0   0   0   0   0   0   0     0    0    0   0.000      0  0.00
   72   72     0 100   0   0   0   0   0   0   0   0   0   0   0   0   0   0   0   0   0   0     0    0    0   0.000      0  0.00
   73   73     0   0   0   0   0   0   0   0   0   0   0   0   0   0 100   0   0   0   0   0     0    0    0   0.000      0  0.00
   74   74     0   0 100   0   0   0   0   0   0   0   0   0   0   0   0   0   0   0   0   0     0    0    0   0.000      0  0.00
   75   75     0   0   0   0   0   0   0   0  53   0   0  47   0   0   0   0   0   0   0   0     0    0    0   0.691     23  0.00
   76   76     0   0   0   0   0   0 100   0   0   0   0   0   0   0   0   0   0   0   0   0     0    0    0   0.000      0  0.00
   77   77     0 100   0   0   0   0   0   0   0   0   0   0   0   0   0   0   0   0   0   0     0    0    0   0.000      0  0.00
   78   78     0   0   0   0   0   0   0   0   0   0   0 100   0   0   0   0   0   0   0   0     0    0    0   0.000      0  0.00
   79   79     0   0   0   0   0   0   0   0   0   0   0   0   0   0   0   0   0 100   0   0     0    0    0   0.000      0  0.00
   80   80     0   0   0   0   0   0   0   0  53   0   0  47   0   0   0   0   0   0   0   0     0    0    0   0.691     23  0.00
   81   81     0   0   0   0   0   0   0   0   0   0   0   0   0   0   0 100   0   0   0   0     0    0    0   0.000      0  0.00
   82   82    53   0  47   0   0   0   0   0   0   0   0   0   0   0   0   0   0   0   0   0     0    0    0   0.691     23  0.00
   83   83     0   0   0   0   0   0   0   0   0   0   0   0   0   0   0   0   0  53   0  47     0    0    0   0.691     23  0.00
   84   84     0   0   0   0   0   0   0   0   0   0   0   0   0   0   0 100   0   0   0   0     0    0    0   0.000      0  0.00
   85   85     0 100   0   0   0   0   0   0   0   0   0   0   0   0   0   0   0   0   0   0     0    0    0   0.000      0  0.00
   86   86     0   0   0   0   0   0   0   0   0   0   0   0 100   0   0   0   0   0   0   0     0    0    0   0.000      0  0.00
   87   87    97   0   0   0   0   0   0   0   0   0   0   3   0   0   0   0   0   0   0   0     0    0    0   0.146      4  0.00
   88   88     0   0   0   0   0 100   0   0   0   0   0   0   0   0   0   0   0   0   0   0     0    0    0   0.000      0  0.00
   89   89     0   0   0   0   0   0   0   0   0   0   0   0   0   0   0   0   0   0 100   0     0    0    0   0.000      0  0.00
   90   90     0   0   0   0   0   0   0   0   0   0   0   0   0   0   0   0   0   0 100   0     0    0    0   0.000      0  0.00
   91   91     0   0   0   0   0   0   0   0   0   0   0   0   0   0   0 100   0   0   0   0     0    0    0   0.000      0  0.00
   92   92     0   0   0   0   0   0   0   0   0   0   0 100   0   0   0   0   0   0   0   0     0    0    0   0.000      0  0.00
   93   93     0   0   0   0   0   0   0   0   0 100   0   0   0   0   0   0   0   0   0   0     0    0    0   0.000      0  0.00
   94   94     0   0   0   0   0   0   0   0   0   0   0   0   0  50   3   0   0   0  47   0     0    0    0   0.816     27  0.00
   95   95     0   0   0   0   0   0   0   0  53   0  47   0   0   0   0   0   0   0   0   0     0    0    0   0.691     23  0.00
   96   96     0   0 100   0   0   0   0   0   0   0   0   0   0   0   0   0   0   0   0   0     0    0    0   0.000      0  0.00
   97   97     0   0   0   0   0   0   0   0 100   0   0   0   0   0   0   0   0   0   0   0     0    0    0   0.000      0  0.00
   98   98     0   0   0   0   0   0   0   0 100   0   0   0   0   0   0   0   0   0   0   0     0    0    0   0.000      0  0.00
   99   99     0   0 100   0   0   0   0   0   0   0   0   0   0   0   0   0   0   0   0   0     0    0    0   0.000      0  0.00
  100  100     0   0   0   0   0   0   0   0   0   0 100   0   0   0   0   0   0   0   0   0     0    0    0   0.000      0  0.00
  101  101     0   0   0 100   0   0   0   0   0   0   0   0   0   0   0   0   0   0   0   0     0    0    0   0.000      0  0.00
  102  102     0   0   0   0   0   0   0   0  53   0   0   0   0   0   0  17   0  30   0   0     0    0    0   0.995     33  0.00
  103  103     0   0   0   0   0   0   0   0   0   0   0   0   0   0   0   0   0   0 100   0     0    0    0   0.000      0  0.00
//
