ID Pseudo hssp file.
SEQ 
SEQ gi|9626333|ref|NP_040666.1| III (adsorption protein) [Bacterioph...   143  4e-34
SEQ gi|116661|sp|P03662|COAA_BPM13 COAT PROTEIN A PRECURSOR (G3P) (M...   143  4e-34
SEQ gi|75782|pir||Z3BPF1 coat protein A precursor - phage f1              143  4e-34
SEQ gi|9626142|ref|NP_040484.1| protein III [coliphage f1] >gi|16620...   143  4e-34
SEQ gi|579103|emb|CAA23872.1| (V00606) gene III; valine start [colip...   143  4e-34
SEQ gi|9887055|gb|AAG01721.1|AF246445_1 (AF246445) recombinant adsor...   143  4e-34
SEQ gi|9887057|gb|AAG01722.1|AF246446_1 (AF246446) recombinant adsop...   143  4e-34
SEQ gi|228913|prf||1814345A gene III [Coliphage M13]                      139  4e-33
SEQ gi|671744|emb|CAA59045.1| (X84307) M13 pIII [synthetic construct]     139  4e-33
SEQ gi|671745|emb|CAA59046.1| (X84307) hybrid PSTI-pIII [synthetic c...   139  4e-33
SEQ gi|2462917|emb|CAA74922.1| (Y14584) recombinant single chain ant...   139  4e-33
SEQ gi|5822481|pdb|2G3P|A Chain A, Structure Of The N-Terminal Two D...   139  5e-33
SEQ gi|5107694|pdb|1TOL|A Chain A, Fusion Of N-Terminal Domain Of Th...   138  8e-33
SEQ gi|2392336|pdb|1FGP|    Membrane Penetration Domain Of The Minor...   135  6e-32
SEQ gi|2914335|pdb|1G3P|    Crystal Structure Of The N-Terminal Doma...   133  4e-31
SEQ gi|9630752|ref|NP_047356.1| attachment protein [Bacteriophage If...    51  3e-06
SEQ gi|9626239|ref|NP_040576.1| G III capsid protein precursor; gtg ...    48  2e-05
SEQ gi|9625389|ref|NP_039621.1| gene III product [Bacteriophage I2-2...    46  8e-05
SEQ 
## SEQUENCE PROFILE AND ENTROPY
 SeqNo PDBNo   V   L   I   M   F   W   Y   G   A   P   S   T   C   H   R   K   Q   E   N   D  NOCC NDEL NINS ENTROPY RELENT WEIGHT
    1    1     0   0   0   0   0   0   0   0   0   0   0   0   0   0   0   0   0 100   0   0     0    0    0   0.000      0  0.00
    2    2     0   0   0   0   0   0   0   0   0   0   0 100   0   0   0   0   0   0   0   0     0    0    0   0.000      0  0.00
    3    3    94   0   0   0   0   0   0   0   0   0   0   0   0   0   0   0   0   0   0   6     0    0    0   0.224      7  0.00
    4    4     0   0   0   0   0   0   0   0   5   0   0   0   0   0   0   0   0  95   0   0     0    0    0   0.206      6  0.00
    5    5     0   0  11   0   0   0   0   0   0   0  84   0   0   0   0   0   0   5   0   0     0    0    0   0.537     17  0.00
    6    6     0   0   0   0   0   0   0   0   0   0   0   0 100   0   0   0   0   0   0   0     0    0    0   0.000      0  0.00
    7    7     0  89   0   0   0   0   0   0   0   0   0   0   0   0   0   0   0  11   0   0     0    0    0   0.336     11  0.00
    8    8     0   0   0   0   0   0   0   0  95   0   5   0   0   0   0   0   0   0   0   0     0    0    0   0.206      6  0.00
    9    9     0   0   0   0   0   0   0   0   0   0   0   0   0   0   0 100   0   0   0   0     0    0    0   0.000      0  0.00
   10   10     0   0   0   0   0   0   0   0   0  68  32   0   0   0   0   0   0   0   0   0     0    0    0   0.624     20  0.00
   11   11     0   0   0   0   0   0   0   0   5  11   0   0   0  84   0   0   0   0   0   0     0    0    0   0.537     17  0.00
   12   12     0   0  11   0   5   0   0   0   0   0   0  84   0   0   0   0   0   0   0   0     0    0    0   0.537     17  0.00
   13   13     0   0   0   0   0   0   0   0   0   0   0   0   0   0   0   0   0  84   0  16     0    0    0   0.436     14  0.00
   14   14     0   0   0   0   0   0   0  16   0   0   0   0   0   0   0   0   0   0  84   0     0    0    0   0.436     14  0.00
   15   15    11   0   0   0   0   0   0   0   0   0  84   5   0   0   0   0   0   0   0   0     0    0    0   0.537     17  0.00
   16   16     0   5   0   0  95   0   0   0   0   0   0   0   0   0   0   0   0   0   0   0     0    0    0   0.206      6  0.00
   17   17     0   0   0   0   0   0   0   0   0   0   5  84   0   0   0   0   0   0  11   0     0    0    0   0.537     17  0.00
   18   18     0   0   0   0   0   0   0   0   0   0   0   0   0   0   0   0   0   0 100   0     0    0    0   0.000      0  0.00
   19   19   100   0   0   0   0   0   0   0   0   0   0   0   0   0   0   0   0   0   0   0     0    0    0   0.000      0  0.00
   20   20     0   0   0   0   6  89   0   0   0   0   6   0   0   0   0   0   0   0   0   0     0    0    0   0.426     14  0.00
   21   21     0   0   0   0   0   0   0   0   0   0   0   0   0   0   0 100   0   0   0   0     0    0    0   0.000      0  0.00
   22   22     0   0   0   0   0   0   0  11   0   0   0   0   0   0   0   0   0   5   0  84     0    0    0   0.537     17  0.00
   23   23     0   0   0   0   0   0   0   5   0   0   0   0   0   0   0   0   0   0   0  95     0    0    0   0.206      6  0.00
   24   24     0   0   0   0   0   0   0   0   0   0   0   0   0   0   0  84   0  11   0   5     0    0    0   0.537     17  0.00
   25   25     0   0   0   0   0   0   0  11   0   0   5  84   0   0   0   0   0   0   0   0     0    0    0   0.537     17  0.00
   26   26     0 100   0   0   0   0   0   0   0   0   0   0   0   0   0   0   0   0   0   0     0    0    0   0.000      0  0.00
   27   27     0   0   0   0   0   0   0  11   0   0   0   0   0   0   0   0   0   0   0  89     0    0    0   0.349     11  0.00
   28   28     0   0   0   0  11   0   0   0   0   0   0   0   0   0  89   0   0   0   0   0     0    0    0   0.336     11  0.00
   29   29     0   0   0   0   0   0 100   0   0   0   0   0   0   0   0   0   0   0   0   0     0    0    0   0.000      0  0.00
   30   30     0   0  11   0   0   0   0   0  89   0   0   0   0   0   0   0   0   0   0   0     0    0    0   0.336     11  0.00
   31   31     0   0   0   0   0   0   0   0   0   0   0   0   0   0   0   0   0   0 100   0     0    0    0   0.000      0  0.00
   32   32     0   0   0   0   5   0  95   0   0   0   0   0   0   0   0   0   0   0   0   0     0    0    0   0.206      6  0.00
   33   33     0   0   0   0   0   0   0   0   0   0   0   0   0   0   0   0   0  89  11   0     0    0    0   0.336     11  0.00
   34   34     0   0   0   0   0   0   0  95   0   0   0   0   0   0   0   0   0   0   5   0     0    0    0   0.206      6  0.00
   35   35     0   0   0   0   0   0   0   0   0   0   0   0 100   0   0   0   0   0   0   0     0    0    0   0.000      0  0.00
   36   36     0  84   5   0   0   0   0   0   0   0   0   0   0   0   0   0   0  11   0   0     0    0    0   0.537     17  0.00
   37   37     0   0   0   0   0  84  16   0   0   0   0   0   0   0   0   0   0   0   0   0     0    0    0   0.436     14  0.00
   38   38     0   0   0   0   0   0   0   0   0   0   0   0   0   0   0   0   0  16  84   0     0    0    0   0.436     14  0.00
   39   39     0   5   0   0   0   0   0   0  95   0   0   0   0   0   0   0   0   0   0   0     0    0    0   0.206      6  0.00
   40   40     0   0   0   0   0   0   0   0   0   0   5  95   0   0   0   0   0   0   0   0     0    0    0   0.206      6  0.00
   41   41     0   0   0   0   0   0   0 100   0   0   0   0   0   0   0   0   0   0   0   0     0    0    0   0.000      0  0.00
   42   42    95   0   5   0   0   0   0   0   0   0   0   0   0   0   0   0   0   0   0   0     0    0    0   0.206      6  0.00
   43   43    84   0   0   0   0   0   0   5   0   0   0  11   0   0   0   0   0   0   0   0     0    0    0   0.537     17  0.00
   44   44    95   0   5   0   0   0   0   0   0   0   0   0   0   0   0   0   0   0   0   0     0    0    0   0.206      6  0.00
   45   45     0   0   0   0   0   0   0   5   0   0   0   0  95   0   0   0   0   0   0   0     0    0    0   0.206      6  0.00
   46   46     0   0   0   0   0   0   5   0   0   0   0  84   0   0   0   0  11   0   0   0     0    0    0   0.537     17  0.00
   47   47     0   0   0   0   0   0   0  84   0   0   0   0   0   0   0   0   0   0  11   5     0    0    0   0.537     17  0.00
   48   48     0   0   0   0   0   0   0   0   0   0   0   0   0   0   0   0   0   0   5  95     0    0    0   0.206      6  0.00
   49   49     0   0   0   0   0   0   0  11   0   0   0   0   0   0   0   0   0  84   0   5     0    0    0   0.537     17  0.00
   50   50     0   0   0   0   0   0   0   0   0   0   0 100   0   0   0   0   0   0   0   0     0    0    0   0.000      0  0.00
   51   51    11   0   0   0   0   0   0   0   0   0   5   0   0   0   0   0  84   0   0   0     0    0    0   0.537     17  0.00
   52   52     0   0   0   0   0   0   0   0   0   0   0   0 100   0   0   0   0   0   0   0     0    0    0   0.000      0  0.00
   53   53     0   0   0   0   0   0  84   0   5   0   5   0   0   0   0   0   0   0   5   0     0    0    0   0.610     20  0.00
   54   54     0   0   0   0   0   0   0  89   0   0  11   0   0   0   0   0   0   0   0   0     0    0    0   0.336     11  0.00
   55   55     0   0   0   0   0   0   0   0   0   0  11  84   0   5   0   0   0   0   0   0     0    0    0   0.537     17  0.00
   56   56     0   0   0   0   0 100   0   0   0   0   0   0   0   0   0   0   0   0   0   0     0    0    0   0.000      0  0.00
   57   57    84   0   0   0   0   0   0   0   0   0   0   5   0   0   0  11   0   0   0   0     0    0    0   0.537     17  0.00
   58   58     0   0   0   0   0   0   0   0   0 100   0   0   0   0   0   0   0   0   0   0     0    0    0   0.000      0  0.00
   59   59     5   0  84   0   0   0   0   0   0   0   0  11   0   0   0   0   0   0   0   0     0    0    0   0.537     17  0.00
   60   60     0   0   0   0   0   0   0  95   0   0   0   0   0   0   5   0   0   0   0   0     0    0    0   0.206      6  0.00
   61   61     0  89   0   0   0   0   6   0   6   0   0   0   0   0   0   0   0   0   0   0     0    0    0   0.426     14  0.00
   62   62     0   0   0   0   0   0   0   0 100   0   0   0   0   0   0   0   0   0   0   0     0    0    0   0.000      0  0.00
   63   63     6   0  94   0   0   0   0   0   0   0   0   0   0   0   0   0   0   0   0   0     0    0    0   0.224      7  0.00
   64   64     0   0   0   0   0   0   0   0   0 100   0   0   0   0   0   0   0   0   0   0     0    0    0   0.000      0  0.00
   65   65     0   0   0   0   0   0   0   0   0   0   0   0   0   0   0   0   0 100   0   0     0    0    0   0.000      0  0.00
   66   66     0   0   0   0   0   0   0   0   0   0   6   0   0   0   0   0   0   0  94   0     0    0    0   0.224      7  0.00
   67   67     0   0   0   0   0   0   0   0 100   0   0   0   0   0   0   0   0   0   0   0     0    0    0   0.000      0  0.00
   68   68     0   0   0   0   0   0   0   0 100   0   0   0   0   0   0   0   0   0   0   0     0    0    0   0.000      0  0.00
   69   69     0   0   0   0   0   0   0   0 100   0   0   0   0   0   0   0   0   0   0   0     0    0    0   0.000      0  0.00
   70   70     0   0   0   0   0   0   0   0   0   0   0   0   0 100   0   0   0   0   0   0     0    0    0   0.000      0  0.00
//
