ID Pseudo hssp file.
SEQ 
SEQ gi|2498395|sp|Q49610|FTR_METKA FORMYLMETHANOFURAN--TETRAHYDROMET...   568  e-161
SEQ gi|2498394|sp|Q49168|FTR_METFE FORMYLMETHANOFURAN--TETRAHYDROMET...   367  e-101
SEQ gi|11499789|ref|NP_071032.1| formylmethanofuran:tetrahydromethan...   336  2e-91
SEQ gi|7450224|pir||C69035 formylmethanofuran--tetrahydromethanopter...   334  9e-91
SEQ gi|3334462|sp|P21348|FTR_METTH FORMYLMETHANOFURAN--TETRAHYDROMET...   334  9e-91
SEQ gi|1706924|sp|P55301|FTR_METBA FORMYLMETHANOFURAN--TETRAHYDROMET...   329  4e-89
SEQ gi|99102|pir||A34912 formylmethanofuran--tetrahydromethanopterin...   328  6e-89
SEQ gi|2498396|sp|Q57766|FTR_METJA FORMYLMETHANOFURAN--TETRAHYDROMET...   325  4e-88
SEQ gi|13559970|gb|AAK30007.1| (U94337) formylmethanofurane tetrahyd...   256  2e-67
SEQ gi|11280200|pir||T45153 formylmethanofuran--tetrahydromethanopte...   230  1e-59
SEQ gi|7450226|pir||E69152 formylmethanofuran--tetrahydromethanopter...   172  5e-42
SEQ gi|6996549|emb|CAB52774.2| (AJ243655) hypothetical protein [Meth...   171  9e-42
SEQ gi|11499655|ref|NP_070897.1| formylmethanofuran:tetrahydromethan...   168  6e-41
SEQ gi|2127675|pir||S65899 formylmethanofuran--tetrahydromethanopter...    94  2e-18
SEQ gi|322328|pir||S27047 N-formylmethanofuran--tetrahydromethanopte...    83  5e-15
SEQ gi|263817|gb|AAB24979.1| N-formylmethanofuran:tetrahydromethanop...    63  7e-09
SEQ gi|477174|pir||A48369 formylmethanofuran--tetrahydromethanopteri...    59  7e-08
SEQ 
## SEQUENCE PROFILE AND ENTROPY
 SeqNo PDBNo   V   L   I   M   F   W   Y   G   A   P   S   T   C   H   R   K   Q   E   N   D  NOCC NDEL NINS ENTROPY RELENT WEIGHT
    1    1     0   6   0  94   0   0   0   0   0   0   0   0   0   0   0   0   0   0   0   0     0    0    0   0.224      7  0.00
    2    2     0   0   6   0   0   0   0   0   0   0   0   0   0   0   0  24   0  71   0   0     0    0    0   0.753     25  0.00
    3    3    22  11  67   0   0   0   0   0   0   0   0   0   0   0   0   0   0   0   0   0     0    0    0   0.849     28  0.00
    4    4     0   0   0   0   0   0   0   0   0   0   0   0   0   0   0   0   0   0 100   0     0    0    0   0.000      0  0.00
    5    5     0   0   0   0   0   0   0 100   0   0   0   0   0   0   0   0   0   0   0   0     0    0    0   0.000      0  0.00
    6    6    83   0   6   0   0   0   0   0   0   0   0  11   0   0   0   0   0   0   0   0     0    0    0   0.557     18  0.00
    7    7     6   6   0   0   0   0   6   0   0   6   0   0   0   6   0   6   0  67   0   0     0    0    0   1.234     41  0.00
    8    8    28   0  72   0   0   0   0   0   0   0   0   0   0   0   0   0   0   0   0   0     0    0    0   0.591     19  0.00
    9    9     0   0   0   0   0   0   0   0   0   0   0   0   0   0   0   0   0  89   0  11     0    0    0   0.349     11  0.00
   10   10     0   0   0   0   0   0   0   0   0   0   0   0   0   0   0   0   0  22   0  78     0    0    0   0.530     17  0.00
   11   11     0   0   0   0   0   0   0   0   0   0   0 100   0   0   0   0   0   0   0   0     0    0    0   0.000      0  0.00
   12   12     0   0   0   0  83   0  11   0   0   0   6   0   0   0   0   0   0   0   0   0     0    0    0   0.557     18  0.00
   13   13     0   0   0   0   0   0   0   0  83   0  11   0   6   0   0   0   0   0   0   0     0    0    0   0.557     18  0.00
   14   14     0   0   0   0   0   0   0   0   0   0   0   0   0   0   0   0   0 100   0   0     0    0    0   0.000      0  0.00
   15   15     0   0   0   0   0   0   0   0 100   0   0   0   0   0   0   0   0   0   0   0     0    0    0   0.000      0  0.00
   16   16     0   0   0   0 100   0   0   0   0   0   0   0   0   0   0   0   0   0   0   0     0    0    0   0.000      0  0.00
   17   17     0   0   0   0   0   0   0  17   0  17   0  11   0   0   0   0   0  22   0  33     0    0    0   1.542     51  0.00
   18   18     6   0  50   6   0   0   0  17  22   0   0   0   0   0   0   0   0   0   0   0     0    0    0   1.301     43  0.00
   19   19     0   0   6   0   0   6   0   0   6   0   0   0   0   0  17  67   0   0   0   0     0    0    0   1.051     35  0.00
   20   20    28   0  22  22   0   0   6   6   6   0   0   0  11   0   0   0   0   0   0   0     0    0    0   1.750     58  0.00
   21   21    11   0   0   0   0   0   0   0  44   0  33  11   0   0   0   0   0   0   0   0     0    0    0   1.215     40  0.00
   22   22     0   0   0   0   0   0   0   0   6   0   0   0   0   0  94   0   0   0   0   0     0    0    0   0.215      7  0.00
   23   23    72   0  17   0   0   0   0   0  11   0   0   0   0   0   0   0   0   0   0   0     0    0    0   0.778     25  0.00
   24   24     0  72  17   0   0   0   0   0   0   0   0  11   0   0   0   0   0   0   0   0     0    0    0   0.778     25  0.00
   25   25    39   0  61   0   0   0   0   0   0   0   0   0   0   0   0   0   0   0   0   0     0    0    0   0.668     22  0.00
   26   26     0   0   0   0   0   0   0   0   0   0   0 100   0   0   0   0   0   0   0   0     0    0    0   0.000      0  0.00
   27   27     0   0   0   0   0   0   0  19  75   0   0   0   0   0   0   0   0   0   6   0     0    0    0   0.703     23  0.00
   28   28     0   0   0   0   0   0  17   0  61   0   0   0   0   0  11   0   6   0   0   6     0    0    0   1.165     38  0.00
   29   29     0   0   0   0   0   0   0   0   0   0  28  33   0   0   0   6   0   0   6  28     0    0    0   1.399     46  0.00
   30   30     0   6   0  11   0   0  17   0   0   6   0   0   0  22   0  33   0   0   0   6     0    0    0   1.725     57  0.00
   31   31     0   0   0   0   0   0   6   0   0   0   0   0   0   0  13  69   0  13   0   0     0    0    0   0.951     31  0.00
   32   32     0  22   0   0   0  50  11   0   0   0   0  11   0   0   0   6   0   0   0   0     0    0    0   1.330     44  0.00
   33   33    11   6   0   0   0   0   0   0  83   0   0   0   0   0   0   0   0   0   0   0     0    0    0   0.557     18  0.00
   34   34     0  11  11  28   0   6   0   0   0   0   0   0   0   6  11  28   0   0   0   0     0    0    0   1.765     58  0.00
   35   35    22   0  56   0   0   0   0   0   0   0   0   0   0   6  11   6   0   0   0   0     0    0    0   1.226     40  0.00
   36   36     0   0   0   0   0   0   0   0  94   0   0   0   0   0   0   6   0   0   0   0     0    0    0   0.215      7  0.00
   37   37    22   0   0   0   0   0   0   0  78   0   0   0   0   0   0   0   0   0   0   0     0    0    0   0.530     17  0.00
   38   38     0   6   0   0   0   0   6   0   6   0   0  33   0   0   6  22   6   0  17   0     0    0    0   1.802     60  0.00
   39   39     6   0   0   0   0   0   6   0   6   0   0   0   0   0   0   6   0  67   0  11     0    0    0   1.157     38  0.00
   40   40     0   0   0  11   0   0   0   0  78   0  11   0   0   0   0   0   0   0   0   0     0    0    0   0.684     22  0.00
   41   41     0   0   0   0   0   0   0   0   6   0   0  94   0   0   0   0   0   0   0   0     0    0    0   0.215      7  0.00
   42   42     0   0   0   0   0   0   0  83  11   0   0   6   0   0   0   0   0   0   0   0     0    0    0   0.557     18  0.00
   43   43     0   0   0   0  56   0  22   0   6   0   0  17   0   0   0   0   0   0   0   0     0    0    0   1.120     37  0.00
   44   44     0   6   0   0   0   0   0  67  17  11   0   0   0   0   0   0   0   0   0   0     0    0    0   0.974     32  0.00
   45   45     0   0   0   0   0   0   0  11   0   6   0  78   6   0   0   0   0   0   0   0     0    0    0   0.761     25  0.00
   46   46     0   0   0   0   0   0   0   0  11   0  89   0   0   0   0   0   0   0   0   0     0    0    0   0.349     11  0.00
   47   47    94   0   0   0   0   0   0   0   0   0   0   6   0   0   0   0   0   0   0   0     0    0    0   0.215      7  0.00
   48   48     6   0  94   0   0   0   0   0   0   0   0   0   0   0   0   0   0   0   0   0     0    0    0   0.215      7  0.00
   49   49     0   0   0  56   6   0   0  31   6   0   0   0   0   0   0   0   0   0   0   0     0    0    0   1.034     34  0.00
   50   50     0   0   0   0   0   0   0  21   0   0   0   0  79   0   0   0   0   0   0   0     0    0    0   0.520     17  0.00
   51   51     0   0   0   0   0   0   0  14   0  64   0   0   0   0  14   0   0   7   0   0     0    0    0   1.029     34  0.00
   52   52    14   0   0   0   0   0   0   0  79   0   0   0   7   0   0   0   0   0   0   0     0    0    0   0.656     21  0.00
   53   53     0   0   0   0   0   0   0   0   0   0   0   0   0   0   0   0   0 100   0   0     0    0    0   0.000      0  0.00
   54   54     0   0   0   0   0   0   0  21  79   0   0   0   0   0   0   0   0   0   0   0     0    0    0   0.520     17  0.00
   55   55     0   0   0   0   0   0   0 100   0   0   0   0   0   0   0   0   0   0   0   0     0    0    0   0.000      0  0.00
   56   56    21   0  79   0   0   0   0   0   0   0   0   0   0   0   0   0   0   0   0   0     0    0    0   0.520     17  0.00
   57   57     0   0   0   0   0   0   0   0   0   0   0   0   0   0   0   0   0  50   0  50     0    0    0   0.693     23  0.00
   58   58     0   0  14   0   0   0   0   0   0   0   0  14  71   0   0   0   0   0   0   0     0    0    0   0.796     26  0.00
   59   59     0   0   0   0   0   0   0  20  10   0  20   0   0   0  20  30   0   0   0   0     0    0    0   1.557     51  0.00
   60   60     0   8   0   0  15   8  54   0   0   0   0   0   0   0   0   0   0  15   0   0     0    0    0   1.304     43  0.00
   61   61    43  29   7   0   0   0   0   0  14   0   0   0   0   7   0   0   0   0   0   0     0    0    0   1.376     45  0.00
   62   62     0   0   0   0   0   0   0   7   0  50  29   0   0   0   0   7   0   0   0   7     0    0    0   1.270     42  0.00
   63   63     0   0   0   0   0   0   0   7   7  86   0   0   0   0   0   0   0   0   0   0     0    0    0   0.509     16  0.00
   64   64     0   0   0   0   0   0   0   0   7   0  21   0   0   0   0   7   7  43   0  14     0    0    0   1.537     51  0.00
   65   65     0   0   0   0   0   0   0   0   0   0   0   0   0   0   0   7   0  79   7   7     0    0    0   0.755     25  0.00
   66   66     0   0   0   0   0   0   0   0   0   0   0 100   0   0   0   0   0   0   0   0     0    0    0   0.000      0  0.00
   67   67     0   0   0   0   0   0   0   0   0 100   0   0   0   0   0   0   0   0   0   0     0    0    0   0.000      0  0.00
   68   68     0   0   0   0   0   0   0   0   0   0   0   0   0   0   0   0   0   0   0 100     0    0    0   0.000      0  0.00
   69   69     0   0   0   0   0   0   0  93   0   0   0   0   0   0   0   0   7   0   0   0     0    0    0   0.257      8  0.00
   70   70     0   0   0   0   0   0   0   0   0   0   0   0   0   0 100   0   0   0   0   0     0    0    0   0.000      0  0.00
   71   71     0   7   0   0   0   0   0   0   0  93   0   0   0   0   0   0   0   0   0   0     0    0    0   0.257      8  0.00
   72   72     0   0   0   0   0   0   0 100   0   0   0   0   0   0   0   0   0   0   0   0     0    0    0   0.000      0  0.00
   73   73    36   0   0   0  14   0  29   0  21   0   0   0   0   0   0   0   0   0   0   0     0    0    0   1.334     44  0.00
   74   74     7   0  36   0   0   0  14   0   0   0   7  29   0   0   7   0   0   0   0   0     0    0    0   1.569     52  0.00
   75   75    21   0  64   0   0   0   0   0   7   0   0   0   7   0   0   0   0   0   0   0     0    0    0   0.991     33  0.00
   76   76     0  14   7  36   0   0   0   0   0   0   0   0   0   0   0   0  43   0   0   0     0    0    0   1.197     39  0.00
   77   77     0  14  71   0  14   0   0   0   0   0   0   0   0   0   0   0   0   0   0   0     0    0    0   0.796     26  0.00
   78   78     0   0   0   0  14   7  14  14   0   0   0   0  50   0   0   0   0   0   0   0     0    0    0   1.369     45  0.00
   79   79     7   0   0   0   0   0  14   7   7   0   0   7   0  29   0   0   0   0  29   0     0    0    0   1.748     58  0.00
   80   80     0   0   0  14  14   0   0   0   7  36   0   0   0   0   0   0   7   0  14   7     0    0    0   1.767     58  0.00
   81   81     0   0   0   0   0   0   0   7   0   0  36   0   0   0   0  21   0   7   0  29     0    0    0   1.433     47  0.00
   82   82     0   7   0   7   0   0   7   7   0   7   7   0   0   0   0  43   0  14   0   0     0    0    0   1.772     59  0.00
   83   83     0   0   0   0   0   0   0   0   0   0   7   0   0   0   0  43   0  21   7  21     0    0    0   1.400     46  0.00
   84   84     7   0   0   0   0   0   0  21   7   0  21   0   0   0   0  21   0  21   0   0     0    0    0   1.697     56  0.00
   85   85     0  86   0   0  14   0   0   0   0   0   0   0   0   0   0   0   0   0   0   0     0    0    0   0.410     13  0.00
   86   86     0   0   0   7   0   0   0   0   7   0   0   0   0   0   0  21  14  21   0  29     0    0    0   1.673     55  0.00
   87   87    14   0   0   0   0   0   0   0   0   0   0   0   0  36   7   7   0  29   0   7     0    0    0   1.569     52  0.00
   88   88     0   0   0   0   0   0   0   0   0   0   0   0   0   0   0   0  50  50   0   0     0    0    0   0.693     23  0.00
   89   89     0  86   0  14   0   0   0   0   0   0   0   0   0   0   0   0   0   0   0   0     0    0    0   0.410     13  0.00
   90   90     0  71   0   0   0   0   0   7   0   0  14   0   0   0   0   0   0   7   0   0     0    0    0   0.895     29  0.00
   91   91     0   0   0   0   0   0  14   0   7   0   0   7   0   0   0  14   0  43   0  14     0    0    0   1.574     52  0.00
   92   92     0   0   0   0   0   0   0   0   0   0   0   0   0   0 100   0   0   0   0   0     0    0    0   0.000      0  0.00
   93   93    14  14  64   0   0   0   0   0   7   0   0   0   0   0   0   0   0   0   0   0     0    0    0   1.029     34  0.00
   94   94     0   0   0   0   0   0   0  79   0   0   0   0   0   0  21   0   0   0   0   0     0    0    0   0.520     17  0.00
   95   95     0   0   0  29   0   0   0   0   0   0   0   0   0   0   0   0  71   0   0   0     0    0    0   0.598     19  0.00
   96   96     0   0   0   0   0   0   0  29   0   0   0   7  50   0   0   0   0   0   0  14     0    0    0   1.171     39  0.00
   97   97    43   0  57   0   0   0   0   0   0   0   0   0   0   0   0   0   0   0   0   0     0    0    0   0.683     22  0.00
   98   98     0  86   0  14   0   0   0   0   0   0   0   0   0   0   0   0   0   0   0   0     0    0    0   0.410     13  0.00
   99   99    21   0   0   0   0   0   0   0   0   0   0  79   0   0   0   0   0   0   0   0     0    0    0   0.520     17  0.00
  100  100     7   0   0   0   0   0   0   0  57   0   7   0  14   0   0  14   0   0   0   0     0    0    0   1.253     41  0.00
  101  101     0   0   0   0   0   0   0   0   0 100   0   0   0   0   0   0   0   0   0   0     0    0    0   0.000      0  0.00
  102  102     0   0   0   0  14   0   0   7   0   0   0  79   0   0   0   0   0   0   0   0     0    0    0   0.656     21  0.00
  103  103     0   0   0   0   0   0   0   0  21   0   7  71   0   0   0   0   0   0   0   0     0    0    0   0.759     25  0.00
  104  104     0   0   0   0   0   0   0   0  79   0  14   0   0   0   7   0   0   0   0   0     0    0    0   0.656     21  0.00
  105  105    43  21   7   0   0   0   0   0  21   0   0   0   7   0   0   0   0   0   0   0     0    0    0   1.400     46  0.00
  106  106     0   0   0   0  86   0  14   0   0   0   0   0   0   0   0   0   0   0   0   0     0    0    0   0.410     13  0.00
  107  107     0   0   0   0   0   0   0   0  14   0   7   0   0   0   0   0   0   0  29  50     0    0    0   1.171     39  0.00
  108  108     0   0   0   0   0   0   0  29  57   0  14   0   0   0   0   0   0   0   0   0     0    0    0   0.956     31  0.00
  109  109     7  43   7  21   0   0   0   0   0   0   0  21   0   0   0   0   0   0   0   0     0    0    0   1.400     46  0.00
  110  110    10   0   0   0   0   0   0  10   0  60   0   0   0   0   0   0   0  20   0   0     0    0    0   1.089     36  0.00
  111  111     0   0   0   0   0   0   0   0   0   0  10   0   0   0   0   0   0  40  10  40     0    0    0   1.194     39  0.00
  112  112     0   0   0  10   0   0   0  10  50  20   0   0   0   0   0   0   0  10   0   0     0    0    0   1.359     45  0.00
  113  113     0   0   0   0   0   0   0   0   8   0   0   8   0   0   0   0   0  54   0  31     0    0    0   1.091     36  0.00
  114  114     0   0   0   8   0   0   0  15   0   0   0   0   0   0   0  31   8   8   0  31     0    0    0   1.605     53  0.00
  115  115     0   0   7   0   7   0   0   0   0   7   0   0   0   0   0   7   7  50   0  14     0    0    0   1.567     52  0.00
  116  116     0   0   0  15  15   0   0   0   0   8   0   8   0   0   0   0   0   8   0  46     0    0    0   1.525     50  0.00
  117  117     0   0   0  15   0   0   0   0   8   0   0   0   0   0   0  15   8  38   8   8     0    0    0   1.733     57  0.00
  118  118     9   9   9   0   0   0   0   0   0   0   0   0   0   0   0  45   0   9   0  18     0    0    0   1.540     51  0.00
  119  119     0   0   0   0   0   0   0   0   0   0   0   0   0  20  20  20   0   0  40   0     0    0    0   1.332     44  0.00
  120  120    46  15  23   0   0   0   0   0   0   0   0  15   0   0   0   0   0   0   0   0     0    0    0   1.271     42  0.00
  121  121     0   0   0   0   0   0   0 100   0   0   0   0   0   0   0   0   0   0   0   0     0    0    0   0.000      0  0.00
  122  122     0   0   7   0  50   0  14   7   0   0   0   0   0  14   0   7   0   0   0   0     0    0    0   1.468     49  0.00
  123  123     0   0   0   0   0   0   0   0   8   0   0   0   0   0   0  75   0   0  17   0     0    0    0   0.721     24  0.00
  124  124     8  83   8   0   0   0   0   0   0   0   0   0   0   0   0   0   0   0   0   0     0    0    0   0.566     18  0.00
  125  125     0   0   0   0   0   0   0   8   0   0  17   0   0   0  17  58   0   0   0   0     0    0    0   1.119     37  0.00
  126  126     0   0   0   0  75   0  17   0   0   0   0   0   0   0   8   0   0   0   0   0     0    0    0   0.721     24  0.00
  127  127     0   0   0   0  79   0   0   0   0   0   0   0  21   0   0   0   0   0   0   0     0    0    0   0.520     17  0.00
  128  128     0   0   0   0   0   0   0  86  14   0   0   0   0   0   0   0   0   0   0   0     0    0    0   0.410     13  0.00
  129  129     0   0   0   0   0   0   0   0   0   0   0   0   0   0   0   0   0   0   0 100     0    0    0   0.000      0  0.00
  130  130     0   0   0   0   0   0   0 100   0   0   0   0   0   0   0   0   0   0   0   0     0    0    0   0.000      0  0.00
  131  131     0   0   0   7  14   0  79   0   0   0   0   0   0   0   0   0   0   0   0   0     0    0    0   0.656     21  0.00
  132  132     0   0   0   0   0   0   0   0   7   0   0   0   0   0   0   0  21  71   0   0     0    0    0   0.759     25  0.00
  133  133     0   0   7   0   0  21   0   0   0   7   7   0   0   0   0  43   0  14   0   0     0    0    0   1.537     51  0.00
  134  134     0   7   7   0   0   0   0   0   0   0   7   0   0   0   0   7   0  64   0   7     0    0    0   1.227     40  0.00
  135  135     7  21   0   0   0   0   0   7   0   0   0   7   0   7   0   7   0  14   0  29     0    0    0   1.909     63  0.00
  136  136     0   0   0   0   0   0   0   0   0   0   0   0   0   0   7   0   7  86   0   0     0    0    0   0.509     16  0.00
  137  137    14  21  36   7  14   0   0   7   0   0   0   0   0   0   0   0   0   0   0   0     0    0    0   1.631     54  0.00
  138  138     0   0   0   0   0   7   7  21   7   0   0   0   0   0   0   7   7   0   7  36     0    0    0   1.829     61  0.00
  139  139     0   0   0   7   0   0   0  93   0   0   0   0   0   0   0   0   0   0   0   0     0    0    0   0.257      8  0.00
  140  140     0   0   0   0   0   0   0   0   0   0   0   0   0   0  93   7   0   0   0   0     0    0    0   0.257      8  0.00
  141  141     0   0   0   0   0   0   0   0   0   0   0   0   0   0  14  71   0  14   0   0     0    0    0   0.796     26  0.00
  142  142    43   0  21  14   0   0  14   0   0   0   0   0   7   0   0   0   0   0   0   0     0    0    0   1.438     47  0.00
  143  143     0   0  21   0   0  36  14   0   0   0   0   0   0  29   0   0   0   0   0   0     0    0    0   1.334     44  0.00
  144  144     0   0   7   0   0   0   0   0   7   0  21   0   0   0  21  29   0   0  14   0     0    0    0   1.673     55  0.00
  145  145    29   0  71   0   0   0   0   0   0   0   0   0   0   0   0   0   0   0   0   0     0    0    0   0.598     19  0.00
  146  146     0   0   0   0   0   0   0   0   0 100   0   0   0   0   0   0   0   0   0   0     0    0    0   0.000      0  0.00
  147  147    36   0  57   7   0   0   0   0   0   0   0   0   0   0   0   0   0   0   0   0     0    0    0   0.876     29  0.00
  148  148    14   0   0  71   0   0   0   0  14   0   0   0   0   0   0   0   0   0   0   0     0    0    0   0.796     26  0.00
  149  149    14   0   0   0   7   0   0   7   0   0  29   0   0   0   0   0   0  29   0  14     0    0    0   1.649     55  0.00
  150  150     0   0   0   0   0   0   0  86   0  14   0   0   0   0   0   0   0   0   0   0     0    0    0   0.410     13  0.00
  151  151     0   0   0   0   0   0   0   0   0   0   0   0   0   0   0   0   0  50   0  50     0    0    0   0.693     23  0.00
  152  152     0   0   0   0 100   0   0   0   0   0   0   0   0   0   0   0   0   0   0   0     0    0    0   0.000      0  0.00
  153  153     0  43  43   0   0   0   0   0   0   0   0   0   0   0   0  14   0   0   0   0     0    0    0   1.004     33  0.00
  154  154    21   0  50   0   0   0   0   0   7   0   0   7  14   0   0   0   0   0   0   0     0    0    0   1.332     44  0.00
  155  155     0   0   0   0   0   0   0   0   0   0   0   0   0   0   0   0   7  93   0   0     0    0    0   0.257      8  0.00
  156  156     0   0   0   0   0   0   0   0   7   0  36   0   0   0   7   0   0  21   7  21     0    0    0   1.593     53  0.00
  157  157     0   0   0   0   0   0   7   0   0   0  21   7   0   0   7  21   7  14   7   7     0    0    0   2.069     69  0.00
  158  158     7   0  21  14  50   0   0   0   0   0   0   7   0   0   0   0   0   0   0   0     0    0    0   1.332     44  0.00
  159  159     0   0   0   0   0   0   0  93   0   0   0   0   0   0   7   0   0   0   0   0     0    0    0   0.257      8  0.00
  160  160     0   0  50   7   0   0  29   0  14   0   0   0   0   0   0   0   0   0   0   0     0    0    0   1.171     39  0.00
  161  161     7   0  14   0   0   0   0   0   7   0   0  21   0   0  14  36   0   0   0   0     0    0    0   1.631     54  0.00
  162  162     0   0   0   0   0   0   0   0   7   0   7  14   0   0   0  14   0  14   7  36     0    0    0   1.767     58  0.00
  163  163     0   0   0   0   0   0   0  79  21   0   0   0   0   0   0   0   0   0   0   0     0    0    0   0.520     17  0.00
  164  164    64   0  36   0   0   0   0   0   0   0   0   0   0   0   0   0   0   0   0   0     0    0    0   0.652     21  0.00
  165  165     0   0   0  14   0   0   0  14  71   0   0   0   0   0   0   0   0   0   0   0     0    0    0   0.796     26  0.00
  166  166     0   0   0   0   0   0   0 100   0   0   0   0   0   0   0   0   0   0   0   0     0    0    0   0.000      0  0.00
  167  167     0   0   0   0   0   0   0  86  14   0   0   0   0   0   0   0   0   0   0   0     0    0    0   0.410     13  0.00
  168  168     0   0   0   0   0   0   0   0   0   0   0   0   0   0   0   0   0   0 100   0     0    0    0   0.000      0  0.00
  169  169     0   7   7   0  86   0   0   0   0   0   0   0   0   0   0   0   0   0   0   0     0    0    0   0.509     16  0.00
  170  170     0  14   0   0  50  21  14   0   0   0   0   0   0   0   0   0   0   0   0   0     0    0    0   1.233     41  0.00
  171  171     0   0  71   0   7   0  21   0   0   0   0   0   0   0   0   0   0   0   0   0     0    0    0   0.759     25  0.00
  172  172     0  14   0  71  14   0   0   0   0   0   0   0   0   0   0   0   0   0   0   0     0    0    0   0.796     26  0.00
  173  173     0   0   0   0   0   0   0  36  43   0   0   0  21   0   0   0   0   0   0   0     0    0    0   1.061     35  0.00
  174  174     0   0   0   0   0   0   0   0   0   0   0   0   0   0  21   0   0  43   0  36     0    0    0   1.061     35  0.00
  175  175     0   0   0   0   0   0   0   0   0   0  57  21   0   0   0   7   0   0   0  14     0    0    0   1.116     37  0.00
  176  176     0   0   0   0   0   0   0   0   0  14   0   0   0   7   0   0  64   7   7   0     0    0    0   1.128     37  0.00
  177  177     0   0   0   7   0   0   0   7  36  29   0   0   0   0   0   0   0  14   0   7     0    0    0   1.569     52  0.00
  178  178     0   0   0   0   0   0   0   0  21   0  43  21   0   0   0   0   7   0   0   7     0    0    0   1.400     46  0.00
  179  179    14   0   0   0   0   0   0  14  64   0   0   7   0   0   0   0   0   0   0   0     0    0    0   1.029     34  0.00
  180  180     0 100   0   0   0   0   0   0   0   0   0   0   0   0   0   0   0   0   0   0     0    0    0   0.000      0  0.00
  181  181     0  29  14   0   0   0   0   0  14   0   0   7   0   0   0   0  14  21   0   0     0    0    0   1.710     57  0.00
  182  182     7   0   0   0   0   0   0   0  93   0   0   0   0   0   0   0   0   0   0   0     0    0    0   0.257      8  0.00
  183  183     0   0   0   0   0   0   0  21  71   0   0   0   7   0   0   0   0   0   0   0     0    0    0   0.759     25  0.00
  184  184     0   0   0   0   0   0   0   0   0   0   0   0   0   0  14   7  21  57   0   0     0    0    0   1.116     37  0.00
  185  185     0   0   7   7   0   0   0   0  86   0   0   0   0   0   0   0   0   0   0   0     0    0    0   0.509     16  0.00
  186  186     0   0   0   0   0   0   0   0 100   0   0   0   0   0   0   0   0   0   0   0     0    0    0   0.000      0  0.00
  187  187    79   0  21   0   0   0   0   0   0   0   0   0   0   0   0   0   0   0   0   0     0    0    0   0.520     17  0.00
  188  188     0   0   0   0   0   0   0   0   0   0   0   0   0   0   7   0   0  21  14  57     0    0    0   1.116     37  0.00
  189  189     0   0   0   0   0   0   0   0  93   0   0   7   0   0   0   0   0   0   0   0     0    0    0   0.257      8  0.00
  190  190     0   7  79   7   0   0   0   0   7   0   0   0   0   0   0   0   0   0   0   0     0    0    0   0.755     25  0.00
  191  191     0   0   0   0   0   0   0   7  36   0   7   0   0   0   7  36   0   7   0   0     0    0    0   1.489     49  0.00
  192  192     0   0   0   0   0   0   0  14  29   0  14   0   0   0   7   0   7  21   0   7     0    0    0   1.810     60  0.00
  193  193    71  14  14   0   0   0   0   0   0   0   0   0   0   0   0   0   0   0   0   0     0    0    0   0.796     26  0.00
  194  194     0   0   0   0   0   0   0   0   0  14   0   0   0   0   0   0   0  71   0  14     0    0    0   0.796     26  0.00
  195  195     0   0   0   0   0   0   0  93   0   0   0   0   0   0   0   0   0   0   7   0     0    0    0   0.257      8  0.00
  196  196    50   0   0   0   0   0   0   0  21   0   0  29   0   0   0   0   0   0   0   0     0    0    0   1.035     34  0.00
  197  197    36   0  43   7   0   0  14   0   0   0   0   0   0   0   0   0   0   0   0   0     0    0    0   1.197     39  0.00
  198  198     0   7   0   7   0   0   0   0  14   0   0  71   0   0   0   0   0   0   0   0     0    0    0   0.895     29  0.00
  199  199     0   0   0   0   0   0   0   0   0  93   7   0   0   0   0   0   0   0   0   0     0    0    0   0.257      8  0.00
  200  200     0   0   0   0 100   0   0   0   0   0   0   0   0   0   0   0   0   0   0   0     0    0    0   0.000      0  0.00
  201  201     0   0   0   0   0   0   0   0   0  79   0   0   0   0   0   0   0   0   0  21     0    0    0   0.520     17  0.00
  202  202     0   0   0   0   0   0   0 100   0   0   0   0   0   0   0   0   0   0   0   0     0    0    0   0.000      0  0.00
  203  203     0   0   0   0   0   0   0 100   0   0   0   0   0   0   0   0   0   0   0   0     0    0    0   0.000      0  0.00
  204  204    45   0  55   0   0   0   0   0   0   0   0   0   0   0   0   0   0   0   0   0     0    0    0   0.689     22  0.00
  205  205    79   0  21   0   0   0   0   0   0   0   0   0   0   0   0   0   0   0   0   0     0    0    0   0.520     17  0.00
  206  206     0   0   0   0   0   0   0   0  64   0   0   0  21   0  14   0   0   0   0   0     0    0    0   0.892     29  0.00
  207  207     0   0   0   0   0   0   0   0   0   0 100   0   0   0   0   0   0   0   0   0     0    0    0   0.000      0  0.00
  208  208     0   0   0   0   0   0   0  64  36   0   0   0   0   0   0   0   0   0   0   0     0    0    0   0.652     21  0.00
  209  209     0   0   0   0   0   0   0   7  14   0  79   0   0   0   0   0   0   0   0   0     0    0    0   0.656     21  0.00
  210  210     0   0   0   0   0   0   0   0   0   0  21   0   0   0   0  79   0   0   0   0     0    0    0   0.520     17  0.00
  211  211    71   0   0   0   0   0   0   0   0   0   7   0   0   0   0  21   0   0   0   0     0    0    0   0.759     25  0.00
  212  212     0   0   0   0   0   0   0  79   0  21   0   0   0   0   0   0   0   0   0   0     0    0    0   0.520     17  0.00
  213  213     0   0   0   0   0   0   0   7  21   0  50   0   0   0   0   0   0  21   0   0     0    0    0   1.195     39  0.00
  214  214     0   0   0   0   0   0   0   0   0   0   7  21   0   0   7  29   0   0  36   0     0    0    0   1.433     47  0.00
  215  215     0   0   0   0   0   0   0   0   0   0   0   8   0   0   0  62  15   0  15   0     0    0    0   1.072     35  0.00
  216  216     0   0   0   0   0   0  93   0   0   0   0   0   0   0   0   7   0   0   0   0     0    0    0   0.257      8  0.00
  217  217     0   0   0   0   0   0   0   7   0  21   0   0   0   0   0  50   0   0   0  21     0    0    0   1.195     39  0.00
  218  218     0   0   0   7  64  14   0   0   0   0   0   7   0   0   0   0   0   7   0   0     0    0    0   1.128     37  0.00
  219  219     0  64  14  21   0   0   0   0   0   0   0   0   0   0   0   0   0   0   0   0     0    0    0   0.892     29  0.00
  220  220     8   0   0   0   0   0   0  23   0  23   0   0   0   0   0  15   0   0  23   8     0    0    0   1.698     56  0.00
  221  221     0   0   0   0   0   0   0   0  79  21   0   0   0   0   0   0   0   0   0   0     0    0    0   0.520     17  0.00
  222  222     0   0   0   0   0   0   0   0   0   0  71  29   0   0   0   0   0   0   0   0     0    0    0   0.598     19  0.00
  223  223     0   0   0   0   0   0   0   0   7   0   0  93   0   0   0   0   0   0   0   0     0    0    0   0.257      8  0.00
  224  224     0   0   0   0   0   0   0   0   0   0   0   0   0   0   0   0   0   0 100   0     0    0    0   0.000      0  0.00
  225  225     0   0   0   0   0   0   0   0   0   0   0   0   0  29   0   0   0  43   0  29     0    0    0   1.079     36  0.00
  226  226     0   0   0   0   0   0   7   0  29  14   0   0   0   0   7  43   0   0   0   0     0    0    0   1.376     45  0.00
  227  227     0   0   0  36  29   0  36   0   0   0   0   0   0   0   0   0   0   0   0   0     0    0    0   1.093     36  0.00
  228  228     0   0   0   0   0   0   0   0   7   0   0   0  93   0   0   0   0   0   0   0     0    0    0   0.257      8  0.00
  229  229    29   0   0   0   0   0   0   0   0  71   0   0   0   0   0   0   0   0   0   0     0    0    0   0.598     19  0.00
  230  230     0   0   0   0   0   0   0   0   0   0  29  71   0   0   0   0   0   0   0   0     0    0    0   0.598     19  0.00
  231  231    43  36  21   0   0   0   0   0   0   0   0   0   0   0   0   0   0   0   0   0     0    0    0   1.061     35  0.00
  232  232     0   0   0   0   0   0   0   0   0   0   0   0   0   0  14  29   0  50   0   7     0    0    0   1.171     39  0.00
  233  233     0   0   0   0   0   0   0  14   0   0   0   0   0   0   0   0   0   7   0  79     0    0    0   0.656     21  0.00
  234  234     0   0   0   0   0   0   0   0   0   0  43  29   0   0   0   0  14   0  14   0     0    0    0   1.277     42  0.00
  235  235     0   0   0   0   0   0   0   0   7   0   0   0   0   0   7  14  29  43   0   0     0    0    0   1.376     45  0.00
  236  236    29  29  43   0   0   0   0   0   0   0   0   0   0   0   0   0   0   0   0   0     0    0    0   1.079     36  0.00
  237  237     0   0   0   0   0   0   0   0   0  93   7   0   0   0   0   0   0   0   0   0     0    0    0   0.257      8  0.00
  238  238     0   0   0   0   0   0   0   0   7  14   0   0   0   0   0   0   0  71   0   7     0    0    0   0.895     29  0.00
  239  239     0   0   0   0   0   0   0  43   0   0   0   0   0   0   0   0   0  14  21  21     0    0    0   1.301     43  0.00
  240  240    86   0   7   0   0   0   0   0   0   0   0   0   7   0   0   0   0   0   0   0     0    0    0   0.509     16  0.00
  241  241     0   0   0   0   0   0   0  21   0   0   0   0   0   0   0  29   0   7  43   0     0    0    0   1.240     41  0.00
  242  242     7   0   0   0   0   0  14  36  14   0  14   0  14   0   0   0   0   0   0   0     0    0    0   1.668     55  0.00
  243  243    71   0  29   0   0   0   0   0   0   0   0   0   0   0   0   0   0   0   0   0     0    0    0   0.598     19  0.00
  244  244     0   7   0   7   0   0  64   0   0  21   0   0   0   0   0   0   0   0   0   0     0    0    0   0.991     33  0.00
  245  245     0   0   0   0   0   0   0   0   0   0   0   0   0   0   0   0   0 100   0   0     0    0    0   0.000      0  0.00
  246  246     0   0 100   0   0   0   0   0   0   0   0   0   0   0   0   0   0   0   0   0     0    0    0   0.000      0  0.00
  247  247   100   0   0   0   0   0   0   0   0   0   0   0   0   0   0   0   0   0   0   0     0    0    0   0.000      0  0.00
  248  248     0   0 100   0   0   0   0   0   0   0   0   0   0   0   0   0   0   0   0   0     0    0    0   0.000      0  0.00
  249  249     0   0   0   0   0   0   0   0   0   0   0   0   0   0   0   0   0   0  50  50     0    0    0   0.693     23  0.00
  250  250     0   0   0   0   0   0   0  93   7   0   0   0   0   0   0   0   0   0   0   0     0    0    0   0.257      8  0.00
  251  251    29  57  14   0   0   0   0   0   0   0   0   0   0   0   0   0   0   0   0   0     0    0    0   0.956     31  0.00
  252  252     0   0   0   0   0   0   0   0   0   0  14  14   0   0   0   7   0   0  21  43     0    0    0   1.438     47  0.00
  253  253     0   7   0   7   0   0   0   0   7   0   7   0   0   0   7   0   0  57   0   7     0    0    0   1.451     48  0.00
  254  254     0   0   0   0   0   0   0   0  14   0   0   0   0   0   0   0   0  79   0   7     0    0    0   0.656     21  0.00
  255  255     7   0   0   0   0   0   0   0  64   0  21   0   0   0   0   0   0   0   0   7     0    0    0   0.991     33  0.00
  256  256    64  14  21   0   0   0   0   0   0   0   0   0   0   0   0   0   0   0   0   0     0    0    0   0.892     29  0.00
  257  257     0   0   0   0   0   0   0   0  14   0   0   0   0   0  21  43   0  21   0   0     0    0    0   1.301     43  0.00
  258  258     0   0   0   0   0   0   0   0   7   0   0   0   0   0   0  21   0  71   0   0     0    0    0   0.759     25  0.00
  259  259     0   0   0   0   0   0   0   0  93   0   7   0   0   0   0   0   0   0   0   0     0    0    0   0.257      8  0.00
  260  260     0   0   0  93   0   0   0   0   0   0   0   7   0   0   0   0   0   0   0   0     0    0    0   0.257      8  0.00
  261  261     0   0   0   0   7   0   0   0   0   0   0   0   0   0  50  43   0   0   0   0     0    0    0   0.898     29  0.00
  262  262    36   0   0   0   0   0   0   0  36   0   0   0   0   0   0   0   7  21   0   0     0    0    0   1.254     41  0.00
  263  263     0   0   0   0   0   0   0  86   7   0   0   0   7   0   0   0   0   0   0   0     0    0    0   0.509     16  0.00
  264  264     0   7  86   7   0   0   0   0   0   0   0   0   0   0   0   0   0   0   0   0     0    0    0   0.509     16  0.00
  265  265     0  14   0   0   0   0   0   0   0   0   0   0   0   7   0  29   0  43   0   7     0    0    0   1.376     45  0.00
  266  266     7   0   0   0   0   0   0   0  86   0   0   7   0   0   0   0   0   0   0   0     0    0    0   0.509     16  0.00
  267  267    21   0   0   0   0   0   0   0  79   0   0   0   0   0   0   0   0   0   0   0     0    0    0   0.520     17  0.00
  268  268     7   0   0   0   0   0   0   0   0   0   7  21  64   0   0   0   0   0   0   0     0    0    0   0.991     33  0.00
  269  269     0   0   0   0   0   0   0   0   7   0   0  29   0   0  21  21  14   7   0   0     0    0    0   1.673     55  0.00
  270  270    43   0  14   0   0   0  14   0   7   0   0   0   0   0   0   0  21   0   0   0     0    0    0   1.438     47  0.00
  271  271     0   0   0   0   0   0   0   0   0  57   0   0   0   7   0   7   0   0   7  21     0    0    0   1.215     40  0.00
  272  272     0   0   0   0   0   0   0 100   0   0   0   0   0   0   0   0   0   0   0   0     0    0    0   0.000      0  0.00
  273  273    64   7  29   0   0   0   0   0   0   0   0   0   0   0   0   0   0   0   0   0     0    0    0   0.830     27  0.00
  274  274    36  14  21   0   0   0   0   0   0   0   0   0   0   0   7  21   0   0   0   0     0    0    0   1.494     49  0.00
  275  275     0   0   0   7   0   0   0   0   7   0   0   0   0   0  21  64   0   0   0   0     0    0    0   0.991     33  0.00
  276  276    21   0  79   0   0   0   0   0   0   0   0   0   0   0   0   0   0   0   0   0     0    0    0   0.520     17  0.00
  277  277     0   0   0   0   0   0   0   0   0   0  79  21   0   0   0   0   0   0   0   0     0    0    0   0.520     17  0.00
  278  278     0   0   0   0   0   0   0   0 100   0   0   0   0   0   0   0   0   0   0   0     0    0    0   0.000      0  0.00
  279  279     0   0   0   0   0   0   0 100   0   0   0   0   0   0   0   0   0   0   0   0     0    0    0   0.000      0  0.00
  280  280     0   0   0   0   0   0   0   0   0   0   0   0   0   0   0   0   0   0 100   0     0    0    0   0.000      0  0.00
  281  281     0   0   0   0  14   0  86   0   0   0   0   0   0   0   0   0   0   0   0   0     0    0    0   0.410     13  0.00
  282  282     0   0   0   0   0   0   0  79   0   0   0   0   0   0   0   0   0   7   0  14     0    0    0   0.656     21  0.00
  283  283     0   0   0   0   0   0   0 100   0   0   0   0   0   0   0   0   0   0   0   0     0    0    0   0.000      0  0.00
  284  284     0   0   0   0   0   0   0   0   0   0   0   0   0   0   0  71   0   0  29   0     0    0    0   0.598     19  0.00
  285  285     0 100   0   0   0   0   0   0   0   0   0   0   0   0   0   0   0   0   0   0     0    0    0   0.000      0  0.00
  286  286     0   0   0   0   0   0   0 100   0   0   0   0   0   0   0   0   0   0   0   0     0    0    0   0.000      0  0.00
  287  287     0   0   0   0   0   0   0   0  21   7   0   0   0   0   7  29  21   0   0  14     0    0    0   1.673     55  0.00
  288  288     0   0   0   0   7   0  57   0   0   0   0   0   0  36   0   0   0   0   0   0     0    0    0   0.876     29  0.00
  289  289     0   7   7   0   0   0   0   0   0   0   0   0   0   7  14  36  14  14   0   0     0    0    0   1.767     58  0.00
  290  290     0   7  64   0  21   0   7   0   0   0   0   0   0   0   0   0   0   0   0   0     0    0    0   0.991     33  0.00
  291  291     0   0   0   0   0   0   7   0   0   0   0   0   0  36   0  29   0   0  14  14     0    0    0   1.470     49  0.00
  292  292     0 100   0   0   0   0   0   0   0   0   0   0   0   0   0   0   0   0   0   0     0    0    0   0.000      0  0.00
  293  293     0   0   0   0   0   0   0   0   0   0   0   0   0  64  21   7   0   0   7   0     0    0    0   0.991     33  0.00
  294  294     0   0   0   0   0   0   0   0   0   0   0   0   0   0   0   0   0  33   0  67     0    0    0   0.637     21  0.00
  295  295     0  92   8   0   0   0   0   0   0   0   0   0   0   0   0   0   0   0   0   0     0    0    0   0.287      9  0.00
  296  296     0   0   0   0 100   0   0   0   0   0   0   0   0   0   0   0   0   0   0   0     0    0    0   0.000      0  0.00
//
