ID Pseudo hssp file.
SEQ 
SEQ gi|1169667|sp|P00210|FER1_DESAF FERREDOXIN I >gi|1070420|pir||FE...    96  4e-20
SEQ gi|4590507|gb|AAD26588.1|AF136577_4 (AF136577) unknown [Synechoc...    58  2e-08
SEQ gi|7451565|pir||S77067 hypothetical protein sll0662 - Synechocys...    57  4e-08
SEQ gi|6015132|sp|P10624|FER2_DESVM FERREDOXIN II (FD II) >gi|225759...    50  3e-06
SEQ gi|65711|pir||FEDV2V ferredoxin [4Fe-4S] II - Desulfovibrio vulg...    50  4e-06
SEQ 
## SEQUENCE PROFILE AND ENTROPY
 SeqNo PDBNo   V   L   I   M   F   W   Y   G   A   P   S   T   C   H   R   K   Q   E   N   D  NOCC NDEL NINS ENTROPY RELENT WEIGHT
    1    1     0   0   0   0   0   0   0   0 100   0   0   0   0   0   0   0   0   0   0   0     0    0    0   0.000      0  0.00
    2    2     0   0   0   0   0   0   0   0   0   0   0   0   0   0  60  40   0   0   0   0     0    0    0   0.673     22  0.00
    3    3     0   0   0   0   0   0  40  20   0   0   0   0   0   0   0  40   0   0   0   0     0    0    0   1.055     35  0.00
    4    4    20  40   0   0  40   0   0   0   0   0   0   0   0   0   0   0   0   0   0   0     0    0    0   1.055     35  0.00
    5    5     0   0   0   0   0   0 100   0   0   0   0   0   0   0   0   0   0   0   0   0     0    0    0   0.000      0  0.00
    6    6    67  33   0   0   0   0   0   0   0   0   0   0   0   0   0   0   0   0   0   0     0    0    0   0.637     21  0.00
    7    7     0   0   0   0   0   0   0   0   0   0   0   0   0   0   0   0   0   0   0 100     0    0    0   0.000      0  0.00
    8    8     0   0   0   0   0   0   0   0   0   0   0   0   0   0   0   0  67  33   0   0     0    0    0   0.637     21  0.00
    9    9    17   0   0   0   0   0   0   0   0   0   0  17   0   0   0   0   0   0   0  67     0    0    0   0.868     28  0.00
   10   10     0   0   0   0   0   0   0   0   0   0   0  33   0   0   0   0   0  67   0   0     0    0    0   0.637     21  0.00
   11   11     0   0   0   0   0   0   0   0   0   0   0   0 100   0   0   0   0   0   0   0     0    0    0   0.000      0  0.00
   12   12     0   0  67  33   0   0   0   0   0   0   0   0   0   0   0   0   0   0   0   0     0    0    0   0.637     21  0.00
   13   13     0   0   0   0   0   0   0  33  67   0   0   0   0   0   0   0   0   0   0   0     0    0    0   0.637     21  0.00
   14   14     0   0   0   0   0   0   0   0   0   0   0   0 100   0   0   0   0   0   0   0     0    0    0   0.000      0  0.00
   15   15     0   0   0   0   0   0   0   0   0   0   0   0   0   0   0  33   0  67   0   0     0    0    0   0.637     21  0.00
   16   16     0   0   0   0   0   0   0   0   0   0  67   0   0  17   0   0   0   0  17   0     0    0    0   0.868     28  0.00
   17   17     0   0   0   0   0   0   0   0   0   0   0   0 100   0   0   0   0   0   0   0     0    0    0   0.000      0  0.00
   18   18    67   0   0   0   0   0   0   0  33   0   0   0   0   0   0   0   0   0   0   0     0    0    0   0.637     21  0.00
   19   19     0   0   0   0   0   0   0   0   0   0   0   0   0  33   0   0   0  67   0   0     0    0    0   0.637     21  0.00
   20   20    17  33  33   0   0   0   0   0   0   0   0  17   0   0   0   0   0   0   0   0     0    0    0   1.330     44  0.00
   21   21     0   0   0   0   0   0   0   0  67   0   0   0  33   0   0   0   0   0   0   0     0    0    0   0.637     21  0.00
   22   22     0   0   0   0   0   0   0   0   0 100   0   0   0   0   0   0   0   0   0   0     0    0    0   0.000      0  0.00
   23   23     0   0   0   0   0   0   0  33   0   0   0   0   0   0   0   0   0  33  33   0     0    0    0   1.099     36  0.00
   24   24     0   0   0   0   0   0   0   0  67   0   0  33   0   0   0   0   0   0   0   0     0    0    0   0.637     21  0.00
   25   25     0   0   0   0 100   0   0   0   0   0   0   0   0   0   0   0   0   0   0   0     0    0    0   0.000      0  0.00
   26   26     0   0   0   0   0   0  17   0  33   0   0  17   0   0  33   0   0   0   0   0     0    0    0   1.330     44  0.00
   27   27     0   0  33  67   0   0   0   0   0   0   0   0   0   0   0   0   0   0   0   0     0    0    0   0.637     21  0.00
   28   28     0   0   0   0   0   0   0   0   0   0  33   0   0   0   0   0   0  33   0  33     0    0    0   1.099     36  0.00
   29   29     0   0   0   0   0   0   0   0   0  33  33   0   0   0   0   0  17  17   0   0     0    0    0   1.330     44  0.00
   30   30     0   0   0   0   0   0   0   0  33   0   0   0   0   0   0   0   0  67   0   0     0    0    0   0.637     21  0.00
   31   31     0   0  33   0   0   0   0  33   0   0   0   0   0  33   0   0   0   0   0   0     0    0    0   1.099     36  0.00
   32   32     0   0   0   0   0   0   0  33   0   0   0   0   0   0   0   0   0  67   0   0     0    0    0   0.637     21  0.00
   33   33     0   0   0   0   0   0  33   0   0   0   0   0   0   0  33  33   0   0   0   0     0    0    0   1.099     36  0.00
   34   34     0   0   0   0   0   0   0   0  83   0  17   0   0   0   0   0   0   0   0   0     0    0    0   0.451     15  0.00
   35   35     0   0   0   0   0   0  33   0   0   0   0   0   0   0  33   0   0  33   0   0     0    0    0   1.099     36  0.00
   36   36    67   0   0   0   0   0   0   0  33   0   0   0   0   0   0   0   0   0   0   0     0    0    0   0.637     21  0.00
   37   37     0   0  33   0  17   0  17   0   0   0   0   0   0   0   0  33   0   0   0   0     0    0    0   1.330     44  0.00
   38   38     0   0   0   0   0   0   0   0   0   0  17   0   0   0  17   0   0   0   0  67     0    0    0   0.868     28  0.00
   39   39    50   0   0   0   0   0   0   0   0   0   0   0   0   0   0   0  50   0   0   0     0    0    0   0.693     23  0.00
   40   40     0   0   0   0   0   0   0   0   0  33   0   0   0   0   0   0   0  33  17  17     0    0    0   1.330     44  0.00
   41   41     0   0   0   0   0   0   0  67   0   0   0   0   0   0   0   0   0   0  33   0     0    0    0   0.637     21  0.00
   42   42     0   0   0   0   0   0   0   0  33   0   0  33   0   0   0   0   0   0   0  33     0    0    0   1.099     36  0.00
   43   43     0   0   0   0   0   0   0   0  17   0  33  33   0   0   0   0   0   0   0  17     0    0    0   1.330     44  0.00
   44   44     0   0   0   0   0   0   0   0  33   0   0   0   0   0   0   0  33  33   0   0     0    0    0   1.099     36  0.00
   45   45     0   0   0   0   0   0   0   0  17   0   0   0   0   0   0   0   0  83   0   0     0    0    0   0.451     15  0.00
   46   46    17   0  17   0   0   0   0   0   0   0   0   0  33   0   0   0   0  33   0   0     0    0    0   1.330     44  0.00
   47   47    83   0  17   0   0   0   0   0   0   0   0   0   0   0   0   0   0   0   0   0     0    0    0   0.451     15  0.00
   48   48     0   0   0   0   0   0   0   0   0   0   0   0   0   0   0   0  33  67   0   0     0    0    0   0.637     21  0.00
   49   49     0   0   0   0   0   0   0   0   0   0   0   0   0   0   0   0   0  67   0  33     0    0    0   0.637     21  0.00
   50   50     0   0   0   0   0   0   0   0 100   0   0   0   0   0   0   0   0   0   0   0     0    0    0   0.000      0  0.00
   51   51     0   0  67  33   0   0   0   0   0   0   0   0   0   0   0   0   0   0   0   0     0    0    0   0.637     21  0.00
   52   52     0   0   0   0   0   0   0   0   0   0  33   0   0   0   0   0   0   0   0  67     0    0    0   0.637     21  0.00
   53   53     0   0   0   0   0   0   0   0   0   0   0 100   0   0   0   0   0   0   0   0     0    0    0   0.000      0  0.00
   54   54     0   0   0   0   0   0   0   0   0   0   0   0 100   0   0   0   0   0   0   0     0    0    0   0.000      0  0.00
   55   55     0   0   0   0   0   0   0   0   0 100   0   0   0   0   0   0   0   0   0   0     0    0    0   0.000      0  0.00
   56   56   100   0   0   0   0   0   0   0   0   0   0   0   0   0   0   0   0   0   0   0     0    0    0   0.000      0  0.00
   57   57     0   0   0   0   0   0   0   0   0   0   0   0   0   0   0   0  33  33   0  33     0    0    0   1.099     36  0.00
   58   58     0   0   0   0   0   0   0   0   0   0  17   0  83   0   0   0   0   0   0   0     0    0    0   0.451     15  0.00
   59   59     0   0 100   0   0   0   0   0   0   0   0   0   0   0   0   0   0   0   0   0     0    0    0   0.000      0  0.00
   60   60     0   0   0   0   0   0   0   0   0   0   0   0   0  67   0   0   0  33   0   0     0    0    0   0.637     21  0.00
   61   61     0   0   0   0   0 100   0   0   0   0   0   0   0   0   0   0   0   0   0   0     0    0    0   0.000      0  0.00
   62   62     0  20   0   0   0   0   0   0   0   0   0   0   0   0  40   0   0  40   0   0     0    0    0   1.055     35  0.00
   63   63     0   0   0   0   0   0   0   0   0   0   0   0   0   0   0   0   0  40   0  60     0    0    0   0.673     22  0.00
   64   64     0   0   0   0   0   0   0   0   0   0   0   0   0   0   0   0   0 100   0   0     0    0    0   0.000      0  0.00
//
