ID Pseudo hssp file.
SEQ 
SEQ gi|11761629|ref|NP_068657.1| fibrinogen, alpha chain, isoform al...   141  1e-33
SEQ gi|4503689|ref|NP_000499.1| fibrinogen, alpha chain, isoform alp...   141  1e-33
SEQ gi|13591823|gb|AAK31372.1|AF361104_1 (AF361104) fibrinogen alpha...   141  1e-33
SEQ gi|182424|gb|AAA52426.1| (J00127) alpha-fibrinogen precursor [Ho...   136  3e-32
SEQ gi|223068|prf||0501249A fibrin alpha N term fragment [Homo sapiens]   123  3e-28
SEQ gi|790486|emb|CAA60263.1| (X86561) fibrinogen alpha subunit [Rat...   120  3e-27
SEQ gi|1706800|sp|P06399|FIBA_RAT FIBRINOGEN ALPHA/ALPHA-E CHAIN PRE...   120  3e-27
SEQ gi|6980814|pdb|1DEQ|A Chain A, The Crystal Structure Of Modified...   115  7e-26
SEQ gi|71824|pir||FGRTA fibrinogen alpha chain precursor - rat            112  6e-25
SEQ gi|13529485|gb|AAH05467.1|AAH05467 (BC005467) fibrinogen A alpha...   109  7e-24
SEQ gi|2781207|pdb|1FZA|A Chain A, Crystal Structure Of Fibrinogen F...    94  2e-19
SEQ gi|223918|prf||1004351A fibrinogen alphaA [Homo sapiens]               93  6e-19
SEQ gi|7513478|pir||S69114 fibrinogen alpha chain - bovine (fragment)      81  2e-15
SEQ gi|3789960|gb|AAC67561.1| (AF095462) fibrinogen A-alpha chain [E...    78  1e-14
SEQ gi|732995|gb|AAA99307.1| (M34096) pre-fibrinogen alpha subunit [...    73  5e-13
SEQ gi|1706798|sp|P14448|FIBA_CHICK FIBRINOGEN ALPHA/ALPHA-E CHAIN P...    73  5e-13
SEQ gi|8569621|pdb|1EI3|A Chain A, Crystal Structure Of Native Chick...    73  5e-13
SEQ gi|3789966|gb|AAC67564.1| (AF095465) fibrinogen A-alpha chain [O...    73  6e-13
SEQ gi|3789968|gb|AAC67565.1| (AF095466) fibrinogen A-alpha chain [C...    72  9e-13
SEQ gi|3789958|gb|AAC67560.1| (AF095461) fibrinogen A-alpha chain [F...    72  1e-12
SEQ gi|3789964|gb|AAC67563.1| (AF095464) fibrinogen A-alpha chain [L...    68  1e-11
SEQ gi|1304141|dbj|BAA07815.1| (D43758) fibrinogen A-alpha-chain [Ma...    68  2e-11
SEQ gi|3789962|gb|AAC67562.1| (AF095463) fibrinogen A-alpha chain [B...    65  1e-10
SEQ gi|12644096|sp||FIBA_BOVIN_2 [Segment 2 of 2] FIBRINOGEN ALPHA C...    65  1e-10
SEQ gi|1304089|dbj|BAA07814.1| (D43757) fibrinogen A-alpha-chain [Me...    62  1e-09
SEQ gi|3789970|gb|AAC67566.1| (AF095467) fibrinogen A-alpha chain [M...    60  4e-09
SEQ gi|1304047|dbj|BAA07813.1| (D43756) fibrinogen A-alpha-chain [Ca...    58  2e-08
SEQ gi|1304179|dbj|BAA07817.1| (D43760) fibrinogen A-alpha-chain [Su...    54  3e-07
SEQ gi|1304148|dbj|BAA07816.1| (D43759) fibrinogen A-alpha-chain [Mu...    52  8e-07
SEQ gi|120093|sp|P02674|FIB1_PETMA FIBRINOGEN ALPHA-1 CHAIN PRECURSO...    42  0.001
SEQ 
## SEQUENCE PROFILE AND ENTROPY
 SeqNo PDBNo   V   L   I   M   F   W   Y   G   A   P   S   T   C   H   R   K   Q   E   N   D  NOCC NDEL NINS ENTROPY RELENT WEIGHT
    1    1     0   0 100   0   0   0   0   0   0   0   0   0   0   0   0   0   0   0   0   0     0    0    0   0.000      0  0.00
    2    2    18   0   0   0   0   0   0   0   0   0   0   0   0   0   0   0  12  71   0   0     0    0    0   0.804     26  0.00
    3    3    47   0  35   0   0   0   0   0   0   0   0  18   0   0   0   0   0   0   0   0     0    0    0   1.028     34  0.00
    4    4     0 100   0   0   0   0   0   0   0   0   0   0   0   0   0   0   0   0   0   0     0    0    0   0.000      0  0.00
    5    5     0   0   0   0   0   0   0   0   0   0   0   0   0   0  17  78   6   0   0   0     0    0    0   0.655     21  0.00
    6    6     0   0   0   0   0   0   0   0   0   0   0   0   0   0  83   0  17   0   0   0     0    0    0   0.451     15  0.00
    7    7     0   0   0   0   0   0   0   0   0   0   0   0   0   0  22  78   0   0   0   0     0    0    0   0.530     17  0.00
    8    8    94   0   6   0   0   0   0   0   0   0   0   0   0   0   0   0   0   0   0   0     0    0    0   0.215      7  0.00
    9    9     0   0  78   0   0   0   0   0  17   0   0   0   0   0   0   0   0   0   6   0     0    0    0   0.655     21  0.00
   10   10     0   0   0   6   0   0   0   0   0   0   0  17   0   0   0   0   0  78   0   0     0    0    0   0.655     21  0.00
   11   11     0   0   0   0   0   0   0   0   0   0   0   0   0   0   0  67  33   0   0   0     0    0    0   0.637     21  0.00
   12   12    72   6   0   0   0   0   0   0  22   0   0   0   0   0   0   0   0   0   0   0     0    0    0   0.730     24  0.00
   13   13     0   0   0   0   0   0   0   0   0   0   0   0   0   0   0   0  83   0  17   0     0    0    0   0.451     15  0.00
   14   14     0   0   0   0   0   0   0   0   0   0   0   0   0  41  29   0  29   0   0   0     0    0    0   1.085     36  0.00
   15   15     0   6  94   0   0   0   0   0   0   0   0   0   0   0   0   0   0   0   0   0     0    0    0   0.224      7  0.00
   16   16     0   0   0   0   0   0   0   0   0   0   0   6   0   0   0  18  65   0  12   0     0    0    0   1.006     33  0.00
   17   17    24  53   0   0   0   0   0   0  24   0   0   0   0   0   0   0   0   0   0   0     0    0    0   1.018     33  0.00
   18   18     0 100   0   0   0   0   0   0   0   0   0   0   0   0   0   0   0   0   0   0     0    0    0   0.000      0  0.00
   19   19     0   0   0   0   0   0   0   0   0   0   0   0   0   0   0   0 100   0   0   0     0    0    0   0.000      0  0.00
   20   20     0   0   0   0   0   0   0   0   0   0   6   0   0   6   0  69   0   0  19   0     0    0    0   0.918     30  0.00
   21   21     0   0   0   0   0   0   0   0   0   0  19   0   0   0   0   0   0   0  69  13     0    0    0   0.831     27  0.00
   22   22    75   0  25   0   0   0   0   0   0   0   0   0   0   0   0   0   0   0   0   0     0    0    0   0.562     18  0.00
   23   23     0   0   0   0   0   0   0   0   0   0   0   0   0   0  75   6  19   0   0   0     0    0    0   0.703     23  0.00
   24   24     0   0   0   0   0   0   0   0  47   0   0   6   0   0   0   0   0  18   0  29     0    0    0   1.187     39  0.00
   25   25     0   0   0   0   0   0   0   0   0   0   0   0   0   0   0   0 100   0   0   0     0    0    0   0.000      0  0.00
   26   26    24  76   0   0   0   0   0   0   0   0   0   0   0   0   0   0   0   0   0   0     0    0    0   0.546     18  0.00
   27   27    71   0  24   0   0   0   0   0   0   0   6   0   0   0   0   0   0   0   0   0     0    0    0   0.753     25  0.00
   28   28     0   0   0   0   0   0   0   0   0   0   0   0   0   0   0   0   6  18   0  76     0    0    0   0.678     22  0.00
   29   29     0   0   6  94   0   0   0   0   0   0   0   0   0   0   0   0   0   0   0   0     0    0    0   0.224      7  0.00
   30   30     0   6   0   0   0   0   0   0   0   0   0   0   0   0   0  94   0   0   0   0     0    0    0   0.215      7  0.00
   31   31     0   0   0   0   0   0   0   0   0   0   0   0   0   0 100   0   0   0   0   0     0    0    0   0.000      0  0.00
   32   32     6  94   0   0   0   0   0   0   0   0   0   0   0   0   0   0   0   0   0   0     0    0    0   0.215      7  0.00
   33   33     0   0   0   0   0   0   0   0   0   0   0   0   0   0   0   0   0 100   0   0     0    0    0   0.000      0  0.00
   34   34   100   0   0   0   0   0   0   0   0   0   0   0   0   0   0   0   0   0   0   0     0    0    0   0.000      0  0.00
   35   35     0   0   0   0   0   0   0   0   0   0   0   0   0   0   0   0   0   0   0 100     0    0    0   0.000      0  0.00
   36   36     0   0 100   0   0   0   0   0   0   0   0   0   0   0   0   0   0   0   0   0     0    0    0   0.000      0  0.00
   37   37     0   0   0   0   0   0   0   0   0   0   0   0   0   0   0   0   0   0   0 100     0    0    0   0.000      0  0.00
   38   38     4   0  96   0   0   0   0   0   0   0   0   0   0   0   0   0   0   0   0   0     0    0    0   0.163      5  0.00
   39   39     0   0   0   0   0   0   0   0   4   0   0   0   0   0   0  96   0   0   0   0     0    0    0   0.163      5  0.00
   40   40     0   4  96   0   0   0   0   0   0   0   0   0   0   0   0   0   0   0   0   0     0    0    0   0.163      5  0.00
   41   41     0   0   0   0   0   0   0   0   0   0   0   0   0   0 100   0   0   0   0   0     0    0    0   0.000      0  0.00
   42   42     0   0   0   0   0   0   0   0  10   0  87   3   0   0   0   0   0   0   0   0     0    0    0   0.457     15  0.00
   43   43     0   0   0   0   0   0   0   0   0   0   0   0 100   0   0   0   0   0   0   0     0    0    0   0.000      0  0.00
   44   44     0   0   0   0   0   0   0   0   0   0   0   0   0   0  32  58  10   0   0   0     0    0    0   0.907     30  0.00
   45   45     0   0   0   0   0   0   0 100   0   0   0   0   0   0   0   0   0   0   0   0     0    0    0   0.000      0  0.00
   46   46     0   0   0   0   0   0   0   0   0   0 100   0   0   0   0   0   0   0   0   0     0    0    0   0.000      0  0.00
   47   47     0   0   0   0   0   3   0   0   0   0   0   0  97   0   0   0   0   0   0   0     0    0    0   0.143      4  0.00
   48   48     0   0   0   0   0   0   0   0  13   0  84   0   0   0   0   0   0   0   3   0     0    0    0   0.523     17  0.00
   49   49     0   0   0   0   0   0   0   3   0   0   0   0   0   0  90   6   0   0   0   0     0    0    0   0.380     12  0.00
   50   50     6   0   0   0   0   0   3   0  68   0  23   0   0   0   0   0   0   0   0   0     0    0    0   0.887     29  0.00
   51   51    19  71   0   0  10   0   0   0   0   0   0   0   0   0   0   0   0   0   0   0     0    0    0   0.787     26  0.00
   52   52     0   0   0   0   0   0   0   0  35   0  16   3   0   0   0   0   0  29   6  10     0    0    0   1.535     51  0.00
   53   53     0   0   0   0   0   0  13   0   0   0   0   0   0  23  65   0   0   0   0   0     0    0    0   0.883     29  0.00
   54   54     0   0   0   0   0   0   0   0   0   0   0   0   0   0  10  19  13  58   0   0     0    0    0   1.124     37  0.00
   55   55    65   6  23   0   0   0   0   0   0   0   0   6   0   0   0   0   0   0   0   0     0    0    0   0.972     32  0.00
   56   56     0   0   0   0   0   0   0   0   0   0   0   0   0   0   0   0   0   0  26  74     0    0    0   0.571     19  0.00
   57   57     0  87   3   0   0   0   0   0   0   0   0   0   0   0   0  10   0   0   0   0     0    0    0   0.468     15  0.00
   58   58     0   0   0   0   0   0   0   0   0   0   0   0   0   0   7  63   7  23   0   0     0    0    0   0.990     33  0.00
   59   59     0   0   0   0   0   0   7  10   0   0   0   3   0   0   0   0   0   0   0  80     0    0    0   0.703     23  0.00
   60   60     0   0   0   0   0   0 100   0   0   0   0   0   0   0   0   0   0   0   0   0     0    0    0   0.000      0  0.00
   61   61     0   0   0   0   0   0   0   0   0   0   0   0   0   0   0  16   0  74   0  10     0    0    0   0.742     24  0.00
   62   62     0   0   0   0   0   0   0  16   0   0   3   0   0   0   0   0   0  10  26  45     0    0    0   1.340     44  0.00
   63   63     0   0  10   0   0   0   0   0   0   0   0   0   0   6   0   3  77   3   0   0     0    0    0   0.823     27  0.00
   64   64     0   0   0   0   0   0   0   0   0   0   0   0   0   0   0   0  97   0   3   0     0    0    0   0.143      4  0.00
   65   65     0   3   0   0   0   0   0   0   0   0   0   0   0   0   0  97   0   0   0   0     0    0    0   0.143      4  0.00
   66   66     0   0   0   0   0   0   0   0   0   0   0   0   0  10   0   0  90   0   0   0     0    0    0   0.318     10  0.00
   67   67     0 100   0   0   0   0   0   0   0   0   0   0   0   0   0   0   0   0   0   0     0    0    0   0.000      0  0.00
   68   68     0   0   0   0   0   0   0   0   0   0   0  10   0   0   0   0   6  81   0   3     0    0    0   0.687     22  0.00
   69   69     0   0   0   0   0   0   0   0   0   0   0   0   0   0   0   6  94   0   0   0     0    0    0   0.239      7  0.00
   70   70    90   0   0   0   0   0   0   0  10   0   0   0   0   0   0   0   0   0   0   0     0    0    0   0.333     11  0.00
   71   71     0   0  83   0   0   0   0   0   3   0  10   3   0   0   0   0   0   0   0   0     0    0    0   0.624     20  0.00
   72   72     0   0   0   0   0   0   0   0  89   0  11   0   0   0   0   0   0   0   0   0     0    0    0   0.340     11  0.00
   73   73     0   0  14   0   0   0   0   0   0   0   0   0   0   0   5  82   0   0   0   0     0    0    0   0.576     19  0.00
   74   74     0   0   0   0   0   0   0   0   0   0   0   0   0   0   0   0   0  18   0  82     0    0    0   0.474     15  0.00
//
