ID Pseudo hssp file.
SEQ 
SEQ gi|4507091|ref|NP_000335.1| survival of motor neuron 1, telomeri...   117  1e-26
SEQ gi|736411|gb|AAA64505.1| (U21914) putative open reading frame; d...   117  1e-26
SEQ gi|13259527|ref|NP_075013.1| survival of motor neuron 2, centrom...   117  1e-26
SEQ gi|13259512|ref|NP_075012.1| survival of motor neuron 1, telomer...   117  1e-26
SEQ gi|13259531|ref|NP_075015.1| survival of motor neuron 2, centrom...   117  1e-26
SEQ gi|14278178|pdb|1G5V|A Chain A, Solution Structure Of The Tudor ...   113  3e-25
SEQ gi|3024614|sp|O02771|SMN_CANFA SURVIVAL MOTOR NEURON PROTEIN >gi...   113  4e-25
SEQ gi|6755580|ref|NP_035550.1| survival motor neuron [Mus musculus]...   112  5e-25
SEQ gi|1588319|prf||2208336A SMN gene [Homo sapiens]                      112  9e-25
SEQ gi|7676161|sp|O18870|SMN_BOVIN SURVIVAL MOTOR NEURON PROTEIN >gi...   111  1e-24
SEQ gi|11968084|ref|NP_071954.1| survival motor neuron [Rattus norve...   106  3e-23
SEQ gi|2832313|gb|AAC01747.1| (AF044910) survival motor neuron [Ratt...   106  3e-23
SEQ gi|2921086|gb|AAC04667.1| (AF016590) survival motor neuron [Bos ...    98  2e-20
SEQ gi|13183642|gb|AAK15281.1| (AF322650) survival motor neuron prot...    94  2e-19
SEQ gi|4104234|gb|AAD01979.1| (AF034259) survival motor neuron [Bos ...    86  7e-17
SEQ gi|2511786|gb|AAB80943.1| (AF026810) survival motor neuron prote...    79  9e-15
SEQ gi|7674338|sp|Q9W6S8|SMN_BRARE SURVIVAL MOTOR NEURON PROTEIN >gi...    77  3e-14
SEQ gi|3450887|gb|AAC32608.1| (AF083557) survival motor neuron prote...    76  7e-14
SEQ gi|12584630|emb|CAC27400.1| (AJ305221) survival motor neuron pro...    48  1e-05
SEQ gi|5032113|ref|NP_005862.1| splicing factor 30, survival of moto...    46  7e-05
SEQ gi|6942162|gb|AAF32332.1| (AF219115) survival motor neuron prote...    45  1e-04
SEQ 
## SEQUENCE PROFILE AND ENTROPY
 SeqNo PDBNo   V   L   I   M   F   W   Y   G   A   P   S   T   C   H   R   K   Q   E   N   D  NOCC NDEL NINS ENTROPY RELENT WEIGHT
    1    1     0   0   0   0   0   0   0   0   0   0   0   0   0   0   0  56  44   0   0   0     0    0    0   0.687     22  0.00
    2    2     0   0   0   0   0   0   0   0   0   0   0   0   0   0   0   0  83  17   0   0     0    0    0   0.451     15  0.00
    3    3     0   0   0   0   0 100   0   0   0   0   0   0   0   0   0   0   0   0   0   0     0    0    0   0.000      0  0.00
    4    4     0   0   0   0   0   0   0   0   0   0   0   0   0   0   0  85  15   0   0   0     0    0    0   0.423     14  0.00
    5    5    90   0   0   0   0   0   0   0  10   0   0   0   0   0   0   0   0   0   0   0     0    0    0   0.325     10  0.00
    6    6     0   0   0   0   0   0   0 100   0   0   0   0   0   0   0   0   0   0   0   0     0    0    0   0.000      0  0.00
    7    7     0   0   0   0   0   0   0   0   0   0   0   0   0   0   0   0   0   0   5  95     0    0    0   0.191      6  0.00
    8    8     0   0   0   0   0   0   0   0   0   0  19   0   0   0   5  62   0   0  14   0     0    0    0   1.036     34  0.00
    9    9     0   0   0   0   0   0   0   0   0   0   0   0 100   0   0   0   0   0   0   0     0    0    0   0.000      0  0.00
   10   10     0   0   0  10   0   0  10   0   0   0  62   0  14   0   0   0   0   0   5   0     0    0    0   1.168     38  0.00
   11   11     0   0   0   0   0   0   0   0 100   0   0   0   0   0   0   0   0   0   0   0     0    0    0   0.000      0  0.00
   12   12    29   0  52   0  10   0   5   0   0   0   0   0   0   0   0   0   5   0   0   0     0    0    0   1.211     40  0.00
   13   13     0   0   0   0   0 100   0   0   0   0   0   0   0   0   0   0   0   0   0   0     0    0    0   0.000      0  0.00
   14   14     0   0   0   0   0   0   0   0   0   0 100   0   0   0   0   0   0   0   0   0     0    0    0   0.000      0  0.00
   15   15     0   0   0   0   0   0   0   0   0   0   0   0   0   0   0   0   5  95   0   0     0    0    0   0.185      6  0.00
   16   16     0   0   0   0   0   0   0   0   0   0   0   0   0   0   0   0   0   0   0 100     0    0    0   0.000      0  0.00
   17   17     0   0   0   0   0   0   0 100   0   0   0   0   0   0   0   0   0   0   0   0     0    0    0   0.000      0  0.00
   18   18     0   0   0   0   0   0   0   0   0   0   0   0  73   0   0   0  14   0  14   0     0    0    0   0.775     25  0.00
   19   19    18  14  64   0   0   0   0   0   0   0   0   0   5   0   0   0   0   0   0   0     0    0    0   1.010     33  0.00
   20   20     0   0   0   0   0   0 100   0   0   0   0   0   0   0   0   0   0   0   0   0     0    0    0   0.000      0  0.00
   21   21     0   0   0   0   0   0   0   0   5  77   0   9   0   0   0   0   0   9   0   0     0    0    0   0.776     25  0.00
   22   22     0   0   0   0   0   0   0   0 100   0   0   0   0   0   0   0   0   0   0   0     0    0    0   0.000      0  0.00
   23   23     0   0   0   0   0   0   0   0   0   0   0  91   0   0   0   0   0   9   0   0     0    0    0   0.305     10  0.00
   24   24     0   0 100   0   0   0   0   0   0   0   0   0   0   0   0   0   0   0   0   0     0    0    0   0.000      0  0.00
   25   25     0   0   0   0   0   0   0   0  64   0   5  23   0   0   0   0   0   9   0   0     0    0    0   0.983     32  0.00
   26   26     0   0   0   0   0   0   0   0   0   0  91   0   0   0   0   0   0   9   0   0     0    0    0   0.305     10  0.00
   27   27    14   0  82   0   5   0   0   0   0   0   0   0   0   0   0   0   0   0   0   0     0    0    0   0.576     19  0.00
   28   28     0   0   0   0   0   0   0   0   0   0   0   0   0   0   0   0   0   0   5  95     0    0    0   0.185      6  0.00
   29   29     0  14   0   0  64   5   0   0   0   0   0   0   0   0   5   0   9   5   0   0     0    0    0   1.199     40  0.00
   30   30     0   0   5   0   0   0   0   0   0   0   0   0   0   0   0  77   0  18   0   0     0    0    0   0.650     21  0.00
   31   31     0   0   0   0   0   0   0   0   0   0   0   0   0   0  77  14   0   0   9   0     0    0    0   0.689     22  0.00
   32   32     0   0   0   0   0   0   0  27   0   0   0   0   0   0   0   0   0  73   0   0     0    0    0   0.586     19  0.00
   33   33     0   0   0   0   0   0   0   0   0   0   0 100   0   0   0   0   0   0   0   0     0    0    0   0.000      0  0.00
   34   34     0   0   0   0   0   0   0   0  10   0   0   0  90   0   0   0   0   0   0   0     0    0    0   0.314     10  0.00
   35   35    90   0   0   0   0   0   0   0  10   0   0   0   0   0   0   0   0   0   0   0     0    0    0   0.325     10  0.00
   36   36    95   0   5   0   0   0   0   0   0   0   0   0   0   0   0   0   0   0   0   0     0    0    0   0.191      6  0.00
   37   37    76   0   0   0  10   0   0   0   0   0   0  14   0   0   0   0   0   0   0   0     0    0    0   0.709     23  0.00
   38   38     0   0   0   0   5   0  90   0   0   0   5   0   0   0   0   0   0   0   0   0     0    0    0   0.381     12  0.00
   39   39     0   0   0   0   0   0   0   0   5   0   5  90   0   0   0   0   0   0   0   0     0    0    0   0.381     12  0.00
   40   40     0   0   0   0   0   0   0  90   0   0   0   0   0   0   0   0   0   0   0  10     0    0    0   0.325     10  0.00
   41   41     0   0   0   0   0   0 100   0   0   0   0   0   0   0   0   0   0   0   0   0     0    0    0   0.000      0  0.00
   42   42     0   0   0   0   0   0   0 100   0   0   0   0   0   0   0   0   0   0   0   0     0    0    0   0.000      0  0.00
   43   43     0   0   0   0   0   0   0   0   0   0   0   0   0   0   0   0   0   0 100   0     0    0    0   0.000      0  0.00
   44   44     0   0   0   0   0   0   0   0  10   0   0   0   0   0  65  15   0  10   0   0     0    0    0   1.025     34  0.00
   45   45     0   0   0   0   0   0   0   0   0   0   0   0   0   0   0   0   0 100   0   0     0    0    0   0.000      0  0.00
   46   46     5   0   0   0   0   0   0   0   0   0   0   0   0   0   0   0   0  95   0   0     0    0    0   0.206      6  0.00
   47   47     0   0   0   0   0   0   0   0   0   0   0   5   0   0   0   0  95   0   0   0     0    0    0   0.206      6  0.00
   48   48     0   0   0   0   0   0   0   0   0   5   0   0   0   0   0   0   0   0  95   0     0    0    0   0.206      6  0.00
   49   49     5  95   0   0   0   0   0   0   0   0   0   0   0   0   0   0   0   0   0   0     0    0    0   0.206      6  0.00
   50   50     0   5   0   0   0   0   0   0   5   0  89   0   0   0   0   0   0   0   0   0     0    0    0   0.409     13  0.00
   51   51     0   0   0   0   0   0   0   0   0   0   0   0   0   0   0   0   0   0   5  95     0    0    0   0.206      6  0.00
   52   52     0 100   0   0   0   0   0   0   0   0   0   0   0   0   0   0   0   0   0   0     0    0    0   0.000      0  0.00
   53   53     0 100   0   0   0   0   0   0   0   0   0   0   0   0   0   0   0   0   0   0     0    0    0   0.000      0  0.00
   54   54     0   0   0   0   0   0   0   0   0   6  83  11   0   0   0   0   0   0   0   0     0    0    0   0.557     18  0.00
   55   55     0   0   0   0   0   0   0   0   0 100   0   0   0   0   0   0   0   0   0   0     0    0    0   0.000      0  0.00
   56   56     0   0 100   0   0   0   0   0   0   0   0   0   0   0   0   0   0   0   0   0     0    0    0   0.000      0  0.00
//
