ID Pseudo hssp file.
SEQ 
SEQ gi|7462992|pir||T10062 alcohol dehydrogenase (acceptor) (EC 1.1....   113  3e-25
SEQ gi|13096268|pdb|1G72|B Chain B, Catalytic Mechanism Of Quinoprot...    99  5e-21
SEQ gi|7258337|gb|AAF43728.1| (AF184915) methanol dehydrogenase smal...    94  2e-19
SEQ gi|585049|sp|P38540|DHM2_METME METHANOL DEHYDROGENASE SUBUNIT 2 ...    88  2e-17
SEQ gi|118579|sp|P14775|DHM2_METEX METHANOL DEHYDROGENASE SUBUNIT 2 ...    84  2e-16
SEQ gi|2589000|dbj|BAA23275.1| (AB004097) methanol dehydrogenase bet...    83  6e-16
SEQ gi|231990|sp|P29898|DHM2_PARDE METHANOL DEHYDROGENASE SUBUNIT 2 ...    81  1e-15
SEQ gi|95293|pir||S18430 alcohol dehydrogenase (acceptor) (EC 1.1.99...    65  1e-10
SEQ gi|94514|pir||S20310 alcohol dehydrogenase (acceptor) (EC 1.1.99...    45  1e-04
SEQ 
## SEQUENCE PROFILE AND ENTROPY
 SeqNo PDBNo   V   L   I   M   F   W   Y   G   A   P   S   T   C   H   R   K   Q   E   N   D  NOCC NDEL NINS ENTROPY RELENT WEIGHT
    1    1     0   0   0   0   0   0 100   0   0   0   0   0   0   0   0   0   0   0   0   0     0    0    0   0.000      0  0.00
    2    2     0   0   0   0   0   0   0   0   0   0   0   0   0   0   0   0   0   0   0 100     0    0    0   0.000      0  0.00
    3    3     0   0   0   0   0   0   0 100   0   0   0   0   0   0   0   0   0   0   0   0     0    0    0   0.000      0  0.00
    4    4     0   0   0   0   0   0   0   0   0   0   0  50   0   0   0   0  50   0   0   0     0    0    0   0.693     23  0.00
    5    5     0   0   0   0   0   0   0   0   0   0   0  20   0  10   0  20   0   0  50   0     0    0    0   1.221     40  0.00
    6    6     0   0   0   0   0   0   0   0   0   0   0   0 100   0   0   0   0   0   0   0     0    0    0   0.000      0  0.00
    7    7     0   0   0   0   0   0   0   0   0   0   0   0   0   0   0 100   0   0   0   0     0    0    0   0.000      0  0.00
    8    8     0   0   0   0   0   0   0   0  30   0   0   0   0   0   0  10   0  60   0   0     0    0    0   0.898     29  0.00
    9    9     0   0   0   0   0   0   0   0  30  70   0   0   0   0   0   0   0   0   0   0     0    0    0   0.611     20  0.00
   10   10     0   0   0   0   0   0   0 100   0   0   0   0   0   0   0   0   0   0   0   0     0    0    0   0.000      0  0.00
   11   11    10   0   0   0   0   0   0   0   0   0   0   0   0   0   0   0   0   0  90   0     0    0    0   0.325     10  0.00
   12   12     0   0   0   0   0   0   0   0   0   0   0   0 100   0   0   0   0   0   0   0     0    0    0   0.000      0  0.00
   13   13     0   0   0   0   0 100   0   0   0   0   0   0   0   0   0   0   0   0   0   0     0    0    0   0.000      0  0.00
   14   14     0   0   0   0   0   0   0   0   0   0   0   0   0   0   0   0   0 100   0   0     0    0    0   0.000      0  0.00
   15   15     0   0   0   0   0   0   0   0  20  50   0   0   0   0   0   0   0   0  30   0     0    0    0   1.030     34  0.00
   16   16     0   0   0   0   0   0   0   0   0   0   0   0   0   0   0  90  10   0   0   0     0    0    0   0.325     10  0.00
   17   17     0   0   0   0   0   0   0   0   0 100   0   0   0   0   0   0   0   0   0   0     0    0    0   0.000      0  0.00
   18   18     0   0   0   0   0   0   0  90   0   0   0   0   0   0   0   0   0   0   0  10     0    0    0   0.325     10  0.00
   19   19     0   0   0   0  30   0  70   0   0   0   0   0   0   0   0   0   0   0   0   0     0    0    0   0.611     20  0.00
   20   20     0   0   0   0   0   0   0   0   0 100   0   0   0   0   0   0   0   0   0   0     0    0    0   0.000      0  0.00
   21   21     0   0   0   0   0   0   0   0  10   0   0   0   0   0   0   0   0  90   0   0     0    0    0   0.325     10  0.00
   22   22     0   0   0   0   0   0   0   0   0   0   0   0   0   0   0  90  10   0   0   0     0    0    0   0.325     10  0.00
   23   23    10  10  80   0   0   0   0   0   0   0   0   0   0   0   0   0   0   0   0   0     0    0    0   0.639     21  0.00
   24   24    10   0   0   0   0   0   0   0  80   0   0   0   0   0   0   0   0  10   0   0     0    0    0   0.639     21  0.00
   25   25     0   0   0   0   0   0   0 100   0   0   0   0   0   0   0   0   0   0   0   0     0    0    0   0.000      0  0.00
   26   26    10   0   0   0   0   0   0   0   0   0  90   0   0   0   0   0   0   0   0   0     0    0    0   0.325     10  0.00
   27   27     0   0   0   0   0   0   0   0   0   0   0   0   0   0   0 100   0   0   0   0     0    0    0   0.000      0  0.00
   28   28     0   0   0   0   0   0 100   0   0   0   0   0   0   0   0   0   0   0   0   0     0    0    0   0.000      0  0.00
   29   29     0   0   0   0   0   0   0   0   0   0   0   0   0   0   0   0   0   0   0 100     0    0    0   0.000      0  0.00
   30   30     0   0   0   0   0   0   0   0   0 100   0   0   0   0   0   0   0   0   0   0     0    0    0   0.000      0  0.00
   31   31     0   0   0   0   0   0   0   0   0   0   0   0   0  10   0  80  10   0   0   0     0    0    0   0.639     21  0.00
   32   32     0   0   0   0  11   0   0   0   0   0   0   0   0  89   0   0   0   0   0   0     0    0    0   0.349     11  0.00
   33   33     0   0   0   0   0   0   0   0   0   0   0   0   0   0   0   0   0   0  11  89     0    0    0   0.349     11  0.00
   34   34     0   0   0   0   0   0   0   0   0 100   0   0   0   0   0   0   0   0   0   0     0    0    0   0.000      0  0.00
   35   35    56   0   0   0   0   0   0   0  22   0   0   0   0   0   0  22   0   0   0   0     0    0    0   0.995     33  0.00
   36   36     0   0   0   0   0   0   0   0   0   0   0   0   0   0   0   0   0 100   0   0     0    0    0   0.000      0  0.00
   37   37     0 100   0   0   0   0   0   0   0   0   0   0   0   0   0   0   0   0   0   0     0    0    0   0.000      0  0.00
   38   38     0   0   0   0   0   0   0  11  11   0  22   0   0   0   0   0   0   0  56   0     0    0    0   1.149     38  0.00
   39   39    11   0   0   0   0   0   0   0   0   0   0   0   0   0   0  89   0   0   0   0     0    0    0   0.349     11  0.00
   40   40     0   0   0   0   0   0   0   0   0   0   0   0   0   0   0   0 100   0   0   0     0    0    0   0.000      0  0.00
   41   41    11   0   0   0   0   0   0  11  11   0   0   0   0   0  11   0   0  56   0   0     0    0    0   1.303     43  0.00
   42   42     0   0   0   0   0   0   0   0   0   0   0   0   0   0   0  13  13  63   0  13     0    0    0   1.074     35  0.00
   43   43     0   0   0   0   0   0   0   0  25   0  75   0   0   0   0   0   0   0   0   0     0    0    0   0.562     18  0.00
   44   44     0  13  75   0   0   0   0   0   0   0   0   0   0   0  13   0   0   0   0   0     0    0    0   0.736     24  0.00
   45   45     0   0   0   0   0   0   0   0  13   0   0   0   0   0   0  88   0   0   0   0     0    0    0   0.377     12  0.00
   46   46    11   0   0   0   0   0   0  11  56   0  11   0   0   0   0   0  11   0   0   0     0    0    0   1.303     43  0.00
   47   47     0   0   0  89   0   0   0   0   0   0   0   0   0   0   0   0   0  11   0   0     0    0    0   0.349     11  0.00
   48   48     0   0   0   0   0   0   0   0   0   0   0   0   0   0   0   0   0  22  22  56     0    0    0   0.995     33  0.00
   49   49     0   0   0   0   0   0   0   0  67   0   0   0   0   0   0   0   0  33   0   0     0    0    0   0.637     21  0.00
   50   50     0   0   0   0   0   0   0   0   0   0   0   0   0   0 100   0   0   0   0   0     0    0    0   0.000      0  0.00
   51   51     0   0   0   0   0   0   0   0   0   0   0   0   0   0   0   0   0   0 100   0     0    0    0   0.000      0  0.00
   52   52     0   0   0   0   0   0   0   0  67   0   0   0   0   0   0  11   0  22   0   0     0    0    0   0.849     28  0.00
   53   53     0   0   0   0   0  11   0   0  22   0   0   0   0   0   0  56  11   0   0   0     0    0    0   1.149     38  0.00
   54   54     0   0   0   0   0   0   0   0   0   0   0   0   0   0 100   0   0   0   0   0     0    0    0   0.000      0  0.00
   55   55    33   0  44   0   0   0   0   0  11   0   0  11   0   0   0   0   0   0   0   0     0    0    0   1.215     40  0.00
   56   56     0   0   0   0   0  11   0   0  78   0   0   0   0   0   0   0   0  11   0   0     0    0    0   0.684     22  0.00
   57   57     0   0   0   0   0   0   0   0   0   0   0   0   0  13   0   0   0   0  88   0     0    0    0   0.377     12  0.00
//
