ID Pseudo hssp file.
SEQ 
SEQ gi|120308|sp|P11164|FLHD_ECOLI FLAGELLAR TRANSCRIPTIONAL ACTIVAT...   160  3e-39
SEQ gi|13399482|pdb|1G8E|A Chain A, Crystal Structure Of Flhd From E...   159  7e-39
SEQ gi|12515956|gb|AAG56882.1|AE005411_6 (AE005411) regulator of fla...   158  2e-38
SEQ gi|7387657|sp|O52221|FLHD_SALTY FLAGELLAR TRANSCRIPTIONAL ACTIVA...   157  3e-38
SEQ gi|7387659|sp|O85806|FLHD_SERMA FLAGELLAR TRANSCRIPTIONAL ACTIVA...   134  2e-31
SEQ gi|2126176|pir||S61276 gene flhD protein - Serratia liquefaciens...   133  6e-31
SEQ gi|7387668|sp|Q9X9F2|FLHD_XENNE FLAGELLAR TRANSCRIPTIONAL ACTIVA...   131  3e-30
SEQ gi|7387661|sp|O86046|FLHD_YEREN FLAGELLAR BIOSYNTHESIS REGULATOR...   129  1e-29
SEQ gi|7387654|sp|O34201|FLHD_PROMI FLAGELLAR TRANSCRIPTIONAL ACTIVA...   127  3e-29
SEQ gi|7387666|sp|Q9X600|FLHD_ERWCA FLAGELLAR TRANSCRIPTIONAL ACTIVA...    88  2e-17
SEQ gi|603193|gb|AAA69519.1| (U17998) FrlA [Bordetella bronchiseptica]     79  2e-14
SEQ 
## SEQUENCE PROFILE AND ENTROPY
 SeqNo PDBNo   V   L   I   M   F   W   Y   G   A   P   S   T   C   H   R   K   Q   E   N   D  NOCC NDEL NINS ENTROPY RELENT WEIGHT
    1    1     0   0   0 100   0   0   0   0   0   0   0   0   0   0   0   0   0   0   0   0     0    0    0   0.000      0  0.00
    2    2     0   0   0   0   0   0   0  27   0   0  27   0   0  45   0   0   0   0   0   0     0    0    0   1.067     35  0.00
    3    3     0   0   0   0   0   0   0   0   0   0   0 100   0   0   0   0   0   0   0   0     0    0    0   0.000      0  0.00
    4    4    17   0   0   0   0   0   0   0   0   0  83   0   0   0   0   0   0   0   0   0     0    0    0   0.451     15  0.00
    5    5     0   0   0   0   0   0   0   0   0   0   8   0   0   0   0   0   0  92   0   0     0    0    0   0.287      9  0.00
    6    6     0 100   0   0   0   0   0   0   0   0   0   0   0   0   0   0   0   0   0   0     0    0    0   0.000      0  0.00
    7    7     0 100   0   0   0   0   0   0   0   0   0   0   0   0   0   0   0   0   0   0     0    0    0   0.000      0  0.00
    8    8     0   0   0   0   0   0   0   0   8   0   0   0   0   0   0  92   0   0   0   0     0    0    0   0.287      9  0.00
    9    9     0   0   0   0   0   0   0   0   0   0   0   0   0  92   0   0   0   0   0   8     0    0    0   0.287      9  0.00
   10   10     0   0 100   0   0   0   0   0   0   0   0   0   0   0   0   0   0   0   0   0     0    0    0   0.000      0  0.00
   11   11     0   0   0   0   0   0  92   0   0   0   0   0   0   0   8   0   0   0   0   0     0    0    0   0.287      9  0.00
   12   12     0   0   0   0   0   0   0   0   0   0   0   0   0   0   0   0   0   8   0  92     0    0    0   0.287      9  0.00
   13   13     8   0  92   0   0   0   0   0   0   0   0   0   0   0   0   0   0   0   0   0     0    0    0   0.287      9  0.00
   14   14     0   0   0   0   0   0   0   0   0   0   0   0   0   0   0   0   0   0 100   0     0    0    0   0.000      0  0.00
   15   15     0 100   0   0   0   0   0   0   0   0   0   0   0   0   0   0   0   0   0   0     0    0    0   0.000      0  0.00
   16   16     0   0   0   0   0   0   0   0   0   0 100   0   0   0   0   0   0   0   0   0     0    0    0   0.000      0  0.00
   17   17     0   0   0   0   0   0 100   0   0   0   0   0   0   0   0   0   0   0   0   0     0    0    0   0.000      0  0.00
   18   18     0 100   0   0   0   0   0   0   0   0   0   0   0   0   0   0   0   0   0   0     0    0    0   0.000      0  0.00
   19   19     0 100   0   0   0   0   0   0   0   0   0   0   0   0   0   0   0   0   0   0     0    0    0   0.000      0  0.00
   20   20     0 100   0   0   0   0   0   0   0   0   0   0   0   0   0   0   0   0   0   0     0    0    0   0.000      0  0.00
   21   21     0   0   0   0   0   0   0   0 100   0   0   0   0   0   0   0   0   0   0   0     0    0    0   0.000      0  0.00
   22   22     0   0   0   0   0   0   0   0   0   0   0   0   0   0   0   0 100   0   0   0     0    0    0   0.000      0  0.00
   23   23     0   0   0   0   0   0   0   0   0   0   0   0   0   0 100   0   0   0   0   0     0    0    0   0.000      0  0.00
   24   24     0  92   0   8   0   0   0   0   0   0   0   0   0   0   0   0   0   0   0   0     0    0    0   0.287      9  0.00
   25   25     0   8  92   0   0   0   0   0   0   0   0   0   0   0   0   0   0   0   0   0     0    0    0   0.287      9  0.00
   26   26    42   0   0   0   0   0   0   0   0   0   0   0   0   0   8   0   0   0  50   0     0    0    0   0.918     30  0.00
   27   27     0   0   0   0   0   0   0   0   0   0   0   0   0   8   0   0  50   0   0  42     0    0    0   0.918     30  0.00
   28   28     0   0   0   0   0   0   0   0   0   0   0   0   0   0   0   0   0  50   0  50     0    0    0   0.693     23  0.00
   29   29     0   0   0   0   0   0   8   0   0   0   0   0   0   0   0  92   0   0   0   0     0    0    0   0.287      9  0.00
   30   30     0   0   0   0   0   0   0   0 100   0   0   0   0   0   0   0   0   0   0   0     0    0    0   0.000      0  0.00
   31   31     0   0   0   0   8   0   0   0   8   0  83   0   0   0   0   0   0   0   0   0     0    0    0   0.566     18  0.00
   32   32     0   0   0   0   0   0   0   0  83   0   8   0   8   0   0   0   0   0   0   0     0    0    0   0.566     18  0.00
   33   33     0   0   0  92   0   0   0   0   0   0   0   0   0   0   0   8   0   0   0   0     0    0    0   0.287      9  0.00
   34   34     8   0   0   0  92   0   0   0   0   0   0   0   0   0   0   0   0   0   0   0     0    0    0   0.287      9  0.00
   35   35     0   0   0   0   8   0   0   0   0   0   0   0   0   0  92   0   0   0   0   0     0    0    0   0.287      9  0.00
   36   36     8  92   0   0   0   0   0   0   0   0   0   0   0   0   0   0   0   0   0   0     0    0    0   0.287      9  0.00
   37   37     0   0   0   0   0   0   0 100   0   0   0   0   0   0   0   0   0   0   0   0     0    0    0   0.000      0  0.00
   38   38     0   0  83   0   8   0   0   8   0   0   0   0   0   0   0   0   0   0   0   0     0    0    0   0.566     18  0.00
   39   39     0   0   8   0   0   0   0   0   0   0  25   8   0   0   0   0   0   0  42  17     0    0    0   1.424     47  0.00
   40   40     0   0   0   0   0   0   0   0   0   0   0   0   0   0   0   0   8  67   8  17     0    0    0   0.983     32  0.00
   41   41     0   0   0   0   0   0   0   8   0   0  17  25   0   0   0   0   0  50   0   0     0    0    0   1.199     40  0.00
   42   42     8   0   0  83   0   0   0   0   0   0   0   0   0   0   0   8   0   0   0   0     0    0    0   0.566     18  0.00
   43   43     0   0   0   0   0   0   0   8  92   0   0   0   0   0   0   0   0   0   0   0     0    0    0   0.287      9  0.00
   44   44     0   0   0   0   0   0   0   8   0   0   0  33   0   0   0   0   0   0   8  50     0    0    0   1.127     37  0.00
   45   45     0   0   8   0   0   0   0   0  42   0   0  50   0   0   0   0   0   0   0   0     0    0    0   0.918     30  0.00
   46   46     0  92   0   0   0   0   0   8   0   0   0   0   0   0   0   0   0   0   0   0     0    0    0   0.287      9  0.00
   47   47     0   0   0   8   0   0   0   8  67   0   8   0   0   0   0   8   0   0   0   0     0    0    0   1.099     36  0.00
   48   48     0   0   0   0   0   0   0   0  42   0   0   8   0   0   8   0  25  17   0   0     0    0    0   1.424     47  0.00
   49   49     0  92   0   0   0   0   0   8   0   0   0   0   0   0   0   0   0   0   0   0     0    0    0   0.287      9  0.00
   50   50     0   8   0   0   0   0   0   0   0   0   8  83   0   0   0   0   0   0   0   0     0    0    0   0.566     18  0.00
   51   51     0  92   0   0   0   0   0   0   0   8   0   0   0   0   0   0   0   0   0   0     0    0    0   0.287      9  0.00
   52   52     0   0   0   0   0   0   0   0   8  92   0   0   0   0   0   0   0   0   0   0     0    0    0   0.287      9  0.00
   53   53     0   0   0   0   0   0   0   0   0   0   0   0   0   0   0   0 100   0   0   0     0    0    0   0.000      0  0.00
   54   54     0  25   0  75   0   0   0   0   0   0   0   0   0   0   0   0   0   0   0   0     0    0    0   0.562     18  0.00
   55   55   100   0   0   0   0   0   0   0   0   0   0   0   0   0   0   0   0   0   0   0     0    0    0   0.000      0  0.00
   56   56     0   0   0   0   0   0   0   0   0   0   0   0   0   0   0 100   0   0   0   0     0    0    0   0.000      0  0.00
   57   57     0 100   0   0   0   0   0   0   0   0   0   0   0   0   0   0   0   0   0   0     0    0    0   0.000      0  0.00
   58   58     0   0   0   0   0   0   0   0 100   0   0   0   0   0   0   0   0   0   0   0     0    0    0   0.000      0  0.00
   59   59     0   0   0   0   0   0   0   0   0   0   8   0   0   0   0   0   0  92   0   0     0    0    0   0.287      9  0.00
   60   60     0   0   0   0   0   0   0   0   0   0   8  92   0   0   0   0   0   0   0   0     0    0    0   0.287      9  0.00
   61   61     0   0   0   0   0   0   0   0   0   0   8   0   0   0   0   0   0   0  92   0     0    0    0   0.287      9  0.00
   62   62     0   0   0   0   0   0   0   0   0   0   8   0   0   0   0   0  92   0   0   0     0    0    0   0.287      9  0.00
   63   63     0 100   0   0   0   0   0   0   0   0   0   0   0   0   0   0   0   0   0   0     0    0    0   0.000      0  0.00
   64   64    58  17  25   0   0   0   0   0   0   0   0   0   0   0   0   0   0   0   0   0     0    0    0   0.960     32  0.00
   65   65     0   0   0   0   0   0   0   0   0   0   0   0 100   0   0   0   0   0   0   0     0    0    0   0.000      0  0.00
   66   66     0   0   0   0   0   0   0   0   0   0   0   0   0  83   8   0   0   0   8   0     0    0    0   0.566     18  0.00
   67   67     0   0   0   0 100   0   0   0   0   0   0   0   0   0   0   0   0   0   0   0     0    0    0   0.000      0  0.00
   68   68     0   0   0   0   0   0   0   0   0   0   0   0   0   0 100   0   0   0   0   0     0    0    0   0.000      0  0.00
   69   69     0   0   0   0 100   0   0   0   0   0   0   0   0   0   0   0   0   0   0   0     0    0    0   0.000      0  0.00
   70   70     0   0   0   0   0   0   0   0   0   0   9   0   0   0   0   0   0  18  18  55     0    0    0   1.169     39  0.00
   71   71     0   0   0   0   0   0   0   0   0   0  33   0   0   0   8   0   0  17   0  42     0    0    0   1.237     41  0.00
   72   72     0   0   0   0   0   0   8   0   0   0  25   0   0  58   8   0   0   0   0   0     0    0    0   1.075     35  0.00
   73   73     0   0   8   0   0   0   0   0   0   0   8   0   0   0   0   0  58  17   8   0     0    0    0   1.234     41  0.00
   74   74     0   8   0   0   0   0   0   0   0   0   0  92   0   0   0   0   0   0   0   0     0    0    0   0.287      9  0.00
   75   75     8   8  83   0   0   0   0   0   0   0   0   0   0   0   0   0   0   0   0   0     0    0    0   0.566     18  0.00
   76   76     0   0   0   0   0   0   0   0   0   0   8  50   0   8   0   0   8  25   0   0     0    0    0   1.314     43  0.00
   77   77     0   8   8   0   0   0   0   0   8   0   0   0   0   8  25   0  42   0   0   0     0    0    0   1.540     51  0.00
   78   78     0  92   0   0   0   0   0   0   0   0   0   0   0   0   0   0   8   0   0   0     0    0    0   0.287      9  0.00
   79   79     0   0   0   0   0   0   0   0   0   0   8  92   0   0   0   0   0   0   0   0     0    0    0   0.287      9  0.00
   80   80     0   8   0   0   0   0   0   0   0   0   0   0   0   0   0  42  50   0   0   0     0    0    0   0.918     30  0.00
   81   81     0   0   0   0   0   0   0   0   0   0   0   0   0   0   0   0   0  42   0  58     0    0    0   0.679     22  0.00
   82   82     8   0   0   0   0   0   0   0   0   0  92   0   0   0   0   0   0   0   0   0     0    0    0   0.287      9  0.00
   83   83     0   8   0   0   0   0   0   0   0   0   0   0   0   0  92   0   0   0   0   0     0    0    0   0.287      9  0.00
   84   84    92   0   0   0   0   0   0   8   0   0   0   0   0   0   0   0   0   0   0   0     0    0    0   0.287      9  0.00
   85   85     0   0   0   0   0   0   0   8   0   0   0   0   0   0   0   0   0   0   0  92     0    0    0   0.287      9  0.00
   86   86     0   0   0   0   0   0   0   0   8   0   0   0   0   0   0   0   0   0   0  92     0    0    0   0.287      9  0.00
   87   87     0 100   0   0   0   0   0   0   0   0   0   0   0   0   0   0   0   0   0   0     0    0    0   0.000      0  0.00
   88   88     0   0   0   0   0   0   0   0   0   0   0   0   0   0   0   0 100   0   0   0     0    0    0   0.000      0  0.00
   89   89     0   0   0   0   0   0   0   0   0   0   0   0   0   0   0   0 100   0   0   0     0    0    0   0.000      0  0.00
   90   90     0   0  92   0   0   0   0   0   8   0   0   0   0   0   0   0   0   0   0   0     0    0    0   0.287      9  0.00
   91   91     0   0   0   0   0   0   0   0   0   0   0   0   0 100   0   0   0   0   0   0     0    0    0   0.000      0  0.00
   92   92     0   0   0   0   0   0   0   0   8   0   0  92   0   0   0   0   0   0   0   0     0    0    0   0.287      9  0.00
   93   93     0   0   0   0   0   0   0  92   0   0   0   8   0   0   0   0   0   0   0   0     0    0    0   0.287      9  0.00
   94   94     0   0 100   0   0   0   0   0   0   0   0   0   0   0   0   0   0   0   0   0     0    0    0   0.000      0  0.00
   95   95     0  50   0  50   0   0   0   0   0   0   0   0   0   0   0   0   0   0   0   0     0    0    0   0.693     23  0.00
   96   96     0 100   0   0   0   0   0   0   0   0   0   0   0   0   0   0   0   0   0   0     0    0    0   0.000      0  0.00
   97   97     0   0   0   0   0   0   0   0  10   0  90   0   0   0   0   0   0   0   0   0     0    0    0   0.325     10  0.00
   98   98     0   0   0   0   0   0   0   0   0   0  33  67   0   0   0   0   0   0   0   0     0    0    0   0.637     21  0.00
//
