ID Pseudo hssp file.
SEQ 
SEQ gi|12084500|pdb|1G8K|B Chain B, Crystal Structure Analysis Of Ar...   211  2e-54
SEQ gi|12084496|pdb|1G8J|B Chain B, Crystal Structure Analysis Of Ar...   209  1e-53
SEQ gi|7517253|pir||D72490 hypothetical protein APE2563 - Aeropyrum ...    86  2e-16
SEQ gi|7473464|pir||F75531 probable cytochrome complex iron-sulfur s...    54  1e-06
SEQ gi|10336542|dbj|BAB13772.1| (AB047851) iron-sulfur protein [Cory...    53  1e-06
SEQ gi|13274110|emb|CAC33827.1| (AJ306418) rieske iron-sulfur protei...    53  1e-06
SEQ gi|6007564|gb|AAF00970.1|AF184599_1 (AF184599) Rieske iron-sulfu...    47  7e-05
SEQ gi|6007567|gb|AAF00972.1|AF184600_1 (AF184600) Rieske iron-sulfu...    47  7e-05
SEQ gi|6831601|sp|Q9ZFB7|QCRA_STRLI UBIQUINOL-CYTOCHROME C REDUCTASE...    46  2e-04
SEQ gi|6831596|sp|Q9X807|QCRA_STRCO UBIQUINOL-CYTOCHROME C REDUCTASE...    46  2e-04
SEQ gi|13092953|emb|CAC31261.1| (AL583920) putative Rieske iron-sulp...    44  6e-04
SEQ 
## SEQUENCE PROFILE AND ENTROPY
 SeqNo PDBNo   V   L   I   M   F   W   Y   G   A   P   S   T   C   H   R   K   Q   E   N   D  NOCC NDEL NINS ENTROPY RELENT WEIGHT
    1    1     0   0   0   0   0   0   0   0   0   0   0   0   0   0 100   0   0   0   0   0     0    0    0   0.000      0  0.00
    2    2     0   0   0   0   0   0   0   0   0   0   0 100   0   0   0   0   0   0   0   0     0    0    0   0.000      0  0.00
    3    3     0   0   0   0   0   0   0   0   0   0   0 100   0   0   0   0   0   0   0   0     0    0    0   0.000      0  0.00
    4    4     0 100   0   0   0   0   0   0   0   0   0   0   0   0   0   0   0   0   0   0     0    0    0   0.000      0  0.00
    5    5     0   0   0   0   0   0   0   0 100   0   0   0   0   0   0   0   0   0   0   0     0    0    0   0.000      0  0.00
    6    6     0   0   0   0   0   0 100   0   0   0   0   0   0   0   0   0   0   0   0   0     0    0    0   0.000      0  0.00
    7    7     0   0   0   0   0   0   0   0   0 100   0   0   0   0   0   0   0   0   0   0     0    0    0   0.000      0  0.00
    8    8     0   0   0   0   0   0   0   0  75   0   0   0   0   0   0  25   0   0   0   0     0    0    0   0.562     18  0.00
    9    9    25   0   0   0   0   0   0   0   0   0   0  75   0   0   0   0   0   0   0   0     0    0    0   0.562     18  0.00
   10   10     0   0   0   0   0   0   0   0  75   0   0   0   0   0   0  25   0   0   0   0     0    0    0   0.562     18  0.00
   11   11    75   0  25   0   0   0   0   0   0   0   0   0   0   0   0   0   0   0   0   0     0    0    0   0.562     18  0.00
   12   12     0   0   0   0   0   0   0   0  25   0  75   0   0   0   0   0   0   0   0   0     0    0    0   0.562     18  0.00
   13   13    75   0   0   0   0   0   0   0   0   0   0   0   0   0   0   0   0   0  25   0     0    0    0   0.562     18  0.00
   14   14    25   0   0   0   0   0   0   0  75   0   0   0   0   0   0   0   0   0   0   0     0    0    0   0.562     18  0.00
   15   15     0   0   0   0   0   0   0   0   0   0  25   0   0   0   0  75   0   0   0   0     0    0    0   0.562     18  0.00
   16   16     0   0   0   0   0   0   0   0   0   0   0   0   0   0   0   0   0  25  75   0     0    0    0   0.562     18  0.00
   17   17     0 100   0   0   0   0   0   0   0   0   0   0   0   0   0   0   0   0   0   0     0    0    0   0.000      0  0.00
   18   18     0   0   0   0   0   0   0   0  75   0   0   0   0   0  25   0   0   0   0   0     0    0    0   0.562     18  0.00
   19   19     0   0   0   0   0   0   0   0  75   0   0   0   0   0   0   0   0  25   0   0     0    0    0   0.562     18  0.00
   20   20     0   0   0   0   0   0   0  25   0   0   0   0   0   0   0   0   0   0  75   0     0    0    0   0.562     18  0.00
   21   21     0   0   0   0   0   0   0   0   0   0   0   0   0   0   0   0  25  75   0   0     0    0    0   0.562     18  0.00
   22   22     0   0   0   0   0   0   0   0   0 100   0   0   0   0   0   0   0   0   0   0     0    0    0   0.000      0  0.00
   23   23    75   0   0   0   0   0   0   0   0   0  25   0   0   0   0   0   0   0   0   0     0    0    0   0.562     18  0.00
   24   24     0   0   0   0  25   0   0   0   0   0  75   0   0   0   0   0   0   0   0   0     0    0    0   0.562     18  0.00
   25   25     0   0   0   0  75   0   0   0   0   0   0   0   0   0   0  25   0   0   0   0     0    0    0   0.562     18  0.00
   26   26     0   0   0   0   0   0   0   0   0   0   0  75   0   0   0   0   0  25   0   0     0    0    0   0.562     18  0.00
   27   27     0   0   0   0   0   0 100   0   0   0   0   0   0   0   0   0   0   0   0   0     0    0    0   0.000      0  0.00
   28   28     0   0   0   0   0   0   0   0   0 100   0   0   0   0   0   0   0   0   0   0     0    0    0   0.000      0  0.00
   29   29     0   0   0   0   0   0   0   0   0   0   0   0   0   0   0   0   0   0   0 100     0    0    0   0.000      0  0.00
   30   30     0   0  25   0   0   0   0   0   0   0   0  75   0   0   0   0   0   0   0   0     0    0    0   0.562     18  0.00
   31   31     0   0   0   0   0   0   0  25   0   0  75   0   0   0   0   0   0   0   0   0     0    0    0   0.562     18  0.00
   32   32     0   0   0   0   0   0   0   0   0   0  60  20   0  20   0   0   0   0   0   0     0    0    0   0.950     31  0.00
   33   33     0   0   0   0   0   0   0   0   0  80   0   0   0   0  20   0   0   0   0   0     0    0    0   0.500     16  0.00
   34   34     0   0  20   0   0   0   0   0   0   0   0   0  80   0   0   0   0   0   0   0     0    0    0   0.500     16  0.00
   35   35    80  20   0   0   0   0   0   0   0   0   0   0   0   0   0   0   0   0   0   0     0    0    0   0.500     16  0.00
   36   36    40   0   0   0   0   0   0   0  60   0   0   0   0   0   0   0   0   0   0   0     0    0    0   0.673     22  0.00
   37   37    60   0  20  20   0   0   0   0   0   0   0   0   0   0   0   0   0   0   0   0     0    0    0   0.950     31  0.00
   38   38     0   0   0   0   0   0   0   0   0   0   0   0   0   0   0  80   0  20   0   0     0    0    0   0.500     16  0.00
   39   39     0 100   0   0   0   0   0   0   0   0   0   0   0   0   0   0   0   0   0   0     0    0    0   0.000      0  0.00
   40   40     0   0   0   0   0   0   0  80   0  20   0   0   0   0   0   0   0   0   0   0     0    0    0   0.500     16  0.00
   41   41     0   0   0   0   0   0   0   0  80   0   0   0   0   0   0   0   0  20   0   0     0    0    0   0.500     16  0.00
   42   42     0   0   0   0   0   0   0   0   0  60   0  20   0   0   0   0   0  20   0   0     0    0    0   0.950     31  0.00
   43   43    60   0   0   0   0   0   0   0  20  20   0   0   0   0   0   0   0   0   0   0     0    0    0   0.950     31  0.00
   44   44    20   0   0   0   0   0   0   0   0  60   0  20   0   0   0   0   0   0   0   0     0    0    0   0.950     31  0.00
   45   45     0   0   0   0   0   0   0  60   0   0  20   0   0   0   0   0   0   0  20   0     0    0    0   0.950     31  0.00
   46   46    20   0   0   0   0   0   0  80   0   0   0   0   0   0   0   0   0   0   0   0     0    0    0   0.500     16  0.00
   47   47    80   0   0   0   0   0   0   0   0   0   0  20   0   0   0   0   0   0   0   0     0    0    0   0.500     16  0.00
   48   48    20   0   0   0   0   0   0  80   0   0   0   0   0   0   0   0   0   0   0   0     0    0    0   0.500     16  0.00
   49   49     0   0   0   0   0   0   0  20   0  80   0   0   0   0   0   0   0   0   0   0     0    0    0   0.500     16  0.00
   50   50     0   0   0   0   0   0   0  20   0   0   0   0   0   0   0   0   0   0   0  80     0    0    0   0.500     16  0.00
   51   51     0   0   0   0   0   0   0   0   0   0   0   0   0   0  20  20   0   0   0  60     0    0    0   0.950     31  0.00
   52   52     0   0   0   0   0   0   0   0   0   0   0   0   0  20   0   0   0   0   0  80     0    0    0   0.500     16  0.00
   53   53     0   0  80   0  20   0   0   0   0   0   0   0   0   0   0   0   0   0   0   0     0    0    0   0.500     16  0.00
   54   54    80   0   0   0   0   0   0   0  20   0   0   0   0   0   0   0   0   0   0   0     0    0    0   0.500     16  0.00
   55   55     0   0   0   0   0   0   0   0 100   0   0   0   0   0   0   0   0   0   0   0     0    0    0   0.000      0  0.00
   56   56     0   0   0   0  17   0  83   0   0   0   0   0   0   0   0   0   0   0   0   0     0    0    0   0.451     15  0.00
   57   57     0   0   0   0   0   0   0   0   0   0  92   8   0   0   0   0   0   0   0   0     0    0    0   0.287      9  0.00
   58   58    25   0   0   8   0   0   0   0   0   0   0   0   0   0   8  58   0   0   0   0     0    0    0   1.075     35  0.00
   59   59     8  42  50   0   0   0   0   0   0   0   0   0   0   0   0   0   0   0   0   0     0    0    0   0.918     30  0.00
   60   60     0   0   0   0   0   0   0   0   0   0   0   0 100   0   0   0   0   0   0   0     0    0    0   0.000      0  0.00
   61   61     0   0   0   0   0   0   0   0   0   0   8  92   0   0   0   0   0   0   0   0     0    0    0   0.287      9  0.00
   62   62     0   0   0   0   0   0   0   0   0   0   0   0   0 100   0   0   0   0   0   0     0    0    0   0.000      0  0.00
   63   63    33  17  17  33   0   0   0   0   0   0   0   0   0   0   0   0   0   0   0   0     0    0    0   1.330     44  0.00
   64   64     0   0   0   0   0   0   0 100   0   0   0   0   0   0   0   0   0   0   0   0     0    0    0   0.000      0  0.00
   65   65     0   0   0   0   0   0   0   8   0   0   0   0  92   0   0   0   0   0   0   0     0    0    0   0.287      9  0.00
   66   66     0   0   0   0   8   0   0   0   0  83   0   0   0   0   0   0   8   0   0   0     0    0    0   0.566     18  0.00
   67   67     8   8  33   0   0   0   0   0   0   0   8  42   0   0   0   0   0   0   0   0     0    0    0   1.352     45  0.00
   68   68     0   0   8   0   0   0   0   0   0   0  92   0   0   0   0   0   0   0   0   0     0    0    0   0.287      9  0.00
   69   69     0   0   0   0   8   0  92   0   0   0   0   0   0   0   0   0   0   0   0   0     0    0    0   0.287      9  0.00
   70   70     0   0   0   0   0   0   0   0   0   0   0   0   0   0   8   0   0  58   0  33     0    0    0   0.888     29  0.00
   71   71     0   0   0   0   0   0   0   8  25   0  25   0   0   0   0   0  42   0   0   0     0    0    0   1.265     42  0.00
   72   72     0   0   0   0   0   0   0   0   0   0  25   0   0   0   0   0  58   0   8   8     0    0    0   1.075     35  0.00
   73   73     0   0   0   0   0   0   0   0   0   0  33  58   0   8   0   0   0   0   0   0     0    0    0   0.888     29  0.00
   74   74     0   0   0   0   0   0   8   0   0   8   0   0   0  33   0  33   0   0  17   0     0    0    0   1.445     48  0.00
   75   75     0   0   0   8   0   0   0   0   0   0   0  33   0  33  25   0   0   0   0   0     0    0    0   1.286     42  0.00
   76   76    17  17  25   0  25   0   0   0  17   0   0   0   0   0   0   0   0   0   0   0     0    0    0   1.589     53  0.00
   77   77     0  58   8   0   0   0   0   8   0   0  25   0   0   0   0   0   0   0   0   0     0    0    0   1.075     35  0.00
   78   78     0   0   0   0   0   0   0   0   0   0   0   0 100   0   0   0   0   0   0   0     0    0    0   0.000      0  0.00
   79   79     0   0   0   0   0   0   0   0   0 100   0   0   0   0   0   0   0   0   0   0     0    0    0   0.000      0  0.00
   80   80     0   8   0   0   0   0   0   0   0   0   0   0  92   0   0   0   0   0   0   0     0    0    0   0.287      9  0.00
   81   81     0   0   0   0   0   0   0   0   0   0   0   0   0 100   0   0   0   0   0   0     0    0    0   0.000      0  0.00
   82   82     0   0   0   0  42   0   0   0   0   0   0   0   0   0   0   0  58   0   0   0     0    0    0   0.679     22  0.00
   83   83     0   0   0   0   0   0   0   0   0   0  75  25   0   0   0   0   0   0   0   0     0    0    0   0.562     18  0.00
   84   84     8   0   0   0   0   0   0   0   0   0   0  33   0   0   0   0  33  25   0   0     0    0    0   1.286     42  0.00
   85   85     0   0   0   0 100   0   0   0   0   0   0   0   0   0   0   0   0   0   0   0     0    0    0   0.000      0  0.00
   86   86     0   0   0   0   0   0   0   0   0   0   0   0   0   0   0   0   0   0   0 100     0    0    0   0.000      0  0.00
   87   87     0  33   0   0   0   0   0   0  50  17   0   0   0   0   0   0   0   0   0   0     0    0    0   1.011     33  0.00
   88   88     0  25   0   0   0   0   0   0  17   0   8  17   0   0   0   0   8  25   0   0     0    0    0   1.705     56  0.00
   89   89     0   0   0   0   0   0   0   0   0   0   0   0   0  17   8  25  17   0   0  33     0    0    0   1.517     50  0.00
   90   90     0   0   0   0   0   0  25  42  25   0   0   0   0   0   0   0   8   0   0   0     0    0    0   1.265     42  0.00
   91   91     0   0   0   0   0   0   0  58  42   0   0   0   0   0   0   0   0   0   0   0     0    0    0   0.679     22  0.00
   92   92     0   0   0   0   0   0   0   0   0   0   0   0   0   0  33  25  42   0   0   0     0    0    0   1.078     35  0.00
   93   93    33   0   0  25   0   0   0   0   0  33   8   0   0   0   0   0   0   0   0   0     0    0    0   1.286     42  0.00
   94   94    33   0  67   0   0   0   0   0   0   0   0   0   0   0   0   0   0   0   0   0     0    0    0   0.637     21  0.00
   95   95     8   0   0   0  67   0   0   0   0   0   0   0  25   0   0   0   0   0   0   0     0    0    0   0.824     27  0.00
   96   96     0   0   0   0   0   0   0 100   0   0   0   0   0   0   0   0   0   0   0   0     0    0    0   0.000      0  0.00
   97   97     0   0   0   0   0   0   0   0   0  58   0   0   0   8   0   8   0  25   0   0     0    0    0   1.075     35  0.00
   98   98     0   0   0   0   0   0   0   0 100   0   0   0   0   0   0   0   0   0   0   0     0    0    0   0.000      0  0.00
   99   99     0   8   0   0   0   0   0  33  25   0   0  33   0   0   0   0   0   0   0   0     0    0    0   1.286     42  0.00
  100  100     0   0   0   0   8   0   0   0  25   0   0   0   0  33  25   0   0   8   0   0     0    0    0   1.474     49  0.00
  101  101     0   0   0   0   0   0   8   0  58   8   0   0   0   0   0   0   0   0   0  25     0    0    0   1.075     35  0.00
  102  102     0 100   0   0   0   0   0   0   0   0   0   0   0   0   0   0   0   0   0   0     0    0    0   0.000      0  0.00
  103  103     0   0   0   0   0   0   0   0  17  83   0   0   0   0   0   0   0   0   0   0     0    0    0   0.451     15  0.00
  104  104     0   0   0   0   0   0   0   0   0   0   0   0   0   0  33   0  67   0   0   0     0    0    0   0.637     21  0.00
  105  105    42  58   0   0   0   0   0   0   0   0   0   0   0   0   0   0   0   0   0   0     0    0    0   0.679     22  0.00
  106  106     0  30  10   0   0   0   0   0   0  30   0   0   0   0  20   0  10   0   0   0     0    0    0   1.505     50  0.00
  107  107     0  50  50   0   0   0   0   0   0   0   0   0   0   0   0   0   0   0   0   0     0    0    0   0.693     23  0.00
  108  108     0   0   0   0   0   0   0  20   0   0   0  30   0   0  40   0   0  10   0   0     0    0    0   1.280     42  0.00
  109  109    44   0  11   0   0   0  44   0   0   0   0   0   0   0   0   0   0   0   0   0     0    0    0   0.965     32  0.00
  110  110     0   0   0   0   0   0   0   0   0   0   0   0   0   0   0   0   0   0   0 100     0    0    0   0.000      0  0.00
  111  111     0   0   0   0   0   0   0   0  57   0  29   0   0   0   0   0   0  14   0   0     0    0    0   0.956     31  0.00
  112  112     0   0   0   0   0   0   0   0  80   0   0   0   0   0   0   0   0  20   0   0     0    0    0   0.500     16  0.00
  113  113     0   0   0   0   0   0   0  20   0   0  80   0   0   0   0   0   0   0   0   0     0    0    0   0.500     16  0.00
  114  114     0   0   0   0   0   0   0  20   0   0   0   0   0   0   0   0   0   0   0  80     0    0    0   0.500     16  0.00
  115  115     0   0   0   0   0   0   0   0  60   0   0  20   0   0   0   0   0   0   0  20     0    0    0   0.950     31  0.00
  116  116     0  80  20   0   0   0   0   0   0   0   0   0   0   0   0   0   0   0   0   0     0    0    0   0.500     16  0.00
  117  117     0   0   0   0  20   0  20   0   0   0   0  60   0   0   0   0   0   0   0   0     0    0    0   0.950     31  0.00
  118  118     0   0   0   0   0   0   0   0 100   0   0   0   0   0   0   0   0   0   0   0     0    0    0   0.000      0  0.00
  119  119    80   0   0   0   0   0   0   0   0   0   0   0   0  20   0   0   0   0   0   0     0    0    0   0.500     16  0.00
  120  120     0   0   0   0   0   0   0 100   0   0   0   0   0   0   0   0   0   0   0   0     0    0    0   0.000      0  0.00
  121  121    60  20   0   0  20   0   0   0   0   0   0   0   0   0   0   0   0   0   0   0     0    0    0   0.950     31  0.00
  122  122     0   0   0   0   0   0   0   0   0   0   0  20   0   0   0   0   0  20   0  60     0    0    0   0.950     31  0.00
  123  123     0   0   0   0   0   0   0  75  25   0   0   0   0   0   0   0   0   0   0   0     0    0    0   0.562     18  0.00
  124  124     0 100   0   0   0   0   0   0   0   0   0   0   0   0   0   0   0   0   0   0     0    0    0   0.000      0  0.00
  125  125    25   0  75   0   0   0   0   0   0   0   0   0   0   0   0   0   0   0   0   0     0    0    0   0.562     18  0.00
  126  126     0   0   0   0   0   0 100   0   0   0   0   0   0   0   0   0   0   0   0   0     0    0    0   0.000      0  0.00
  127  127     0   0   0   0   0   0   0 100   0   0   0   0   0   0   0   0   0   0   0   0     0    0    0   0.000      0  0.00
  128  128     0   0   0   0   0   0   0   0   0   0   0   0   0   0 100   0   0   0   0   0     0    0    0   0.000      0  0.00
  129  129     0   0   0   0   0   0  25   0   0   0   0   0   0   0   0   0  75   0   0   0     0    0    0   0.562     18  0.00
  130  130     0   0   0   0   0   0   0   0  75   0   0   0   0   0   0   0   0   0   0  25     0    0    0   0.562     18  0.00
  131  131     0   0   0   0   0   0   0   0   0   0   0   0   0   0   0   0   0   0 100   0     0    0    0   0.000      0  0.00
  132  132    75  25   0   0   0   0   0   0   0   0   0   0   0   0   0   0   0   0   0   0     0    0    0   0.562     18  0.00
  133  133     0   0 100   0   0   0   0   0   0   0   0   0   0   0   0   0   0   0   0   0     0    0    0   0.000      0  0.00
//
