ID Pseudo hssp file.
SEQ 
SEQ gi|604529|gb|AAC37232.1| (L36589) fertilization protein [Halioti...   257  4e-68
SEQ gi|12084519|pdb|1GAK|A Chain A, Crystal Structure Of Green Abalo...   251  3e-66
SEQ gi|604527|gb|AAC37230.1| (L36553) fertilization protein [Halioti...    66  2e-10
SEQ gi|604525|gb|AAC37229.1| (L36552) fertilization protein [Halioti...    61  7e-09
SEQ gi|604531|gb|AAC37233.1| (L36590) fertilization protein [Halioti...    54  1e-06
SEQ gi|604533|gb|AAC37231.1| (L36554) fertilization protein [Halioti...    50  2e-05
SEQ 
## SEQUENCE PROFILE AND ENTROPY
 SeqNo PDBNo   V   L   I   M   F   W   Y   G   A   P   S   T   C   H   R   K   Q   E   N   D  NOCC NDEL NINS ENTROPY RELENT WEIGHT
    1    1     0   0   0   0 100   0   0   0   0   0   0   0   0   0   0   0   0   0   0   0     0    0    0   0.000      0  0.00
    2    2     0   0   0   0   0   0   0   0   0   0   0   0   0   0   0   0   0   0   0 100     0    0    0   0.000      0  0.00
    3    3     0   0   0   0   0   0   0   0   0   0   0   0   0   0   0   0   0   0   0 100     0    0    0   0.000      0  0.00
    4    4    75   0  25   0   0   0   0   0   0   0   0   0   0   0   0   0   0   0   0   0     0    0    0   0.562     18  0.00
    5    5   100   0   0   0   0   0   0   0   0   0   0   0   0   0   0   0   0   0   0   0     0    0    0   0.000      0  0.00
    6    6   100   0   0   0   0   0   0   0   0   0   0   0   0   0   0   0   0   0   0   0     0    0    0   0.000      0  0.00
    7    7     0   0   0   0   0   0   0   0   0   0  86   0   0   0   0  14   0   0   0   0     0    0    0   0.410     13  0.00
    8    8     0   0   0   0   0   0   0   0   0   0   0   0   0   0  43  43   0  14   0   0     0    0    0   1.004     33  0.00
    9    9     0   0   0   0   0   0   0   0   0   0   0   0   0   0   0  14  43  43   0   0     0    0    0   1.004     33  0.00
   10   10     0   0   0   0   0   0   0   0   0   0   0   0   0   0   0   0   0  43  57   0     0    0    0   0.683     22  0.00
   11   11     0   0   0   0   0   0   0   0  29   0   0   0   0   0   0  14  43  14   0   0     0    0    0   1.277     42  0.00
   12   12     0   0   0   0   0   0   0   0  57   0  43   0   0   0   0   0   0   0   0   0     0    0    0   0.683     22  0.00
   13   13     0   0   0   0   0   0  43   0  57   0   0   0   0   0   0   0   0   0   0   0     0    0    0   0.683     22  0.00
   14   14    43   0   0  57   0   0   0   0   0   0   0   0   0   0   0   0   0   0   0   0     0    0    0   0.683     22  0.00
   15   15     0   0   0   0   0   0   0   0   0   0   0   0   0   0   0  57  43   0   0   0     0    0    0   0.683     22  0.00
   16   16    29   0  29   0   0   0   0   0   0   0   0   0   0   0  43   0   0   0   0   0     0    0    0   1.079     36  0.00
   17   17     0   0   0   0   0   0   0  57  43   0   0   0   0   0   0   0   0   0   0   0     0    0    0   0.683     22  0.00
   18   18     0   0   0  86  14   0   0   0   0   0   0   0   0   0   0   0   0   0   0   0     0    0    0   0.410     13  0.00
   19   19    43   0  29  29   0   0   0   0   0   0   0   0   0   0   0   0   0   0   0   0     0    0    0   1.079     36  0.00
   20   20     0   0   0   0   0   0   0   0   0   0   0   0   0   0   0  43   0  14  43   0     0    0    0   1.004     33  0.00
   21   21     0   0   0   0  86   0  14   0   0   0   0   0   0   0   0   0   0   0   0   0     0    0    0   0.410     13  0.00
   22   22     0 100   0   0   0   0   0   0   0   0   0   0   0   0   0   0   0   0   0   0     0    0    0   0.000      0  0.00
   23   23     0   0   0   0   0   0   0   0   0   0   0   0   0   0   0   0   0   0   0 100     0    0    0   0.000      0  0.00
   24   24     0   0   0  14   0   0   0   0  29   0  14   0   0   0   0   0   0  43   0   0     0    0    0   1.277     42  0.00
   25   25     0   0   0   0   0   0   0   0   0   0   0   0   0   0  29  29   0  43   0   0     0    0    0   1.079     36  0.00
   26   26     0  14   0  43   0   0   0   0  29   0   0  14   0   0   0   0   0   0   0   0     0    0    0   1.277     42  0.00
   27   27    14   0   0   0   0   0   0  29   0   0   0   0   0  43   0   0   0   0   0  14     0    0    0   1.277     42  0.00
   28   28    14   0   0   0   0   0   0   0   0   0   0   0   0   0  14  71   0   0   0   0     0    0    0   0.796     26  0.00
   29   29     0  43   0   0  57   0   0   0   0   0   0   0   0   0   0   0   0   0   0   0     0    0    0   0.683     22  0.00
   30   30    43   0   0   0   0   0   0   0   0   0   0   0   0   0   0  57   0   0   0   0     0    0    0   0.683     22  0.00
   31   31     0   0   0   0   0   0   0   0   0   0   0   0   0   0  14  71   0  14   0   0     0    0    0   0.796     26  0.00
   32   32     0   0  14   0   0   0   0   0   0   0   0   0   0  14  71   0   0   0   0   0     0    0    0   0.796     26  0.00
   33   33    14   0  29   0  43  14   0   0   0   0   0   0   0   0   0   0   0   0   0   0     0    0    0   1.277     42  0.00
   34   34     0  14   0   0   0   0   0   0   0   0   0   0   0   0  43   0   0  43   0   0     0    0    0   1.004     33  0.00
   35   35     0   0   0   0   0   0   0  14   0   0   0   0   0   0   0  14   0   0  14  57     0    0    0   1.154     38  0.00
   36   36     0   0  14  71   0   0   0   0  14   0   0   0   0   0   0   0   0   0   0   0     0    0    0   0.796     26  0.00
   37   37     0   0   0   0   0   0   0  43   0   0   0   0   0   0  43   0   0   0  14   0     0    0    0   1.004     33  0.00
   38   38     0   0   0   0   0  57  43   0   0   0   0   0   0   0   0   0   0   0   0   0     0    0    0   0.683     22  0.00
   39   39     0   0   0   0   0   0   0   0   0  43   0   0   0   0   0  14   0   0  43   0     0    0    0   1.004     33  0.00
   40   40     0  57  43   0   0   0   0   0   0   0   0   0   0   0   0   0   0   0   0   0     0    0    0   0.683     22  0.00
   41   41     0   0   0   0   0   0   0  43   0   0   0  43   0   0   0   0  14   0   0   0     0    0    0   1.004     33  0.00
   42   42     0   0   0   0   0   0   0   0   0  86   0   0   0   0   0  14   0   0   0   0     0    0    0   0.410     13  0.00
   43   43     0   0   0   0  14   0   0  43   0  43   0   0   0   0   0   0   0   0   0   0     0    0    0   1.004     33  0.00
   44   44     0   0   0   0  43   0   0   0   0   0   0   0   0   0   0   0  43  14   0   0     0    0    0   1.004     33  0.00
   45   45    43   0   0   0   0  29  14   0   0   0   0  14   0   0   0   0   0   0   0   0     0    0    0   1.277     42  0.00
   46   46     0   0   0   0  43   0   0   0   0   0   0  43   0   0   0   0   0   0   0  14     0    0    0   1.004     33  0.00
   47   47     0  43   0   0   0   0   0   0   0   0   0  43   0   0   0   0   0  14   0   0     0    0    0   1.004     33  0.00
   48   48     0  86   0  14   0   0   0   0   0   0   0   0   0   0   0   0   0   0   0   0     0    0    0   0.410     13  0.00
   49   49     0  43   0   0   0   0   0   0   0   0   0   0   0   0  14  43   0   0   0   0     0    0    0   1.004     33  0.00
   50   50     0   0   0   0   0   0  57   0   0   0   0   0   0   0   0  43   0   0   0   0     0    0    0   0.683     22  0.00
   51   51    43  14   0   0   0   0  43   0   0   0   0   0   0   0   0   0   0   0   0   0     0    0    0   1.004     33  0.00
   52   52     0   0   0   0   0   0   0   0  14   0   0   0   0   0   0   0   0   0  86   0     0    0    0   0.410     13  0.00
   53   53     0   0  14   0   0   0   0   0   0   0   0   0   0   0  86   0   0   0   0   0     0    0    0   0.410     13  0.00
   54   54     0   0   0   0   0   0   0   0   0   0   0   0   0   0   0  14  14  71   0   0     0    0    0   0.796     26  0.00
   55   55     0   0   0   0   0   0   0   0   0   0   0   0   0   0 100   0   0   0   0   0     0    0    0   0.000      0  0.00
   56   56     0  57   0  43   0   0   0   0   0   0   0   0   0   0   0   0   0   0   0   0     0    0    0   0.683     22  0.00
   57   57     0   0  29  71   0   0   0   0   0   0   0   0   0   0   0   0   0   0   0   0     0    0    0   0.598     19  0.00
   58   58     0   0   0   0   0   0   0   0   0   0   0   0   0   0  43  14   0  29   0  14     0    0    0   1.277     42  0.00
   59   59    14   0   0   0  14  29  43   0   0   0   0   0   0   0   0   0   0   0   0   0     0    0    0   1.277     42  0.00
   60   60     0   0   0   0   0   0   0   0   0   0   0   0 100   0   0   0   0   0   0   0     0    0    0   0.000      0  0.00
   61   61     0   0   0  43   0   0   0   0   0   0   0   0   0  43  14   0   0   0   0   0     0    0    0   1.004     33  0.00
   62   62     0   0   0   0   0   0   0  14   0   0  14  14   0   0   0   0   0   0  14  43     0    0    0   1.475     49  0.00
   63   63     0   0   0   0  14   0  86   0   0   0   0   0   0   0   0   0   0   0   0   0     0    0    0   0.410     13  0.00
   64   64    29  14   0   0   0   0   0   0  43   0   0  14   0   0   0   0   0   0   0   0     0    0    0   1.277     42  0.00
   65   65     0   0  14   0   0   0   0   0  14   0   0   0   0   0  43   0   0  29   0   0     0    0    0   1.277     42  0.00
   66   66    14  14   0   0  14  14  43   0   0   0   0   0   0   0   0   0   0   0   0   0     0    0    0   1.475     49  0.00
   67   67     0   0   0   0   0   0   0   0   0   0 100   0   0   0   0   0   0   0   0   0     0    0    0   0.000      0  0.00
   68   68     0   0   0   0   0   0   0   0   0   0   0   0   0   0   0  86  14   0   0   0     0    0    0   0.410     13  0.00
   69   69     0   0   0   0   0   0   0   0   0   0   0   0   0   0  14  86   0   0   0   0     0    0    0   0.410     13  0.00
   70   70     0  14  86   0   0   0   0   0   0   0   0   0   0   0   0   0   0   0   0   0     0    0    0   0.410     13  0.00
   71   71     0  43  57   0   0   0   0   0   0   0   0   0   0   0   0   0   0   0   0   0     0    0    0   0.683     22  0.00
   72   72     0  43   0  14   0   0   0   0   0   0   0   0   0   0   0   0  43   0   0   0     0    0    0   1.004     33  0.00
   73   73     0  86   0  14   0   0   0   0   0   0   0   0   0   0   0   0   0   0   0   0     0    0    0   0.410     13  0.00
   74   74     0   0   0   0   0   0   0  43   0   0   0   0   0   0   0  57   0   0   0   0     0    0    0   0.683     22  0.00
   75   75     0   0   0   0   0   0  14  43   0   0   0   0   0  43   0   0   0   0   0   0     0    0    0   1.004     33  0.00
   76   76     0  43   0   0   0   0   0   0   0   0   0   0   0   0  14   0   0   0  43   0     0    0    0   1.004     33  0.00
   77   77     0   0   0   0   0   0   0   0   0  57   0   0   0   0   0  43   0   0   0   0     0    0    0   0.683     22  0.00
   78   78    43  57   0   0   0   0   0   0   0   0   0   0   0   0   0   0   0   0   0   0     0    0    0   0.683     22  0.00
   79   79     0   0   0   0   0   0   0   0   0   0   0   0   0   0   0   0   0   0 100   0     0    0    0   0.000      0  0.00
   80   80     0   0   0   0   0   0   0   0   0   0   0   0   0   0   0  86   0  14   0   0     0    0    0   0.410     13  0.00
   81   81     0   0   0   0   0   0   0   0  14   0   0   0   0   0   0  86   0   0   0   0     0    0    0   0.410     13  0.00
   82   82     0   0   0   0   0   0  14   0   0   0   0  43   0   0   0   0   0   0  43   0     0    0    0   1.004     33  0.00
   83   83     0  43   0   0  57   0   0   0   0   0   0   0   0   0   0   0   0   0   0   0     0    0    0   0.683     22  0.00
   84   84     0   0   0   0   0   0   0   0  29   0   0  57   0   0   0  14   0   0   0   0     0    0    0   0.956     31  0.00
   85   85     0   0   0   0   0   0   0   0   0   0   0   0   0   0  43  57   0   0   0   0     0    0    0   0.683     22  0.00
   86   86    14   0   0  86   0   0   0   0   0   0   0   0   0   0   0   0   0   0   0   0     0    0    0   0.410     13  0.00
   87   87     0   0   0   0   0   0   0 100   0   0   0   0   0   0   0   0   0   0   0   0     0    0    0   0.000      0  0.00
   88   88     0   0   0   0   0   0   0   0   0   0   0   0   0   0 100   0   0   0   0   0     0    0    0   0.000      0  0.00
   89   89     0   0  43   0  43   0  14   0   0   0   0   0   0   0   0   0   0   0   0   0     0    0    0   1.004     33  0.00
   90   90    43  29  29   0   0   0   0   0   0   0   0   0   0   0   0   0   0   0   0   0     0    0    0   1.079     36  0.00
   91   91     0   0   0   0   0   0   0  86  14   0   0   0   0   0   0   0   0   0   0   0     0    0    0   0.410     13  0.00
   92   92     0   0   0   0   0  57  43   0   0   0   0   0   0   0   0   0   0   0   0   0     0    0    0   0.683     22  0.00
   93   93     0   0   0   0   0   0   0   0   0   0   0   0   0   0  57  43   0   0   0   0     0    0    0   0.683     22  0.00
   94   94     0   0   0   0   0   0   0   0   0   0  14   0   0   0   0   0   0   0  86   0     0    0    0   0.410     13  0.00
   95   95     0   0   0   0   0   0  57   0   0   0   0   0   0   0   0   0  43   0   0   0     0    0    0   0.683     22  0.00
   96   96     0  14   0   0   0  43   0  43   0   0   0   0   0   0   0   0   0   0   0   0     0    0    0   1.004     33  0.00
   97   97    57   0  29   0   0   0   0   0  14   0   0   0   0   0   0   0   0   0   0   0     0    0    0   0.956     31  0.00
   98   98    29  29  43   0   0   0   0   0   0   0   0   0   0   0   0   0   0   0   0   0     0    0    0   1.079     36  0.00
   99   99     0   0   0   0  14   0   0   0   0   0   0   0   0   0  57  29   0   0   0   0     0    0    0   0.956     31  0.00
  100  100     0   0   0   0   0   0   0   0   0   0   0   0   0   0  43   0  14  43   0   0     0    0    0   1.004     33  0.00
  101  101     0  50   0  17   0   0   0   0   0   0   0   0   0   0  33   0   0   0   0   0     0    0    0   1.011     33  0.00
  102  102     0   0   0   0   0  17  50   0   0   0   0   0   0   0   0   0  33   0   0   0     0    0    0   1.011     33  0.00
  103  103     0   0  17   0   0  33   0   0  50   0   0   0   0   0   0   0   0   0   0   0     0    0    0   1.011     33  0.00
  104  104     0   0   0   0   0   0   0  17   0   0   0   0   0  17   0   0   0  17   0  50     0    0    0   1.242     41  0.00
  105  105    67   0   0  33   0   0   0   0   0   0   0   0   0   0   0   0   0   0   0   0     0    0    0   0.637     21  0.00
  106  106    33  17   0   0  50   0   0   0   0   0   0   0   0   0   0   0   0   0   0   0     0    0    0   1.011     33  0.00
  107  107     0   0   0   0   0   0   0   0   0   0   0   0   0   0  83  17   0   0   0   0     0    0    0   0.451     15  0.00
  108  108    40   0   0   0   0   0   0   0   0   0   0   0   0   0   0   0   0   0   0  60     0    0    0   0.673     22  0.00
  109  109    60   0   0  40   0   0   0   0   0   0   0   0   0   0   0   0   0   0   0   0     0    0    0   0.673     22  0.00
  110  110     0   0   0   0   0   0   0   0   0   0   0   0   0   0  33  17  50   0   0   0     0    0    0   1.011     33  0.00
  111  111     0   0   0   0   0   0   0  50   0   0   0   0   0   0  33   0   0   0  17   0     0    0    0   1.011     33  0.00
  112  112     0  17   0   0  50   0  33   0   0   0   0   0   0   0   0   0   0   0   0   0     0    0    0   1.011     33  0.00
  113  113     0   0   0   0   0   0   0   0   0   0   0   0   0   0  75  25   0   0   0   0     0    0    0   0.562     18  0.00
  114  114     0   0   0   0   0   0   0  75   0   0   0   0   0   0  25   0   0   0   0   0     0    0    0   0.562     18  0.00
  115  115     0   0   0   0   0   0   0   0   0  75  25   0   0   0   0   0   0   0   0   0     0    0    0   0.562     18  0.00
  116  116     0   0   0   0   0   0   0   0   0   0   0   0   0   0   0  83   0  17   0   0     0    0    0   0.451     15  0.00
  117  117     0   0  17  50   0   0   0   0  17   0  17   0   0   0   0   0   0   0   0   0     0    0    0   1.242     41  0.00
  118  118     0   0   0   0   0   0   0   0   0   0  17  83   0   0   0   0   0   0   0   0     0    0    0   0.451     15  0.00
  119  119     0   0   0   0   0   0   0   0  83   0   0   0   0   0   0  17   0   0   0   0     0    0    0   0.451     15  0.00
  120  120     0   0  33   0   0   0   0   0  50  17   0   0   0   0   0   0   0   0   0   0     0    0    0   1.011     33  0.00
  121  121     0   0   0  67   0   0   0   0  33   0   0   0   0   0   0   0   0   0   0   0     0    0    0   0.637     21  0.00
  122  122     0   0   0   0   0   0   0   0   0   0   0   0   0   0  50  33  17   0   0   0     0    0    0   1.011     33  0.00
  123  123     0   0   0   0   0   0   0   0   0   0   0   0   0   0   0 100   0   0   0   0     0    0    0   0.000      0  0.00
  124  124     0  17  33   0   0   0  50   0   0   0   0   0   0   0   0   0   0   0   0   0     0    0    0   1.011     33  0.00
  125  125    33  17   0   0   0   0   0   0   0   0  50   0   0   0   0   0   0   0   0   0     0    0    0   1.011     33  0.00
  126  126     0   0   0   0   0   0   0   0  33   0  50   0   0   0   0   0   0   0   0  17     0    0    0   1.011     33  0.00
  127  127     0   0   0  33   0   0   0   0   0   0   0  17   0   0   0  50   0   0   0   0     0    0    0   1.011     33  0.00
  128  128     0   0   0   0   0   0   0   0   0   0   0   0   0   0   0  50   0   0   0  50     0    0    0   0.693     23  0.00
  129  129    33   0   0   0   0   0   0   0   0  50   0   0   0   0   0   0   0   0   0  17     0    0    0   1.011     33  0.00
  130  130     0   0   0   0   0   0   0  67  33   0   0   0   0   0   0   0   0   0   0   0     0    0    0   0.637     21  0.00
  131  131     0   0   0   0   0   0   0   0   0   0   0  50   0   0   0   0   0  17   0  33     0    0    0   1.011     33  0.00
  132  132     0  50   0   0  50   0   0   0   0   0   0   0   0   0   0   0   0   0   0   0     0    0    0   0.693     23  0.00
  133  133     0   0   0   0   0   0   0   0   0 100   0   0   0   0   0   0   0   0   0   0     0    0    0   0.000      0  0.00
  134  134     0   0   0   0   0   0   0   0   0   0   0   0 100   0   0   0   0   0   0   0     0    0    0   0.000      0  0.00
  135  135     0   0   0   0   0   0   0   0   0   0   0   0   0   0   0 100   0   0   0   0     0    0    0   0.000      0  0.00
  136  136     0   0   0   0   0   0   0   0   0   0   0   0   0   0   0   0   0   0 100   0     0    0    0   0.000      0  0.00
  137  137     0   0   0   0   0   0   0   0   0   0   0   0   0   0   0   0   0 100   0   0     0    0    0   0.000      0  0.00
//
