ID Pseudo hssp file.
SEQ 
SEQ gi|6324090|ref|NP_014160.1| Aminopeptidase of cysteine protease ...   882  0.0
SEQ gi|5915794|sp|Q01532|BLH1_YEAST CYSTEINE PROTEINASE 1 (Y3) (BLEO...   882  0.0
SEQ gi|3429|emb|CAA48878.1| (X69124) bleomycin hydrolase [Saccharomy...   881  0.0
SEQ gi|3891663|pdb|3GCB|    Gal6 (Yeast Bleomycin Hydrolase) Mutant ...   877  0.0
SEQ gi|3891714|pdb|1A6R|    Gal6 (Yeast Bleomycin Hydrolase) Mutant ...   877  0.0
SEQ gi|7290931|gb|AAF46371.1| (AE003444) CG1440 gene product [Drosop...   299  5e-80
SEQ gi|2499877|sp|P70645|BLMH_RAT BLEOMYCIN HYDROLASE (BLM HYDROLASE...   299  7e-80
SEQ gi|4557367|ref|NP_000377.1| bleomycin hydrolase [Homo sapiens] >...   299  8e-80
SEQ gi|7245509|pdb|1CB5|A Chain A, Human Bleomycin Hydrolase. >gi|75...   297  3e-79
SEQ gi|7245474|pdb|2CB5|A Chain A, Human Bleomycin Hydrolase, C73sDE...   293  4e-78
SEQ gi|13622721|gb|AAK34417.1| (AE006596) putative cysteine aminopep...   289  4e-77
SEQ gi|3023393|sp|P87362|BLMH_CHICK BLEOMYCIN HYDROLASE (BLM HYDROLA...   282  5e-75
SEQ gi|3024365|sp|Q56115|PEPC_STRTR AMINOPEPTIDASE C (BLEOMYCIN HYDR...   277  2e-73
SEQ gi|3024364|sp|Q48543|PEPC_LACDL AMINOPEPTIDASE C (BLEOMYCIN HYDR...   273  3e-72
SEQ gi|7447750|pir||G71364 probable aminopeptidase C (pepC) - syphil...   273  3e-72
SEQ gi|3169684|gb|AAC17920.1| (AF067409) aminopeptidase C [Listeria ...   263  4e-69
SEQ gi|12724911|gb|AAK05976.1|AE006417_8 (AE006417) aminopeptidase C...   261  2e-68
SEQ gi|730295|sp|Q04723|PEPC_LACLC AMINOPEPTIDASE C (BLEOMYCIN HYDRO...   260  3e-68
SEQ gi|2499881|sp|Q10744|PEPC_LACHE AMINOPEPTIDASE C (BLEOMYCIN HYDR...   257  2e-67
SEQ gi|438684|gb|AAA25250.1| (L26223) aminopeptidase C [Lactobacillu...   247  3e-64
SEQ gi|13654034|ref|XP_008670.2| bleomycin hydrolase [Homo sapiens]       237  3e-61
SEQ gi|3024380|sp|P94869|PEPG_LACDL AMINOPEPTIDASE G >gi|1771145|emb...   231  1e-59
SEQ gi|3024381|sp|P94870|PEPE_LACHE AMINOPEPTIDASE E >gi|1679739|gb|...   226  6e-58
SEQ gi|3024379|sp|P94868|PEPW_LACDL AMINOPEPTIDASE W >gi|1771144|emb...   198  2e-49
SEQ gi|109163|pir||A32972 bleomycin hydrolase (EC 3.4.11.-) hepatic ...   192  7e-48
SEQ gi|115055|sp|P13019|BLMH_RABIT BLEOMYCIN HYDROLASE (BLM HYDROLAS...   192  1e-47
SEQ gi|4704706|gb|AAD28219.1|AF121254_1 (AF121254) cysteine aminopep...   138  1e-31
SEQ gi|7302374|gb|AAF57463.1| (AE003791) CG13423 gene product [Droso...   119  1e-25
SEQ gi|3860002|gb|AAC72951.1| (AF091082) unknown [Homo sapiens]           111  2e-23
SEQ gi|1658177|gb|AAB18260.1| (U74299) bleomycin hydrolase [Saccharo...    56  2e-06
SEQ gi|234311|gb|AAB19609.1| lipid-binding protein [Saccharomyces ce...    46  9e-04
SEQ 
## SEQUENCE PROFILE AND ENTROPY
 SeqNo PDBNo   V   L   I   M   F   W   Y   G   A   P   S   T   C   H   R   K   Q   E   N   D  NOCC NDEL NINS ENTROPY RELENT WEIGHT
    1    1     0   0   0   0   0   0   0   0  14   0  71   7   0   0   0   0   0   0   7   0     0    0    0   0.895     29  0.00
    2    2     0   0   0   0   0   0   0   0   7   0  86   0   0   7   0   0   0   0   0   0     0    0    0   0.509     16  0.00
    3    3     7   0   0   0   0   0   0  36   0   0  50   0   0   0   0   0   0   7   0   0     0    0    0   1.091     36  0.00
    4    4     0  47  53   0   0   0   0   0   0   0   0   0   0   0   0   0   0   0   0   0     0    0    0   0.691     23  0.00
    5    5     0   0   0   0   0   0   0   0   0   0   0  20   0   0   0   0   0   0  33  47     0    0    0   1.044     34  0.00
    6    6     7   7  47   0   0   0   0   0   0   0  33   0   0   0   0   0   0   0   7   0     0    0    0   1.263     42  0.00
    7    7     0   0   0   0   0   0   0   0   0   0  47   0   0   0   0   0  20  33   0   0     0    0    0   1.044     34  0.00
    8    8     0   7   0   0   0   0   0   0   0   0   0   0   0   0   0  80   0  13   0   0     0    0    0   0.628     20  0.00
    9    9    29  29  41   0   0   0   0   0   0   0   0   0   0   0   0   0   0   0   0   0     0    0    0   1.085     36  0.00
   10   10     0   0   0   0   0   0   0   0  35   0   0   0   0   0   0   0   0  18  41   6     0    0    0   1.206     40  0.00
   11   11     0   0   0   0   0   0   0   0  29   0  47   6   0   0   0  12   0   6   0   0     0    0    0   1.300     43  0.00
   12   12     0  28   0   0  28  44   0   0   0   0   0   0   0   0   0   0   0   0   0   0     0    0    0   1.072     35  0.00
   13   13     0   0  28   0   0   0   0   0   6   0  17   0   0   0   6   0   0   0  44   0     0    0    0   1.336     44  0.00
   14   14     0   0   0   0   0   0   0   0  11   0   0   0   0   6   6  50  28   0   0   0     0    0    0   1.268     42  0.00
   15   15     0   0   0   0   0   0   0   0   0   0   0   0   0   0   0  28   6  44  11  11     0    0    0   1.365     45  0.00
   16   16     6  28   0   0  67   0   0   0   0   0   0   0   0   0   0   0   0   0   0   0     0    0    0   0.787     26  0.00
   17   17     0   0   0   0   0   0   6   0   6   0   0   0   0   0   0   0  44   0  44   0     0    0    0   1.042     34  0.00
   18   18     0   0   0   0   0   0   0   0  22   0  72   0   0   0   0   6   0   0   0   0     0    0    0   0.730     24  0.00
   19   19     0   0   0   0   0   0   0   0   0   0   0   0   0   0   0   0   0   6  11  83     0    0    0   0.557     18  0.00
   20   20     0  39   6   0   0   0   0   0   0  56   0   0   0   0   0   0   0   0   0   0     0    0    0   0.854     28  0.00
   21   21     0   0   6   0   0   0   0   0   0   0   0  39   0   0   0  28  28   0   0   0     0    0    0   1.239     41  0.00
   22   22     0   0   0   0  28   0   0   0   0   0   0   0   0  44   0   0   6   0  22   0     0    0    0   1.211     40  0.00
   23   23    28   6   0   0   0   0   0   0   0   0   0   0   0   0   0  11  56   0   0   0     0    0    0   1.087     36  0.00
   24   24    15  80   0   0   0   0   0   0   5   0   0   0   0   0   0   0   0   0   0   0     0    0    0   0.613     20  0.00
   25   25    10   0  10   0   0   0   0   0  75   0   0   0   0   0   0   0   5   0   0   0     0    0    0   0.826     27  0.00
   26   26     0   0   0   0   0   0   0   0  15   0   5  35   0   0   5   0  40   0   0   0     0    0    0   1.318     43  0.00
   27   27     0   0   0   0   0   0   0   5   5   0   0  35   0   0  15   0   0   0  40   0     0    0    0   1.318     43  0.00
   28   28    80   0   0   0   0   0   0   0  20   0   0   0   0   0   0   0   0   0   0   0     0    0    0   0.500     16  0.00
   29   29    11  32   0   0   0   0   0  37  16   0   0   0   5   0   0   0   0   0   0   0     0    0    0   1.415     47  0.00
   30   30     0   0   0   0   0   0   0   0  11   0   5  37   0   0   5  37   5   0   0   0     0    0    0   1.438     47  0.00
   31   31     0   0   0   0   0   0   0   0   0   0   0  28   0  11  28   0   0   0  33   0     0    0    0   1.322     44  0.00
   32   32    11   0   0   0   0   0  33   0   0   0  17   0   0  39   0   0   0   0   0   0     0    0    0   1.276     42  0.00
   33   33     0   0   0   0   0   0   0  21   0   0   0   0   0   0   0   0   0   0  37  42     0    0    0   1.060     35  0.00
   34   34    11  47   0   0   0   0   0   5  32   5   0   0   0   0   0   0   0   0   0   0     0    0    0   1.265     42  0.00
   35   35     0  53   5   0   5   0   0   0   0   0   0   0   0   0   0   0   0   5   0  32     0    0    0   1.167     38  0.00
   36   36     0   0   0   0   0   0   0   0   0   0   0   5   0   0   0   0   0  21   0  74     0    0    0   0.708     23  0.00
   37   37     5   0  37   0   0   0   0   0  58   0   0   0   0   0   0   0   0   0   0   0     0    0    0   0.839     28  0.00
   38   38     0  32   0   0   0   0   0   0  11   0  16   0  42   0   0   0   0   0   0   0     0    0    0   1.257     41  0.00
   39   39     0  79   0   0   0   0  16   0   5   0   0   0   0   0   0   0   0   0   0   0     0    0    0   0.633     21  0.00
   40   40     0   0   0   0   0   0   0   0   0   0   5   0   0   0  11  26   0   5  53   0     0    0    0   1.236     41  0.00
   41   41     0   0   0   0   0   0   0   0   0   5   0   0   0   0  40  30   0  15   5   5     0    0    0   1.462     48  0.00
   42   42     5   0   0   0   0   0   0   0  42   0   0  47   0   0   0   5   0   0   0   0     0    0    0   1.028     34  0.00
   43   43     5   0   0   0   0   0   0   0   5   0   5  33   0   0  48   0   0   5   0   0     0    0    0   1.299     43  0.00
   44   44    48  33   0   0   0   0   0   0   5   0   5   0   0   0   0   0  10   0   0   0     0    0    0   1.233     41  0.00
   45   45     0   0   0   0   0   0   0   0  10   0  10   0   0   5   0   0  71   5   0   0     0    0    0   0.978     32  0.00
   46   46     5   0   0   0   0   0   0  19   0   0   5   5   0   0  29  29   0  10   0   0     0    0    0   1.691     56  0.00
   47   47    10   5   0   0   0   0   0   0  33   0   0   5   0   0   5   0  33  10   0   0     0    0    0   1.615     53  0.00
   48   48     0  11   0   0   0   0   0   0   0   0   0   0   0   5   0   0  37   5   5  37     0    0    0   1.438     47  0.00
   49   49     0   0   0   0   0   0   0   0   0   0   0  19   0  33   0   0   0   0  48   0     0    0    0   1.035     34  0.00
   50   50     0   0   0   0   0   0   0   0   0   7   0   0   0  13  60   0   7   0   0  13     0    0    0   1.205     40  0.00
   51   51    91   0   4   0   0   0   0   0   0   0   0   4   0   0   0   0   0   0   0   0     0    0    0   0.356     11  0.00
   52   52     0   0   0   0 100   0   0   0   0   0   0   0   0   0   0   0   0   0   0   0     0    0    0   0.000      0  0.00
   53   53     0   0   0   0   0   0   0   0   0   0  35   0   0   0   0   0  35   0  30   0     0    0    0   1.097     36  0.00
   54   54     0   0  17   0   0   0   4   0   0   0   0  39   0  39   0   0   0   0   0   0     0    0    0   1.175     39  0.00
   55   55    41   0   0   0   0   0   0   0  23   0   0   0   0   0   0   5   0  18   0  14     0    0    0   1.425     47  0.00
   56   56    68  24   8   0   0   0   0   0   0   0   0   0   0   0   0   0   0   0   0   0     0    0    0   0.807     26  0.00
   57   57     0   0   0   0   0   0   0   0  12  31  23   8   0   0   0   0   0  19   0   8     0    0    0   1.662     55  0.00
   58   58     0   0  12   0   0   0   0   0   4   0   0  50   0   0   0   8  27   0   0   0     0    0    0   1.272     42  0.00
   59   59     0   0   0   0   0   0   0   4   0   0   0   0   0   0   0   4   0  35   0  58     0    0    0   0.935     31  0.00
   60   60     0   0   0   0   0   0   0  35   0   0  23  12   0   0   4  12   0   4  12   0     0    0    0   1.704     56  0.00
   61   61     0   0   0   0   0   0   0  21   0   0   0  32   0   0   0  47   0   0   0   0     0    0    0   1.046     34  0.00
   62   62     0   0   0   0   0   0   0   0   0  81   5   0   0   0   0  10   0   5   0   0     0    0    0   0.685     22  0.00
   63   63    75   0  14   4   0   0   0   0   0   7   0   0   0   0   0   0   0   0   0   0     0    0    0   0.801     26  0.00
   64   64     0   0   0   0   0   0   0   0  11   0  11  79   0   0   0   0   0   0   0   0     0    0    0   0.668     22  0.00
   65   65     0   0   0   0   0   0   0   0   0   0   0   0   0   0   0   0   0   0  96   4     0    0    0   0.154      5  0.00
   66   66     0   0   0   0   0   0   0   0   0   0   0   0   0   0   0   0 100   0   0   0     0    0    0   0.000      0  0.00
   67   67     0   0   0   4   0   0   0   0   0   0   0   0   0   0   4  86   7   0   0   0     0    0    0   0.559     18  0.00
   68   68     0   0   0   4   0   0   0   0   7   0  50   0   0   4   0   0  32   0   4   0     0    0    0   1.257     41  0.00
   69   69     0   0   0   0   0   0   0   0   0   0 100   0   0   0   0   0   0   0   0   0     0    0    0   0.000      0  0.00
   70   70     0   0   0   0   0   0   0 100   0   0   0   0   0   0   0   0   0   0   0   0     0    0    0   0.000      0  0.00
   71   71     0   0   0   0   0   0   0   0   0   0   0   0   0   0 100   0   0   0   0   0     0    0    0   0.000      0  0.00
   72   72     0   0   0   0   0   0   0   0   7   0   4   0  89   0   0   0   0   0   0   0     0    0    0   0.409     13  0.00
   73   73     0   0   0   0   0 100   0   0   0   0   0   0   0   0   0   0   0   0   0   0     0    0    0   0.000      0  0.00
   74   74     0  36  32  32   0   0   0   0   0   0   0   0   0   0   0   0   0   0   0   0     0    0    0   1.097     36  0.00
   75   75     0   0   0   0 100   0   0   0   0   0   0   0   0   0   0   0   0   0   0   0     0    0    0   0.000      0  0.00
   76   76     0   0   0   0   0   0   0   0  54   0  46   0   0   0   0   0   0   0   0   0     0    0    0   0.691     23  0.00
   77   77     0   0   0   0   0   0   0   0  61   0   0  11  29   0   0   0   0   0   0   0     0    0    0   0.900     30  0.00
   78   78     0  79   0   0   0   0   0   0   0   0   0  21   0   0   0   0   0   0   0   0     0    0    0   0.520     17  0.00
   79   79     0   0   0   0   0   0   0   0   0   0   0   0   0   0   0   0   0   0 100   0     0    0    0   0.000      0  0.00
   80   80    36   0   0   0   0   0   0   0   7   0   0  32   4   0   0   0  21   0   0   0     0    0    0   1.370     45  0.00
   81   81     4  29   4  39  21   0   0   0   4   0   0   0   0   0   0   0   0   0   0   0     0    0    0   1.412     47  0.00
   82   82     0   0   0   0   0   0   0   0   0   0   0   0   0   0 100   0   0   0   0   0     0    0    0   0.000      0  0.00
   83   83     4  54   0   0   0   0   0   0   0   0   0   0   0  43   0   0   0   0   0   0     0    0    0   0.817     27  0.00
   84   84     0   0   0   0   0   0   0   0   0  39   4   0   0   0   0  21   0   4  29   4     0    0    0   1.412     47  0.00
   85   85    21  18   4   4  50   0   0   0   0   0   0   4   0   0   0   0   0   0   0   0     0    0    0   1.341     44  0.00
   86   86     0  25  14  36   0   0   0  11   0   0   0   0   0   0   0   0  11   0   4   0     0    0    0   1.590     53  0.00
   87   87     0   0   0   0   0   0   0   4   4   0  25   4   0   0   0  54   0   0  11   0     0    0    0   1.277     42  0.00
   88   88     0   0   0   0   0   0   0   0   4   0   0   4   0   0   0  46   4  36   4   4     0    0    0   1.319     44  0.00
   89   89     0  50   0   0  32   0  11   0   0   0   0   0   0   4   0   0   0   0   4   0     0    0    0   1.189     39  0.00
   90   90     0   0   0   0   0   0   0   4   0   0   0   0   0   4   0  36   0   0  54   4     0    0    0   1.059     35  0.00
   91   91     0  50  32   0   0   0   0   0  11   0   0   7   0   0   0   0   0   0   0   0     0    0    0   1.139     38  0.00
   92   92     0   0   0   0   0   0   0   0   0   0   0   0   0   0   0  43   7  46   0   4     0    0    0   1.027     34  0.00
   93   93     0   0   0   0   0   0   0   3   0   0   3   3   0   0   0   0   0  55  10  24     0    0    0   1.254     41  0.00
   94   94     3   0   0   0  97   0   0   0   0   0   0   0   0   0   0   0   0   0   0   0     0    0    0   0.150      5  0.00
   95   95     0   0   0   0   0   0   0   0   0   0   0  10   0   0   0   0   0  90   0   0     0    0    0   0.333     11  0.00
   96   96     0  52   0   0  48   0   0   0   0   0   0   0   0   0   0   0   0   0   0   0     0    0    0   0.693     23  0.00
   97   97     0   0   0   0   0   0   0   0   0   0 100   0   0   0   0   0   0   0   0   0     0    0    0   0.000      0  0.00
   98   98     0   0   0   0   0   0   0   0   3   0   0   0   0   0   0   0  97   0   0   0     0    0    0   0.150      5  0.00
   99   99     0   0   0   0   0   0   0   0  45   0  38   0   0   0   0   0   0   0  17   0     0    0    0   1.030     34  0.00
  100  100     0   0   0   0   3   0  86   0   0   0   0   0   0  10   0   0   0   0   0   0     0    0    0   0.479     15  0.00
  101  101     7  52   0   0   0   0   0   0   0   0   0  31   0   0   0   0   0   0  10   0     0    0    0   1.123     37  0.00
  102  102     0   0   0   0  90   0   0   0   0   0   0   0   0   0   0   0   0   0  10   0     0    0    0   0.333     11  0.00
  103  103     0   0   0   0  97   0   3   0   0   0   0   0   0   0   0   0   0   0   0   0     0    0    0   0.150      5  0.00
  104  104     0   0   0   0   0  79  21   0   0   0   0   0   0   0   0   0   0   0   0   0     0    0    0   0.510     17  0.00
  105  105     0   0   0   0   0   0   0   0   0   0   0   0   0   3   0   0   0   0   0  97     0    0    0   0.150      5  0.00
  106  106     0   0   0   0   0   0   0   0   0   0   0   0   0   0   0 100   0   0   0   0     0    0    0   0.000      0  0.00
  107  107    28  34  10   0  10   0  17   0   0   0   0   0   0   0   0   0   0   0   0   0     0    0    0   1.495     49  0.00
  108  108     0   0   0   0   0   0   0   0   0   0   0   0   0   0   0   0   0 100   0   0     0    0    0   0.000      0  0.00
  109  109     0   0   0   0   0   0   0   0   0   0   0   0   0   0  45  55   0   0   0   0     0    0    0   0.688     22  0.00
  110  110     0   0   0   0   0   0   0   0  45   0  21   0  34   0   0   0   0   0   0   0     0    0    0   1.053     35  0.00
  111  111     0   0   0   0   0   0  28   0   0   0   0   0   0   0   0   0   0   0  72   0     0    0    0   0.589     19  0.00
  112  112     0   3   0   3  31  21  41   0   0   0   0   0   0   0   0   0   0   0   0   0     0    0    0   1.286     42  0.00
  113  113     0   0   0   0 100   0   0   0   0   0   0   0   0   0   0   0   0   0   0   0     0    0    0   0.000      0  0.00
  114  114     0  66   0  10  10   0  14   0   0   0   0   0   0   0   0   0   0   0   0   0     0    0    0   1.020     34  0.00
  115  115     0   0   0   0   0   3   0   0   0   0  14   0   0   0   0   0   0  38  21  24     0    0    0   1.426     47  0.00
  116  116     0   0   0   0   0   0   0   0  28   0   0   3   0   0   7   3  34   0  24   0     0    0    0   1.482     49  0.00
  117  117    24   0  48   0  28   0   0   0   0   0   0   0   0   0   0   0   0   0   0   0     0    0    0   1.050     35  0.00
  118  118    52   7  38   0   0   0   0   0   3   0   0   0   0   0   0   0   0   0   0   0     0    0    0   1.009     33  0.00
  119  119     0   0   0   0   0   0   0   4  22   0  22   0   0   0   0   4   0  15   0  33     0    0    0   1.562     52  0.00
  120  120     0   0   0   4   0   0   0   0   0   0  30  67   0   0   0   0   0   0   0   0     0    0    0   0.753     25  0.00
  121  121     0   3   0   0   0   0   0  10  83   0   0   0   0   0   3   0   0   0   0   0     0    0    0   0.624     20  0.00
  122  122     0   0   0   0   0   0   0   0   0   0   3   0   3   0   0   3  31   0   0  59     0    0    0   1.025     34  0.00
  123  123     3   0   3   3   0   0   0   0   0   0   0   0   0   0   3  28  28  31   0   0     0    0    0   1.538     51  0.00
  124  124     0   0   0   0   0   0   0   0   7  34   0   0   0   0   0  17   0  10   0  31     0    0    0   1.452     48  0.00
  125  125     3  31  31   7   0   0   0   0   0   0   0   0   0   0   0   0   0  28   0   0     0    0    0   1.382     46  0.00
  126  126     0   0   0   0   0   0   0  14   0   0   0  10   0   0   0   0   0   0   0  76     0    0    0   0.718     23  0.00
  127  127     0   0   0   0   0   0   0  34   0   0  41   0   0   0   0   0   0   0   0  24     0    0    0   1.075     35  0.00
  128  128     0   0   0   0   0   0   0   0   0   0   0   0   0   0 100   0   0   0   0   0     0    0    0   0.000      0  0.00
  129  129     0  59   0   0   0   0   0   0   0   0   0   3   3   0   7  21   3   3   0   0     0    0    0   1.288     42  0.00
  130  130    86   7   0   3   3   0   0   0   0   0   0   0   0   0   0   0   0   0   0   0     0    0    0   0.545     18  0.00
  131  131     0   0   0   0   0   0   0   0   7   0  17   0   0   0  10  17  48   0   0   0     0    0    0   1.377     45  0.00
  132  132     0   0   0   0  48   3  31   3   0   0   3   3   0   3   0   0   0   0   3   0     0    0    0   1.411     47  0.00
  133  133     0  90   0   0   0   0   7   0   0   0   0   0   0   0   0   0   0   0   0   3     0    0    0   0.398     13  0.00
  134  134     0  79   3   0  17   0   0   0   0   0   0   0   0   0   0   0   0   0   0   0     0    0    0   0.603     20  0.00
  135  135     0   3   0  24   0   0   0   0  38   0   0   3   0   0   0   3   7   0   0  21     0    0    0   1.570     52  0.00
  136  136     3   0   0   0   7   3   0   0  21   0   0  28   0   0   0   0   0   0  34   3     0    0    0   1.581     52  0.00
  137  137     0   0   0   0   0   0   0   0   7  90   0   0   3   0   0   0   0   0   0   0     0    0    0   0.398     13  0.00
  138  138     7   0   0   0   0   0   0   7  14   0   0  38   0   0   0   0  34   0   0   0     0    0    0   1.377     45  0.00
  139  139     0   0   0   0   0   0   0   0   0   3   7   7   0   3   0   0  31  21  28   0     0    0    0   1.645     54  0.00
  140  140     0   0   0   0   0   0   0   0   0   0   0   0   0   0   0   0   0   0   0 100     0    0    0   0.000      0  0.00
  141  141     0   0   0   0   0   0   0 100   0   0   0   0   0   0   0   0   0   0   0   0     0    0    0   0.000      0  0.00
  142  142     0   0   0   0   0   0   0 100   0   0   0   0   0   0   0   0   0   0   0   0     0    0    0   0.000      0  0.00
  143  143     0   0   0   0   0   0   0   0   0   0   0   0   0   0   0   0  97   0   3   0     0    0    0   0.150      5  0.00
  144  144     0   0   0   0   3  76  21   0   0   0   0   0   0   0   0   0   0   0   0   0     0    0    0   0.652     21  0.00
  145  145     0   0   0   0   0   0   0   0   0   0  21   0   0   7   0   0   7   0   0  66     0    0    0   0.972     32  0.00
  146  146     0   0   0 100   0   0   0   0   0   0   0   0   0   0   0   0   0   0   0   0     0    0    0   0.000      0  0.00
  147  147     7  45   3   7  28   0   0   0  10   0   0   0   0   0   0   0   0   0   0   0     0    0    0   1.435     47  0.00
  148  148    55  21   3   0   0   0   0   0   7   0   3   0  10   0   0   0   0   0   0   0     0    0    0   1.305     43  0.00
  149  149     0   0   0   0   0   0   0  14  10   0  21   0   0   0   0   0   0   0  55   0     0    0    0   1.162     38  0.00
  150  150     0  55  45   0   0   0   0   0   0   0   0   0   0   0   0   0   0   0   0   0     0    0    0   0.688     22  0.00
  151  151    52   3  28   0  17   0   0   0   0   0   0   0   0   0   0   0   0   0   0   0     0    0    0   1.115     37  0.00
  152  152     0   0   0   0   0   0   0   0   3   0   0   3   0   0   0  28   3  59   0   3     0    0    0   1.133     37  0.00
  153  153     0   0   0   0   0   0   0   0   0   0   0   0   0   0   0 100   0   0   0   0     0    0    0   0.000      0  0.00
  154  154     0   0   0   0   0   0  97   0   0   0   0   0   0   3   0   0   0   0   0   0     0    0    0   0.150      5  0.00
  155  155     0   0   0   0   0   0   0 100   0   0   0   0   0   0   0   0   0   0   0   0     0    0    0   0.000      0  0.00
  156  156    55  28  17   0   0   0   0   0   0   0   0   0   0   0   0   0   0   0   0   0     0    0    0   0.986     32  0.00
  157  157    59   0  31  10   0   0   0   0   0   0   0   0   0   0   0   0   0   0   0   0     0    0    0   0.911     30  0.00
  158  158     0   0   0   0   0   0   0   0   0 100   0   0   0   0   0   0   0   0   0   0     0    0    0   0.000      0  0.00
  159  159     0   0   0   0   0   0   0   0   0   0   7   0   0   0   3  90   0   0   0   0     0    0    0   0.398     13  0.00
  160  160     0   0   0   0   0   0  10   0   7   0  21   0   0   0   0  38   0   3   0  21     0    0    0   1.555     51  0.00
  161  161    31  21   0   0   0   0   3   0  10   0   0   0  34   0   0   0   0   0   0   0     0    0    0   1.407     46  0.00
  162  162     0   0   0  21  31   0  48   0   0   0   0   0   0   0   0   0   0   0   0   0     0    0    0   1.041     34  0.00
  163  163     0   0   0   0   0   0   0  21   0  79   0   0   0   0   0   0   0   0   0   0     0    0    0   0.520     17  0.00
  164  164     0   0   0   0   0   0   0   0   0   0   0   0   0   0   0   0   0  79   0  21     0    0    0   0.520     17  0.00
  165  165     0  60   0   0   0   0   0   0   0   0  10  30   0   0   0   0   0   0   0   0     0    0    0   0.898     29  0.00
  166  166     0   3   0   0   0   0   0   0  14  21  52  10   0   0   0   0   0   0   0   0     0    0    0   1.291     43  0.00
  167  167     3   0   3   0  21   0  34   0   0   0   0   0   0  17   0   0   7   0  14   0     0    0    0   1.686     56  0.00
  168  168     0   0   0   0   0   0   0   0  17   0  38  28   0   3   0   0   3   0  10   0     0    0    0   1.493     49  0.00
  169  169     0   0   0   0   0   0   0   0   0   0  28  66   3   0   0   0   0   3   0   0     0    0    0   0.865     28  0.00
  170  170     0   0   0   0   0   0   0   3   0   0  21  21   0   0   0   0   3  31  21   0     0    0    0   1.573     52  0.00
  171  171     0   0   0   0   0   0   0   0  56   0  19   0   0   4   4   4   0   0  11   4     0    0    0   1.371     45  0.00
  172  172     0   0   0   0   0   0   0   0   0   0  69  31   0   0   0   0   0   0   0   0     0    0    0   0.619     20  0.00
  173  173     0   4   0   0   0   0   0   0   4   0   0   7   0   0  78   0   4   0   4   0     0    0    0   0.877     29  0.00
  174  174     3   0   0   0   0   0   0   7  14   0   0   0   0   0  31  24   0  14   0   7     0    0    0   1.738     58  0.00
  175  175     0  41   0  34   3  21   0   0   0   0   0   0   0   0   0   0   0   0   0   0     0    0    0   1.174     39  0.00
  176  176     0   3   0   0   0   0   0   0   7   0   0   0   0   0   0   0   0   0  86   3     0    0    0   0.545     18  0.00
  177  177     0   3   0   3   0   0   0   0   7   0  24   3   0   3   0   0  14   3   3  34     0    0    0   1.865     62  0.00
  178  178     7  24  34   0   0   0  17   0   7   0   0  10   0   0   0   0   0   0   0   0     0    0    0   1.617     53  0.00
  179  179     0 100   0   0   0   0   0   0   0   0   0   0   0   0   0   0   0   0   0   0     0    0    0   0.000      0  0.00
  180  180     0   0   0   0   0   0   0   3   7   0   0  24   0   0   0   7   0   0  59   0     0    0    0   1.141     38  0.00
  181  181     0   0   0   0   0   0   0   0   0   0   7  31   0  28   3  17   0   3   0  10     0    0    0   1.673     55  0.00
  182  182     3  21   0   3   0   0   0   0   0   0   0   0   0   0   7  66   0   0   0   0     0    0    0   1.020     34  0.00
  183  183     0  66   0  28   0   0   0   0   0   0   0   0   0   0   0   0   0   7   0   0     0    0    0   0.817     27  0.00
  184  184     0   0   0   0   0   0   0   0   0   0   0   0   0   0  97   3   0   0   0   0     0    0    0   0.150      5  0.00
  185  185     0   0   0   0   0   0   0   0   0   0   0   3   0   0   0  28  14  55   0   0     0    0    0   1.073     35  0.00
  186  186     0   0   0   0  45   0  10   3   0   0   0   0   0   3   0   0   0   0   0  38     0    0    0   1.194     39  0.00
  187  187     0   0   0   0   0   0   0  10  62   0   0   0  28   0   0   0   0   0   0   0     0    0    0   0.886     29  0.00
  188  188     7  24  24   0   0   0   0   0   0   0   3   0   0   0   3   0  10  28   0   0     0    0    0   1.693     56  0.00
  189  189     7   3  17   3   0   0   0   0   3   0   0  24   0   0  28   0   0  10   3   0     0    0    0   1.885     62  0.00
  190  190     0 100   0   0   0   0   0   0   0   0   0   0   0   0   0   0   0   0   0   0     0    0    0   0.000      0  0.00
  191  191     0   0   0   0   0   0   0   0   0   0   0   0   0   3  97   0   0   0   0   0     0    0    0   0.150      5  0.00
  192  192     3   0   0   0   0   0   7   0   7   0   3  21   0   0  14  10   0   0  28   7     0    0    0   1.975     65  0.00
  193  193     0  42   0  15   0   0   0   0  31   0   0   8   0   0   0   0   4   0   0   0     0    0    0   1.337     44  0.00
  194  194    41  33  11   4   7   0   0   0   0   0   0   0   0   4   0   0   0   0   0   0     0    0    0   1.413     47  0.00
  195  195     4   0   4   0   0   0   0   0  12   0   0   8   0  23   0  27   0  12  12   0     0    0    0   1.887     62  0.00
  196  196     0   0   0   0   0   0   0   0  18   0  25   4   0   4   0   4  11  36   0   0     0    0    0   1.618     54  0.00
  197  197     0   0   0   0   4   0   0  46   0   0   7   0   0   0  21   4  11   4   4   0     0    0    0   1.590     53  0.00
  198  198     3   0   0   0   0   0   0  14  31   3  24   3   0   0   0  14   0   3   3   0     0    0    0   1.833     61  0.00
  199  199     0   0   0   0   0   0   0  10  34   0  10  28   0   0   0   7   0   0   3   7     0    0    0   1.677     55  0.00
  200  200     0   4   0   0   0   0   0   0   4   0   0   7   0   0   0  26   0   7   4  48     0    0    0   1.454     48  0.00
  201  201     0   0   0   0   0   0   0  19   7   0   0   0   0   0   0   4  11  11   0  48     0    0    0   1.467     48  0.00
  202  202     0   0   0   0   0   0   0   7   7   0  26   0   4   0   0   0   4  52   0   0     0    0    0   1.320     44  0.00
  203  203    15   4  58   0   0   0   0   4   4   0   0   0   0   0   4   4   0   4   0   4     0    0    0   1.482     49  0.00
  204  204    10  13  30   0   0   0   0   0   3   0  20   3   3   0   0   3   7   7   0   0     0    0    0   1.997     66  0.00
  205  205    23   0   0   0   0   0   0   0  37   3   3   0   3   3   0   3   7  13   0   3     0    0    0   1.837     61  0.00
  206  206     0   0   0   0   0   0   0   3  17   0   3  50   0   3  10   7   0   3   0   3     0    0    0   1.623     54  0.00
  207  207    10  50   5   5   0   0   0   0  10   0   0   5   0   0   0  15   0   0   0   0     0    0    0   1.541     51  0.00
  208  208     0   0   3   0   0   0   0   0   3   0   0   0   0   0  38  28  24   3   0   0     0    0    0   1.414     47  0.00
  209  209     0   0   0   0   0   0   0   0   3   0   0   3   0   0   0   3   3  60   0  27     0    0    0   1.112     37  0.00
  210  210    13   3   0   0   0   0   0   0   3   0   0  13   0   0   0   7  27  30   0   3     0    0    0   1.772     59  0.00
  211  211     0  13   0  70  13   0   0   0   0   0   0   0   0   0   0   3   0   0   0   0     0    0    0   0.900     30  0.00
  212  212     0  37   7  23   0   0   0   0   3   0   0   0   0   0   0   0  27   3   0   0     0    0    0   1.467     48  0.00
  213  213     0   0   0   0   0   0   0   0   7   4   7   0   0   0  25   0  11  32  11   4     0    0    0   1.805     60  0.00
  214  214     0   0   0   0   3   0   0   0   3   0   3   0   0   3   0   0   3  77   0   7     0    0    0   0.951     31  0.00
  215  215    20   7  73   0   0   0   0   0   0   0   0   0   0   0   0   0   0   0   0   0     0    0    0   0.730     24  0.00
  216  216     0   0   0   0  77   0  20   0   0   0   3   0   0   0   0   0   0   0   0   0     0    0    0   0.639     21  0.00
  217  217     0   0   0   0   0   0   0   0   0   0   3   0   0   0  67   7   7   0  17   0     0    0    0   1.043     34  0.00
  218  218    37  27  10  10  13   0   3   0   0   0   0   0   0   0   0   0   0   0   0   0     0    0    0   1.563     52  0.00
  219  219    33  30   3  27   0   0   3   0   0   0   0   3   0   0   0   0   0   0   0   0     0    0    0   1.420     47  0.00
  220  220     3   0   0   0   0   0   0   3  37   0  30   0  27   0   0   0   0   0   0   0     0    0    0   1.308     43  0.00
  221  221     7  21  52  10   0   0   0   0   0   0   0  10   0   0   0   0   0   0   0   0     0    0    0   1.321     44  0.00
  222  222     0   3   0   0  21   0   0   0  10   0  14  17  34   0   0   0   0   0   0   0     0    0    0   1.620     54  0.00
  223  223    10  62   0  21   0   0   0   0   0   0   0   7   0   0   0   0   0   0   0   0     0    0    0   1.041     34  0.00
  224  224     0   0   0   0   0   0   0  69   0   0   0   0   7   0   0   3   0   0   0  21     0    0    0   0.883     29  0.00
  225  225     7  17  24   0   0   0   0   0   3   0   0   3   0   0   0   0   0  17  28   0     0    0    0   1.721     57  0.00
  226  226     0   4   0   0   0   0   0   0   0  96   0   0   0   0   0   0   0   0   0   0     0    0    0   0.154      5  0.00
  227  227     0   0   0   0   0   0   0   4   0  96   0   0   0   0   0   0   0   0   0   0     0    0    0   0.154      5  0.00
  228  228   100   0   0   0   0   0   0   0   0   0   0   0   0   0   0   0   0   0   0   0     0    0    0   0.000      0  0.00
  229  229     0   0   0   0   0   0   0   0   0   0   0   0   0   0  14   0  86   0   0   0     0    0    0   0.410     13  0.00
  230  230     0   0   0   0   0   0   0   0   0 100   0   0   0   0   0   0   0   0   0   0     0    0    0   0.000      0  0.00
  231  231     0   0   0   0   0   0   0   0   0  13  13   0   0   0   0   0   0   0  75   0     0    0    0   0.736     24  0.00
  232  232     0   0   0   0   0   0   0   0   0   0   0   0   0   0   7  29   7  57   0   0     0    0    0   1.055     35  0.00
  233  233     7   0   0   0   0   0   0   0   0   0   4  39   0   4   0  14  25   0   7   0     0    0    0   1.607     53  0.00
  234  234     0   0   0   0 100   0   0   0   0   0   0   0   0   0   0   0   0   0   0   0     0    0    0   0.000      0  0.00
  235  235     0   0   0   0   0   0   0   0   0   0   0  54   4   0   0   0   0   7  11  25     0    0    0   1.228     40  0.00
  236  236     0  11   0   0  32  57   0   0   0   0   0   0   0   0   0   0   0   0   0   0     0    0    0   0.924     30  0.00
  237  237     4   0   0   0   0   0   0   0  14   0   4   0   0   0   0   0   0  79   0   0     0    0    0   0.705     23  0.00
  238  238     0   0   0   0  18   0  82   0   0   0   0   0   0   0   0   0   0   0   0   0     0    0    0   0.469     15  0.00
  239  239    21   0   0   0   0   0   7   0   0   0   0   4   0   0  64   4   0   0   0   0     0    0    0   1.041     34  0.00
  240  240     0   0   0   0   0   0   0   0   0   0   0   0   0   0   0   0   0   0  11  89     0    0    0   0.340     11  0.00
  241  241     0   0   0   0   0   0   0   0   0   0   0   0   0   4   0  75   0   0   0  21     0    0    0   0.665     22  0.00
  242  242     0   0   0   0   0   0   0   0   0   0   4   0   0   0   0   4   0   7   4  82     0    0    0   0.707     23  0.00
  243  243     0   0   0   0   0   0   0   4   0   0   0   0   0   7   0  71   0   0  11   7     0    0    0   0.976     32  0.00
  244  244     0   0   0   0   0   0   0   0   0   0   0   0   0   4   4  29   0  11  54   0     0    0    0   1.170     39  0.00
  245  245     0   0  21   0   7   0  71   0   0   0   0   0   0   0   0   0   0   0   0   0     0    0    0   0.759     25  0.00
  246  246     0   0   0   0   0   0   0   0   0   0   0   0   0  57   4   7  29   4   0   0     0    0    0   1.104     36  0.00
  247  247     4  11  11   0   0   0   0   0   0   0   7  21   4   0   0  39   0   4   0   0     0    0    0   1.721     57  0.00
  248  248     7   7  46   0  11   0   0   0   0   0   0   0   0   0   0   0   0  14   0  14     0    0    0   1.529     51  0.00
  249  249     7   0   0   0   0   0   0  32   0   0   0   0   0   0   4  50   4   0   4   0     0    0    0   1.257     41  0.00
  250  250     0   0   4   0   0   0   0  18   0  32  21   0   0   0   0   0   0   0   4  21     0    0    0   1.571     52  0.00
  251  251     0   0   0   0   0   0   0   0   0   0   7  93   0   0   0   0   0   0   0   0     0    0    0   0.257      8  0.00
  252  252     0   0   0   0   0   0   0   0   4  93   4   0   0   0   0   0   0   0   0   0     0    0    0   0.307     10  0.00
  253  253    14  54   0   0   0   0   0   0   0   0   0   0   0   0   4  18  11   0   0   0     0    0    0   1.278     42  0.00
  254  254     0   0   0   0   0   0   0   0   7   0   4   0   0   4   0   4  11  64   0   7     0    0    0   1.257     41  0.00
  255  255     0   0   0   0 100   0   0   0   0   0   0   0   0   0   0   0   0   0   0   0     0    0    0   0.000      0  0.00
  256  256     0   4   0   0  21   0  54   0  21   0   0   0   0   0   0   0   0   0   0   0     0    0    0   1.114     37  0.00
  257  257     0   0   0   0   0   0   0   0   0   0  21   0   4   4  21  11   0  14  14  11     0    0    0   1.933     64  0.00
  258  258     4   0   0   0   0   0   0   0   0   0   0   0   0   0   7  50   7  29   0   4     0    0    0   1.320     44  0.00
  259  259     0   0   0   4   7   0  61   0   0   0   0   0   0  29   0   0   0   0   0   0     0    0    0   0.968     32  0.00
  260  260    68   0   0   0   4   0   0   4  21   0   0   0   4   0   0   0   0   0   0   0     0    0    0   0.950     31  0.00
  261  261     0   0   0   0   0   0   0  32   4   0   0   4   0   0   0  54   0   0   0   7     0    0    0   1.126     37  0.00
  262  262    11  29   7  11  32   7   0   0   0   0   0   4   0   0   0   0   0   0   0   0     0    0    0   1.697     56  0.00
  263  263     0   0   0   0   0   0   0   0   0   0   0   0   0   0   0   7   0   0  36  57     0    0    0   0.876     29  0.00
  264  264     4  43   0  29   4   0   0   0   0  21   0   0   0   0   0   0   0   0   0   0     0    0    0   1.289     43  0.00
  265  265     0   0   0   0   0   0   0   0   7   0  29   0   0   0   0   7   0  36   7  14     0    0    0   1.569     52  0.00
  266  266     0   0   0   0   0   0   0   0   4   0   0  21   0   0   0   0   0   0  25  50     0    0    0   1.142     38  0.00
  267  267     0   0   0   0   4   0  32   0   0  21   0   0   0   7   0  36   0   0   0   0     0    0    0   1.370     45  0.00
  268  268    61   0  39   0   0   0   0   0   0   0   0   0   0   0   0   0   0   0   0   0     0    0    0   0.670     22  0.00
  269  269    11   0   0   0   0   0   0   0   0   4  50   0  36   0   0   0   0   0   0   0     0    0    0   1.073     35  0.00
  270  270    18  64   0   0  11   0   0   0   0   0   0   7   0   0   0   0   0   0   0   0     0    0    0   1.019     34  0.00
  271  271    32   0  54   0   0   0   0   4   4   0   0   7   0   0   0   0   0   0   0   0     0    0    0   1.126     37  0.00
  272  272     0   0   0   0   0   0   0   0   0   0   0   4   0   7   0   0   0   0  89   0     0    0    0   0.409     13  0.00
  273  273     0   0   0   0   0   0   0   4  39   0   0   0   0   0   0   0   0   0   0  57     0    0    0   0.806     26  0.00
  274  274     0   0   0   0   0   0   0   0   0 100   0   0   0   0   0   0   0   0   0   0     0    0    0   0.000      0  0.00
  275  275     0   0   0   0   0   0   0   0   0   0   0  32   0   0  57   0   0   0   0  11     0    0    0   0.924     30  0.00
  276  276     0   0   0   0   0   0   0   0   0   0   7   0   0  57   0  32   0   0   4   0     0    0    0   0.992     33  0.00
  277  277     0   0   0   0   0   0   0   0   0  57   7   0   0   0   0  25   0  11   0   0     0    0    0   1.094     36  0.00
  278  278     0   0   0   4  14   0  75   0   0   0   0   0   0   7   0   0   0   0   0   0     0    0    0   0.801     26  0.00
  279  279     0   0   0   0   0   0   0  36   0   0   0   0   4  11   0   0   0   0  43   7     0    0    0   1.278     42  0.00
  280  280     0   0   0   0   0   0   0   0   0   0   4   0   0   0  14  71  11   0   0   0     0    0    0   0.877     29  0.00
  281  281    14  57   0   0   0   0   0   0  11   0  14   0   0   0   0   0   0   0   4   0     0    0    0   1.234     41  0.00
  282  282     0   4  21   0  14   0  61   0   0   0   0   0   0   0   0   0   0   0   0   0     0    0    0   1.030     34  0.00
  283  283     0   0   0   0   0   0   0   4   0   0  11  54   0   7   0  21   4   0   0   0     0    0    0   1.330     44  0.00
  284  284    68  11  21   0   0   0   0   0   0   0   0   0   0   0   0   0   0   0   0   0     0    0    0   0.833     27  0.00
  285  285     0   0   0   0   0   0   0   7   4   4   0   0   0   0   0   4   0  43   0  39     0    0    0   1.276     42  0.00
  286  286     0   0   0   7  14   0  43   0   7   0   0   0   4   0  21   0   0   0   4   0     0    0    0   1.586     52  0.00
  287  287     0  86   0   0   0   0   0   0   0   0   4   0   0   0   0   0   0  11   0   0     0    0    0   0.490     16  0.00
  288  288     0   0   0   0   0   0   0  61   0   0  29   0   0   0   0   0   0   0   0  11     0    0    0   0.900     30  0.00
  289  289     0   0   0   0   0   0   0   0   0   0   0   4   0   0   0   0   0   0  96   0     0    0    0   0.154      5  0.00
  290  290    59   0   7  34   0   0   0   0   0   0   0   0   0   0   0   0   0   0   0   0     0    0    0   0.865     28  0.00
  291  291    52  21   0   3   0   0   0   0   3   0   3   0   0   0   0   7   0  10   0   0     0    0    0   1.434     47  0.00
  292  292     0   0   0   0   0   0   0  93   0   0   0   0   0   0   0   0   0   3   3   0     0    0    0   0.299      9  0.00
  293  293     0   0   0   0   0   0   0  86   7   0   7   0   0   0   0   0   0   0   0   0     0    0    0   0.497     16  0.00
  294  294     0   0   4   0   0   0   4   0   0   7   4   4   0   0  44  11   0   0   0  22     0    0    0   1.620     54  0.00
  295  295     0   0   0   0   0   0   0   0  22  19   4   0   4   0   4  26  11  11   0   0     0    0    0   1.851     61  0.00
  296  296    52   0  15   0   0   0   0   0   0   0   0  26   0   4   0   0   0   0   4   0     0    0    0   1.218     40  0.00
  297  297     0  37  22   0   0   0   0   0   0   0   0   0   4   0  22  15   0   0   0   0     0    0    0   1.441     48  0.00
  298  298     0   4   0   0   7   0  70   0   0   0   0   0   0  19   0   0   0   0   0   0     0    0    0   0.874     29  0.00
  299  299     4  56   7   0   0   0   0   0   0   0   0   0   0   0   0   0   0   0  33   0     0    0    0   1.008     33  0.00
  300  300     0   0   0   0   0   0   0   0   0   0   0   0   0   0   0   0   0   0 100   0     0    0    0   0.000      0  0.00
  301  301    44  19   0   0   0   0   0   0   0   0   0   4   0   0   0   0  33   0   0   0     0    0    0   1.161     38  0.00
  302  302     0   0   0   0   0   0   0   0   0  44   7   0   0   0   0   7   0  15   0  26     0    0    0   1.379     46  0.00
  303  303    11   4  30  33   0   0   0   0   0   0   0   0   0   0   0   0   0   0  22   0     0    0    0   1.427     47  0.00
  304  304     0   0   0   0   0   0   0   0   0   0   4   0   0   0   0   4   0  44   0  48     0    0    0   0.956     31  0.00
  305  305    11   4   4   0  22   0  11   0   0   0   0  22   0   0  15   4   0   7   0   0     0    0    0   1.999     66  0.00
  306  306     0  70   4   7  19   0   0   0   0   0   0   0   0   0   0   0   0   0   0   0     0    0    0   0.874     29  0.00
  307  307     0   4   0   4   0   0   0   0   0   0  22   4   0   0   0  59   0   7   0   0     0    0    0   1.203     40  0.00
  308  308     0   0   0   0   0   0   0   0   7   0   0   0   0   0   0  59   7  15   0  11     0    0    0   1.223     40  0.00
  309  309     4  52   4  22   0   0   0   0  15   0   0   4   0   0   0   0   0   0   0   0     0    0    0   1.324     44  0.00
  310  310    48   0  11   4   0   0   0   0  30   0   4   4   0   0   0   0   0   0   0   0     0    0    0   1.323     44  0.00
  311  311    30   0  33   0   0   0   0   0  30   0   0   7   0   0   0   0   0   0   0   0     0    0    0   1.280     42  0.00
  312  312     0   0   0   0   0   0   0   0  44   0   4   7   0   0   0  37   0   0   4   4     0    0    0   1.287     42  0.00
  313  313     0   0   0   0   0   0   0   0   4   0  33   0   0   0  22   0  41   0   0   0     0    0    0   1.188     39  0.00
  314  314     0  52  33  15   0   0   0   0   0   0   0   0   0   0   0   0   0   0   0   0     0    0    0   0.990     33  0.00
  315  315     0   0   0   0   0   0   0   0   0   0   0   0   0   0   7  52  33   4   4   0     0    0    0   1.144     38  0.00
  316  316     0   0   0   0   0   0   0   4  22   0   4   0   0   0   0   0   4   0  26  41     0    0    0   1.416     47  0.00
  317  317     0   0   0   0   0   0   0  74   0   0   0   0   0   0   0   0   0   0  22   4     0    0    0   0.679     22  0.00
  318  318     0   0   0   0   0   0   0   0   0   0   0   0   0   0   0  26   0  74   0   0     0    0    0   0.572     19  0.00
  319  319    11   0   0   0   0   0   0   0  63   7   7  11   0   0   0   0   0   0   0   0     0    0    0   1.165     38  0.00
  320  320   100   0   0   0   0   0   0   0   0   0   0   0   0   0   0   0   0   0   0   0     0    0    0   0.000      0  0.00
  321  321     0   0   0   0  22  78   0   0   0   0   0   0   0   0   0   0   0   0   0   0     0    0    0   0.530     17  0.00
  322  322     0   0   0   4  96   0   0   0   0   0   0   0   0   0   0   0   0   0   0   0     0    0    0   0.158      5  0.00
  323  323     0   0   0   0   0   0   0  96   4   0   0   0   0   0   0   0   0   0   0   0     0    0    0   0.158      5  0.00
  324  324     0   0   0   0   0   0   0   0   0   0  41   0  48   0   0   0   0   0  11   0     0    0    0   0.962     32  0.00
  325  325     0   0   0   0   0   0   0   0   4   0   0   0   0  22   0   0   0   4   7  63     0    0    0   1.062     35  0.00
  326  326    74   0   4   0   0   0   0   0   0   0   0  22   0   0   0   0   0   0   0   0     0    0    0   0.679     22  0.00
  327  327     7   7   0   0   0   0   0  48   4  22   7   0   0   0   4   0   0   0   0   0     0    0    0   1.509     50  0.00
  328  328     0   0   0   0   0   0   0   0   0   0   0   0   0   0  15  63  22   0   0   0     0    0    0   0.908     30  0.00
  329  329     7   4   0   4  22   0   0   4   4   0   0   0   0  26   4   0  11   7   0   7     0    0    0   2.117     70  0.00
  330  330     0   0   4  37  30   0   0   4   0   0  26   0   0   0   0   0   0   0   0   0     0    0    0   1.322     44  0.00
  331  331     0   0   0   0   0   0   4   0   4   0   4   4   0   0   0   0   0  11  30  44     0    0    0   1.453     48  0.00
  332  332     0   4   0   0   0   0   0   4   0   0  26   0   0   0  41  26   0   0   0   0     0    0    0   1.310     43  0.00
  333  333     0   0   0   0   0   0   0   0   0   0   7   4   0   0   7  70   7   4   0   0     0    0    0   1.070     35  0.00
  334  334     0  26   0   0   0   0   0   0  19   0   4  37   0   0   0   7   4   0   0   4     0    0    0   1.589     53  0.00
  335  335     0   0   0   0   0   0   0 100   0   0   0   0   0   0   0   0   0   0   0   0     0    0    0   0.000      0  0.00
  336  336    22  41  22   0   4   0   7   0   0   4   0   0   0   0   0   0   0   0   0   0     0    0    0   1.471     49  0.00
  337  337     0  37   0  33   0   0   0   0   0   0  22   0   0   0   0   0   0   4   4   0     0    0    0   1.312     43  0.00
  338  338     0   0   0   0   0   0   0   0  11   0   4   7   0   0   0   0   0   0   0  78     0    0    0   0.754     25  0.00
  339  339     4  11  22  30   0   0   0   0   0   0   0  33   0   0   0   0   0   0   0   0     0    0    0   1.427     47  0.00
  340  340     0   0   0   0   0   0   0   0   0   0   0   0   0   0   4   4   0  26  44  22     0    0    0   1.289     43  0.00
  341  341    11  59  15   0   0   0   0   0   0   0  11   4   0   0   0   0   0   0   0   0     0    0    0   1.203     40  0.00
  342  342     0   0   0   0  11  22  59   0   0   0   0   0   0   7   0   0   0   0   0   0     0    0    0   1.081     36  0.00
  343  343     0   4   0   0   0   0   0   4   0   0   0   0   0   0   7   7  11   0  26  41     0    0    0   1.590     53  0.00
  344  344     0  15   0   0  22   0  26   0   0   0   0   0   0  26  11   0   0   0   0   0     0    0    0   1.561     52  0.00
  345  345     0   0   0   0   0   0   0   0   0  22   7   4   0   0   0   4   4  37   0  22     0    0    0   1.595     53  0.00
  346  346     0  33   0   0   0   0   0   0  30   0  11   4   0   0   0   0  15   0   0   7     0    0    0   1.569     52  0.00
  347  347    30  33  22  11   4   0   0   0   0   0   0   0   0   0   0   0   0   0   0   0     0    0    0   1.427     47  0.00
  348  348     0   8   0   0   0   0   0  62   0   0   0   0   0   0   0   0   0   0   0  31     0    0    0   0.859     28  0.00
  349  349    41   0  15   0  11   0  26   4   0   0   0   0   0   0   0   0   0   0   0   4     0    0    0   1.487     49  0.00
  350  350     0   0   0   0   0   0   0   0   0   0  26   4   0   0   0   7   0   7  30  26     0    0    0   1.568     52  0.00
  351  351     7  56   4   0  19   4   0   0   0   0   4   7   0   0   0   0   0   0   0   0     0    0    0   1.391     46  0.00
  352  352     0   0   0   0   0   0   0   4   4  26  19  11   0   4   0  30   0   0   0   4     0    0    0   1.755     58  0.00
  353  353     0   7   4  19   0   0   0   0   0   0   0   0   0   0   0   0  37   7  26   0     0    0    0   1.538     51  0.00
  354  354     0   0   0   0   0   0   0   0   0   0  33   4   0   0   0   0  26   0  30   7     0    0    0   1.391     46  0.00
  355  355     0   0   0   0   0   0   0   0   0   0   0   0   0   0   0 100   0   0   0   0     0    0    0   0.000      0  0.00
  356  356     0   0   0   0   0   0   0   0 100   0   0   0   0   0   0   0   0   0   0   0     0    0    0   0.000      0  0.00
  357  357     0   0   0   0   0   0   0  15   0   0  22   0   0   0   0   0   0  37   0  26     0    0    0   1.335     44  0.00
  358  358     0   0   0   0   0   0   0   0   0   0   0   0   0   0  93   7   0   0   0   0     0    0    0   0.264      8  0.00
  359  359     0  78  22   0   0   0   0   0   0   0   0   0   0   0   0   0   0   0   0   0     0    0    0   0.530     17  0.00
  360  360     0   0   7   0   0   0   0   0  11   0   0  19   0   0  22   4   0   0   0  37     0    0    0   1.573     52  0.00
  361  361     0   0   0   0  26   0  52   0   0   0  11  11   0   0   0   0   0   0   0   0     0    0    0   1.179     39  0.00
  362  362     0   0   0   0   0   0   0  63   0   0   7   0   0  22   4   4   0   0   0   0     0    0    0   1.062     35  0.00
  363  363     4   0   4   0   0   0   0   0   7   0   0   0   0   4   0   0   0  78   0   4     0    0    0   0.877     29  0.00
  364  364     0   0   0   0   0   0   0  11   0   0  89   0   0   0   0   0   0   0   0   0     0    0    0   0.349     11  0.00
  365  365     0  67   0  15   0   0   0   0   4   0   0   0   0   0   4   0   0  11   0   0     0    0    0   1.041     34  0.00
  366  366     7   7   0  78   0   0   0   0   0   0   4   0   0   0   4   0   0   0   0   0     0    0    0   0.825     27  0.00
  367  367     0   0   0   0   0   0   0   0   0   0  11  74   0   0   0   0   0   0   4  11     0    0    0   0.833     27  0.00
  368  368     0   0   0   0   0   0   0   0   4   0   0   0   0  96   0   0   0   0   0   0     0    0    0   0.158      5  0.00
  369  369     0   0   0   0   0   0   0   0  96   0   0   0   0   0   0   0   0   0   0   4     0    0    0   0.158      5  0.00
  370  370     0   4   0  96   0   0   0   0   0   0   0   0   0   0   0   0   0   0   0   0     0    0    0   0.158      5  0.00
  371  371    41  26   0   0   0   0   0   0   4   0   0  30   0   0   0   0   0   0   0   0     0    0    0   1.198     39  0.00
  372  372     0  37  37   0  26   0   0   0   0   0   0   0   0   0   0   0   0   0   0   0     0    0    0   1.086     36  0.00
  373  373    11   0   0   0   0   0   0   0   7   0   0  81   0   0   0   0   0   0   0   0     0    0    0   0.604     20  0.00
  374  374     0   0   0   0   0   0   0  65  31   0   4   0   0   0   0   0   0   0   0   0     0    0    0   0.766     25  0.00
  375  375    67   0   0   0   5   0   0   0   0   0   0   0  29   0   0   0   0   0   0   0     0    0    0   0.773     25  0.00
  376  376     0   0   0   0   0   0   0   5   0   0   5   0   0  29   0   0   0  29   5  29     0    0    0   1.509     50  0.00
  377  377    54  19   0   0   0   0   0   0   0   0   0   0   0   0   0  23   0   4   0   0     0    0    0   1.114     37  0.00
  378  378     0   0   0   0   0   0   0   0   4   0   0   0   0   0   0   0   0   0   0  96     0    0    0   0.163      5  0.00
  379  379     0   4   4   0   0   0   0   8  16   0   0   0   0   0   0   0   4  36   8  20     0    0    0   1.773     59  0.00
  380  380     8   0   0   0   0   0   0  12   0   0   0  31   0   0   0   4  27   0   0  19     0    0    0   1.605     53  0.00
  381  381     0   4   0   0   0   0   0  19   0   0  27   0   0   0   0   4   4  12   4  27     0    0    0   1.774     59  0.00
  382  382     8   0   0   0   0   0   0  38   0   0   0   0   0   0   0  35   0   0  12   8     0    0    0   1.379     46  0.00
  383  383     5  32   0   0   0   0   0   0  26   0   0   0   5   0   0  16   5   5   0   5     0    0    0   1.782     59  0.00
  384  384     4   0   4   0  21   0   4   0   4  54   8   0   0   0   0   0   0   0   0   0     0    0    0   1.396     46  0.00
  385  385    12  27   4   0   0   0   0   0   0   0   0  35   0   0  12   0   4   4   4   0     0    0    0   1.720     57  0.00
  386  386     0   0   0   0   0   0   0   0   0   0   0   0   0   0  31  54  15   0   0   0     0    0    0   0.984     32  0.00
  387  387     0   4   0   0   4  69  23   0   0   0   0   0   0   0   0   0   0   0   0   0     0    0    0   0.844     28  0.00
  388  388     0   0   0   0   0   0   0   0   0   0   0   0   0   0  54  42   4   0   0   0     0    0    0   0.823     27  0.00
  389  389    81   0  15   0   4   0   0   0   0   0   0   0   0   0   0   0   0   0   0   0     0    0    0   0.586     19  0.00
  390  390     0   0   4   0   0   0   0   0   0   0   0   0   0   0   0   0   0  96   0   0     0    0    0   0.163      5  0.00
  391  391     0   0   0   0   0   0   0   0   0   0   0   0   0   0   0   0   0   0 100   0     0    0    0   0.000      0  0.00
  392  392     0   0   0   0   0   0   0   0   0   0  96   4   0   0   0   0   0   0   0   0     0    0    0   0.163      5  0.00
  393  393     0   0   4   0   0  96   0   0   0   0   0   0   0   0   0   0   0   0   0   0     0    0    0   0.163      5  0.00
  394  394     0   0   0   0   0   0   0 100   0   0   0   0   0   0   0   0   0   0   0   0     0    0    0   0.000      0  0.00
  395  395     0   0   0   0   0   0   0   0   0   0   0   0   0   0   0  31   0  46   0  23     0    0    0   1.058     35  0.00
  396  396     0   0   0   0   0   0   0   0   0   0   4   0   0   0   0  35   0   0   0  62     0    0    0   0.791     26  0.00
  397  397     8   0   4   0   0   0   0   0   8  12  38   4   0  19   8   0   0   0   0   0     0    0    0   1.776     59  0.00
  398  398     0   0   0   0   0   0   0  96   4   0   0   0   0   0   0   0   0   0   0   0     0    0    0   0.163      5  0.00
  399  399     0   0   0   0  12   0   0   0   4   0   0   4   0  19   0  27  12  12   8   4     0    0    0   1.991     66  0.00
  400  400     0   0   0   0   0   0   0   4   0   0   0   0   0   0   0  69   0   0   4  23     0    0    0   0.844     28  0.00
  401  401     0   0   0   0   0   0   0 100   0   0   0   0   0   0   0   0   0   0   0   0     0    0    0   0.000      0  0.00
  402  402     0  27   0   4   4   0  65   0   0   0   0   0   0   0   0   0   0   0   0   0     0    0    0   0.882     29  0.00
  403  403     0  27   0   0  42   0  27   0   0   0   0   0   0   0   0   0   0   0   4   0     0    0    0   1.196     39  0.00
  404  404    65   0   4   0   0   0   0   0   0   0   4   4  19   0   0   4   0   0   0   0     0    0    0   1.096     36  0.00
  405  405     0   4   0  77   0   0   0   0  19   0   0   0   0   0   0   0   0   0   0   0     0    0    0   0.644     21  0.00
  406  406     0   0   0   0   0   0   0   0   0   0  42  46   0   0   0   0   0   0   8   4     0    0    0   1.043     34  0.00
  407  407     0   0   0   0   0   0   0   0  12   0   0   0   0   4   0   0  23   0   4  58     0    0    0   1.156     38  0.00
  408  408     0   0   0   0   0   0   0   0  12   0   8   0   0   0   4  23   0  38   4  12     0    0    0   1.652     55  0.00
  409  409     0   0   0   0   0  77  23   0   0   0   0   0   0   0   0   0   0   0   0   0     0    0    0   0.540     18  0.00
  410  410     0   4   0  19  77   0   0   0   0   0   0   0   0   0   0   0   0   0   0   0     0    0    0   0.644     21  0.00
  411  411     0   0   0   0   0   0   0   0   0   0  23   0   0   0  12   4   0  23   4  35     0    0    0   1.544     51  0.00
  412  412     0   0   0   0   0   0   0   0   0   0   8   0   0   0   0   0   4  85   0   4     0    0    0   0.589     19  0.00
  413  413     0   0   0   0  19   0  81   0   0   0   0   0   0   0   0   0   0   0   0   0     0    0    0   0.490     16  0.00
  414  414    42   4   0   0   0   0   0   4   4   0   0  23  23   0   0   0   0   0   0   0     0    0    0   1.417     47  0.00
  415  415     0   0   0   0  35   0  65   0   0   0   0   0   0   0   0   0   0   0   0   0     0    0    0   0.645     21  0.00
  416  416     0   0   0   0   0   0   0   0   0   0   0   0   0   0   0   0  58  42   0   0     0    0    0   0.681     22  0.00
  417  417    42   0  46   0   0   0   0   0  12   0   0   0   0   0   0   0   0   0   0   0     0    0    0   0.970     32  0.00
  418  418    92   0   0   0   0   0   0   0   4   0   0   4   0   0   0   0   0   0   0   0     0    0    0   0.325     10  0.00
  419  419    85   4  12   0   0   0   0   0   0   0   0   0   0   0   0   0   0   0   0   0     0    0    0   0.516     17  0.00
  420  420     0   0   0   0   0   0   0   0   0   0   0   0   0  15  15   0   4   0  12  54     0    0    0   1.284     42  0.00
  421  421     0   0  24   0   0   0   0   0   0   0   0   0   0   0  16  56   0   4   0   0     0    0    0   1.089     36  0.00
  422  422     0   0   0   0   0   0   0   0   4   0   0   0   0   0   0  48   0   4  24  20     0    0    0   1.274     42  0.00
  423  423     0   8   8   0  20   0  16   0   0   0   0   0   0  24   0   0   0  24   0   0     0    0    0   1.704     56  0.00
  424  424    40  60   0   0   0   0   0   0   0   0   0   0   0   0   0   0   0   0   0   0     0    0    0   0.673     22  0.00
  425  425     0   0   0   0   0   0   0   0   0  73   8  15   0   0   0   4   0   0   0   0     0    0    0   0.840     28  0.00
  426  426     0   0   0   0   0   0   0   0   8   0   4   0   0   0   0  36   4  48   0   0     0    0    0   1.180     39  0.00
  427  427     0   0   0   0   0   0   4   4   0   0   0   0   0   0   0   0   0  67   0  25     0    0    0   0.882     29  0.00
  428  428    39  43   4   0   0   0   0   0   0   0   0   0   0   0   0   0   4   9   0   0     0    0    0   1.214     40  0.00
  429  429     0  42   4   0   0   0   0   0  33   0   0   4   0   0   0  13   4   0   0   0     0    0    0   1.388     46  0.00
  430  430     0   0   0   0   0   0   0   0  38   0  25   0   0   0   4  13   0   8   0  13     0    0    0   1.574     52  0.00
  431  431    31   8   0   0   0   0   0   0  23   0   0   0   0   0   4  27   0   8   0   0     0    0    0   1.574     52  0.00
  432  432     0  35   4   4  31   4  19   0   0   0   0   0   0   0   0   0   4   0   0   0     0    0    0   1.548     51  0.00
  433  433     0   5   0   0   0   0   0   0  11   0   5  32   0   5   0   5   0  11   5  21     0    0    0   1.941     64  0.00
  434  434     0   0   0   6   0   0   0   0  22   0  39   0   0   0   0   6   0  22   0   6     0    0    0   1.517     50  0.00
  435  435     0   7   0   0   0   7  14  64   7   0   0   0   0   0   0   0   0   0   0   0     0    0    0   1.128     37  0.00
  436  436     0   5   0   0   0   0   0   0   5   0   0   0   0   0   0  52   0  38   0   0     0    0    0   0.996     33  0.00
  437  437     0   0   0   0   0   0   0   0   0   0   0   0   0   0   0   5  32  50   5   9     0    0    0   1.210     40  0.00
  438  438     0   0   0   0   0   0   0   4   0   0   0   4   0   0   0  12   4  56  12   8     0    0    0   1.422     47  0.00
  439  439     0   0   0   0   0   0   0   0   0 100   0   0   0   0   0   0   0   0   0   0     0    0    0   0.000      0  0.00
  440  440     4   0  80   0   0   0   0   0   0   0   0   0   0   0   0   0  16   0   0   0     0    0    0   0.600     20  0.00
  441  441    58   0  17   0   0   0   0   0   4   0   0   4   0   0   0   0   4  13   0   0     0    0    0   1.270     42  0.00
  442  442     0 100   0   0   0   0   0   0   0   0   0   0   0   0   0   0   0   0   0   0     0    0    0   0.000      0  0.00
  443  443     0  16   0   0   0   0   0   0  12  60   0   0   0   0   0   4   0   4   0   4     0    0    0   1.240     41  0.00
  444  444     0   0  24   0   0   0   0   0  36  40   0   0   0   0   0   0   0   0   0   0     0    0    0   1.077     35  0.00
  445  445     0   0   0   0   0 100   0   0   0   0   0   0   0   0   0   0   0   0   0   0     0    0    0   0.000      0  0.00
  446  446     0   0   0   0   0   0   0   0   0   0   0   0   0   0   0   0   0   0   0 100     0    0    0   0.000      0  0.00
  447  447     0   0   0   0   0   0   0   0   0  88  12   0   0   0   0   0   0   0   0   0     0    0    0   0.367     12  0.00
  448  448     0  12   0  88   0   0   0   0   0   0   0   0   0   0   0   0   0   0   0   0     0    0    0   0.367     12  0.00
  449  449     0   0   0   0   0   0   0 100   0   0   0   0   0   0   0   0   0   0   0   0     0    0    0   0.000      0  0.00
  450  450     0   0   0   0   0   0   0   0  86   0   9   5   0   0   0   0   0   0   0   0     0    0    0   0.485     16  0.00
  451  451     0 100   0   0   0   0   0   0   0   0   0   0   0   0   0   0   0   0   0   0     0    0    0   0.000      0  0.00
  452  452     0   0   0   0   0   0   0   0 100   0   0   0   0   0   0   0   0   0   0   0     0    0    0   0.000      0  0.00
//
