ID Pseudo hssp file.
SEQ 
SEQ gi|6755955|ref|NP_035821.1| vav oncogene [Mus musculus] >gi|1374...   120  4e-27
SEQ gi|2144605|pir||TVMSVV transforming protein vav - mouse               120  4e-27
SEQ gi|37645|emb|CAA34383.1| (X16316) VAV [Homo sapiens]                  111  1e-24
SEQ gi|1488613|emb|CAA58783.1| (X83931) VAV [Homo sapiens]                111  1e-24
SEQ gi|2144604|pir||TVHUVV transforming protein vav - human (fragments)   111  1e-24
SEQ gi|7108367|ref|NP_005419.2| vav 1 oncogene; Oncogene VAV1 [Homo ...   111  1e-24
SEQ gi|6981698|ref|NP_036891.1| vav 1 oncogene [Rattus norvegicus] >...   111  1e-24
SEQ gi|3142370|gb|AAD03799.1| (AF035442) VAV-like protein [Homo sapi...    56  8e-08
SEQ gi|7262391|ref|NP_006104.2| vav 3 oncogene [Homo sapiens] >gi|39...    56  8e-08
SEQ gi|4416406|gb|AAD20348.1| (AF118886) VAV-3 protein beta isoform ...    56  8e-08
SEQ gi|12643372|sp|Q9UKW4|VAV3_HUMAN VAV-3 PROTEIN >gi|4416408|gb|AA...    56  8e-08
SEQ gi|13638989|ref|XP_010540.2| vav 3 oncogene [Homo sapiens]             56  8e-08
SEQ gi|10048436|ref|NP_065251.1| vav 3 oncogene [Mus musculus] >gi|1...    54  3e-07
SEQ gi|7304039|gb|AAF20330.2|AF140280_1 (AF140280) Vav-3.1 [Mus musc...    54  3e-07
SEQ gi|11429601|ref|XP_005638.1| vav 2 oncogene [Homo sapiens]             46  7e-05
SEQ gi|4507871|ref|NP_003362.1| vav 2 oncogene; Oncogene VAV2 [Homo ...    46  8e-05
SEQ gi|6678555|ref|NP_033526.1| Vav2 oncogene [Mus musculus] >gi|249...    45  1e-04
SEQ 
## SEQUENCE PROFILE AND ENTROPY
 SeqNo PDBNo   V   L   I   M   F   W   Y   G   A   P   S   T   C   H   R   K   Q   E   N   D  NOCC NDEL NINS ENTROPY RELENT WEIGHT
    1    1     0   0   0   0   0   0   0 100   0   0   0   0   0   0   0   0   0   0   0   0     0    0    0   0.000      0  0.00
    2    2     0   0   0   0   0   0   0   0   0   0 100   0   0   0   0   0   0   0   0   0     0    0    0   0.000      0  0.00
    3    3     0   0   0   0   0   0   0   0   0   0   0   0   0 100   0   0   0   0   0   0     0    0    0   0.000      0  0.00
    4    4     0  93   0   7   0   0   0   0   0   0   0   0   0   0   0   0   0   0   0   0     0    0    0   0.245      8  0.00
    5    5     0   0   0   0   0   0   0   0   0 100   0   0   0   0   0   0   0   0   0   0     0    0    0   0.000      0  0.00
    6    6     0   0   0   0   0   0   0   0   0   0   0   0   0   0   0 100   0   0   0   0     0    0    0   0.000      0  0.00
    7    7     0   0   0 100   0   0   0   0   0   0   0   0   0   0   0   0   0   0   0   0     0    0    0   0.000      0  0.00
    8    8    17   0   0   0   0   0   0   0   0   0   0   0   0   0   0   0  39  44   0   0     0    0    0   1.026     34  0.00
    9    9    83   0   0   0   0   0   0   0  17   0   0   0   0   0   0   0   0   0   0   0     0    0    0   0.451     15  0.00
   10   10    11   0  39   6  39   0   0   0   0   0   0   0   6   0   0   0   0   0   0   0     0    0    0   1.300     43  0.00
   11   11     0   0   0   0   0   0   0   0   0   0   0   0   0   0  39   0  61   0   0   0     0    0    0   0.668     22  0.00
   12   12     0   0   0   0   0   0   0   0   0   0   0   0   0   0   0   0   0  44  56   0     0    0    0   0.687     22  0.00
   13   13     0   0   0   0   0   0 100   0   0   0   0   0   0   0   0   0   0   0   0   0     0    0    0   0.000      0  0.00
   14   14     0   0   0   0   0   0  44   0   0   0  28  11   0  17   0   0   0   0   0   0     0    0    0   1.259     42  0.00
   15   15     0   0   0   0   0   0   0 100   0   0   0   0   0   0   0   0   0   0   0   0     0    0    0   0.000      0  0.00
   16   16     0  27  27   0   0   0   0   0   0   0   0  47   0   0   0   0   0   0   0   0     0    0    0   1.061     35  0.00
   17   17     0   0   0   0   0   0   0   0   0 100   0   0   0   0   0   0   0   0   0   0     0    0    0   0.000      0  0.00
   18   18     0   0   0   0   0   0   0   0  11  72   0   0   0   0   0   0   0   0  17   0     0    0    0   0.778     25  0.00
   19   19     0   0   0   0   0   0   0   0   0 100   0   0   0   0   0   0   0   0   0   0     0    0    0   0.000      0  0.00
   20   20     0   0   0   0   0   0   0  11  44  44   0   0   0   0   0   0   0   0   0   0     0    0    0   0.965     32  0.00
   21   21     0  39   0   0   0   0   0  44   0  17   0   0   0   0   0   0   0   0   0   0     0    0    0   1.026     34  0.00
   22   22     0   0   0   0   0   0   0   0  44  17   0   0   0  39   0   0   0   0   0   0     0    0    0   1.026     34  0.00
   23   23     0   0  22   0  22   0   0  17   0   0   0   0   0   0   0   0   0  39   0   0     0    0    0   1.334     44  0.00
   24   24     0   0   0   0   0   0   0  83   0   0   0   0   0   0   0  17   0   0   0   0     0    0    0   0.451     15  0.00
   25   25     0   0   0   0   0   0   0   0   0 100   0   0   0   0   0   0   0   0   0   0     0    0    0   0.000      0  0.00
   26   26    17   0   0   0  44   0   0   0   0  39   0   0   0   0   0   0   0   0   0   0     0    0    0   1.026     34  0.00
   27   27     0 100   0   0   0   0   0   0   0   0   0   0   0   0   0   0   0   0   0   0     0    0    0   0.000      0  0.00
   28   28     0   0   0   0   0   0   0   0   0   0   0  17   0  11  44   0  28   0   0   0     0    0    0   1.259     42  0.00
   29   29     0  72  11   0  17   0   0   0   0   0   0   0   0   0   0   0   0   0   0   0     0    0    0   0.778     25  0.00
   30   30     0   0   0   0   0   0   0   0   0   0   0   0   0   0   0   0  56   0  44   0     0    0    0   0.687     22  0.00
   31   31     0   0   0   0   0   0   0   0  39  44   0  17   0   0   0   0   0   0   0   0     0    0    0   1.026     34  0.00
   32   32     0   0   0   0   0   0   0 100   0   0   0   0   0   0   0   0   0   0   0   0     0    0    0   0.000      0  0.00
   33   33     0   0   0   0   0   0   0   0   0   0   0   0   0   0   0   0   0   0   0 100     0    0    0   0.000      0  0.00
   34   34    17   0  44   0   0   0   0   0   0   0   0  39   0   0   0   0   0   0   0   0     0    0    0   1.026     34  0.00
   35   35    83  11   6   0   0   0   0   0   0   0   0   0   0   0   0   0   0   0   0   0     0    0    0   0.557     18  0.00
   36   36     0   0   0   0   0   0   0   0   0   0   0   0   0   0   0   0   0 100   0   0     0    0    0   0.000      0  0.00
   37   37     0 100   0   0   0   0   0   0   0   0   0   0   0   0   0   0   0   0   0   0     0    0    0   0.000      0  0.00
   38   38     0  56   0   0   0   0   0   0   0   0   0  44   0   0   0   0   0   0   0   0     0    0    0   0.687     22  0.00
   39   39     0   0   0   0   0   0   0   0   0   0   0   0   0   0  28  72   0   0   0   0     0    0    0   0.591     19  0.00
   40   40     0   0   0   0   0   0   0  56  44   0   0   0   0   0   0   0   0   0   0   0     0    0    0   0.687     22  0.00
   41   41     0   0   0   0   0   0   0   0   0   0   0   0   0   0   0   0   0  44   0  56     0    0    0   0.687     22  0.00
   42   42     0   0   0   0   0   0   0   0  83  17   0   0   0   0   0   0   0   0   0   0     0    0    0   0.451     15  0.00
   43   43     0   0   0   0   0   0   0   0   0   0   0   0   0  39   0   0   0  56   0   6     0    0    0   0.854     28  0.00
   44   44     0   0   0   0   0   0   0   0   0   0  56   0   0  22   0   0  22   0   0   0     0    0    0   0.995     33  0.00
   45   45    11  28   0   0   0   0   0   0   0  17   0   6   0   0   0   0   0   0  39   0     0    0    0   1.426     47  0.00
   46   46     0   0   0   0  39  61   0   0   0   0   0   0   0   0   0   0   0   0   0   0     0    0    0   0.668     22  0.00
   47   47     0   0   0   0   0 100   0   0   0   0   0   0   0   0   0   0   0   0   0   0     0    0    0   0.000      0  0.00
   48   48     0   0   0   0   0   0   0   0   0   0   0   0   0   0   0   0  39  61   0   0     0    0    0   0.668     22  0.00
   49   49     0   0   0   0   0   0   0 100   0   0   0   0   0   0   0   0   0   0   0   0     0    0    0   0.000      0  0.00
   50   50     0   0   0   0   0   0   0   0   0   0   0   0   0   0 100   0   0   0   0   0     0    0    0   0.000      0  0.00
   51   51     0  17   0   0   0   0   0   0   0   0   0   0   0   0   0   0   0   0  83   0     0    0    0   0.451     15  0.00
   52   52    17  39   0   0   0   0   0   0   0   0   0  44   0   0   0   0   0   0   0   0     0    0    0   1.026     34  0.00
   53   53     0   0   0   0   0   0   0   0  61   0  22   0   0   0   0   0  17   0   0   0     0    0    0   0.934     31  0.00
   54   54     0   0   0   0   0   0   0   0   0   0  39  61   0   0   0   0   0   0   0   0     0    0    0   0.668     22  0.00
   55   55     0   0   0   0   0   0   0  39   0   0   0   0   0   0  17   0   0   0  44   0     0    0    0   1.026     34  0.00
   56   56     0   0   0   0   0   0   0   0   0   0   0   0   0   0   0  17   0  83   0   0     0    0    0   0.451     15  0.00
   57   57    61   0  22   0   0   0   0   0   0   0  17   0   0   0   0   0   0   0   0   0     0    0    0   0.934     31  0.00
   58   58     0   0   0   0   0   0   0 100   0   0   0   0   0   0   0   0   0   0   0   0     0    0    0   0.000      0  0.00
   59   59     0   0   0   0  39  44  17   0   0   0   0   0   0   0   0   0   0   0   0   0     0    0    0   1.026     34  0.00
   60   60     0   0   0   0 100   0   0   0   0   0   0   0   0   0   0   0   0   0   0   0     0    0    0   0.000      0  0.00
   61   61     0   0   0   0   0   0   0   0   0 100   0   0   0   0   0   0   0   0   0   0     0    0    0   0.000      0  0.00
   62   62     0   0   0   0   0   0   0   0   0   0  56   0  44   0   0   0   0   0   0   0     0    0    0   0.687     22  0.00
   63   63     0   0   0   0   0   0   0   0   0   0  17   0   0   0   0   0   0   0  44  39     0    0    0   1.026     34  0.00
   64   64     0   0   0   0   0   0   0   0  39   0  17   0   0   0  44   0   0   0   0   0     0    0    0   1.026     34  0.00
   65   65   100   0   0   0   0   0   0   0   0   0   0   0   0   0   0   0   0   0   0   0     0    0    0   0.000      0  0.00
   66   66     0   0   0   0   0   0   0   0   0   0   0   0   0  17   6  78   0   0   0   0     0    0    0   0.655     21  0.00
   67   67     0   0   0   0   0   0   0   0   0 100   0   0   0   0   0   0   0   0   0   0     0    0    0   0.000      0  0.00
   68   68     0   0   0   0   0   0 100   0   0   0   0   0   0   0   0   0   0   0   0   0     0    0    0   0.000      0  0.00
   69   69   100   0   0   0   0   0   0   0   0   0   0   0   0   0   0   0   0   0   0   0     0    0    0   0.000      0  0.00
//
