ID Pseudo hssp file.
SEQ 
SEQ gi|399532|sp|Q01745|GAOA_DACDE GALACTOSE OXIDASE PRECURSOR (GAO)...  1222  0.0
SEQ gi|482303|pir||A38084 galactose oxidase (EC 1.1.3.9) precursor -...  1231  0.0
SEQ gi|494052|pdb|1GOF|    Galactose Oxidase (E.C.1.1.3.9) (Ph 4.5) ...  1211  0.0
SEQ gi|1360139|emb|CAA77680.1| (Z11601) similarity to galactose oxid...   127  5e-28
SEQ gi|6689170|emb|CAB65567.1| (AL136058) putative secreted protein....    99  2e-19
SEQ gi|2739400|gb|AAB94635.1| (U51094) galactose oxidase [Gibberella...    91  6e-17
SEQ gi|1942665|pdb|1EUU|    Sialidase Or Neuraminidase, Large 68kd F...    86  2e-15
SEQ gi|585539|sp|Q02834|NANH_MICVI SIALIDASE PRECURSOR (NEURAMINIDAS...    86  2e-15
SEQ gi|9828629|gb|AAG00252.1|AC002130_17 (AC002130) F1N21.11 [Arabid...    83  1e-14
SEQ gi|9369366|gb|AAF87115.1|AC006434_11 (AC006434) F10A5.18 [Arabid...    78  5e-13
SEQ gi|11282416|pir||T45935 hypothetical protein F5K20.250 - Arabido...    74  7e-12
SEQ gi|10086483|gb|AAG12543.1|AC007797_3 (AC007797) Unknown Protein ...    74  7e-12
SEQ gi|7479472|pir||T29435 hypothetical protein SC3A7.16c - Streptom...    72  2e-11
SEQ gi|7485502|pir||T06758 hypothetical protein F15B8.190 - Arabidop...    66  1e-09
SEQ gi|266601|sp|P29767|NANH_CLOSE SIALIDASE PRECURSOR (NEURAMINIDAS...    63  1e-08
SEQ gi|7262685|gb|AAF43943.1|AC012188_20 (AC012188) Weak similarity ...    61  6e-08
SEQ gi|6911555|emb|CAB72127.1| (AJ250587) chitobiase [Arthrobacter sp.]    61  7e-08
SEQ gi|11044949|emb|CAC14566.1| (AJ224435) beta-galactosidase [Bifid...    54  6e-06
SEQ gi|11190493|emb|CAC16284.1| (AL157773) bA345L23.2 (novel protein...    52  3e-05
SEQ gi|13516390|dbj|BAB40435.1| (AB019122) sialidase [Erysipelothrix...    47  6e-04
SEQ 
## SEQUENCE PROFILE AND ENTROPY
 SeqNo PDBNo   V   L   I   M   F   W   Y   G   A   P   S   T   C   H   R   K   Q   E   N   D  NOCC NDEL NINS ENTROPY RELENT WEIGHT
    1    1     0   0   0   0   0   0   0   0 100   0   0   0   0   0   0   0   0   0   0   0     0    0    0   0.000      0  0.00
    2    2     0   0   0   0   0   0   0   0   0   0 100   0   0   0   0   0   0   0   0   0     0    0    0   0.000      0  0.00
    3    3     0   0   0   0   0   0   0   0  80   0   0   0   0   0   0   0  20   0   0   0     0    0    0   0.500     16  0.00
    4    4     0   0   0   0   0   0   0   0   0 100   0   0   0   0   0   0   0   0   0   0     0    0    0   0.000      0  0.00
    5    5     0   0 100   0   0   0   0   0   0   0   0   0   0   0   0   0   0   0   0   0     0    0    0   0.000      0  0.00
    6    6     0   0   0   0   0   0   0  80  20   0   0   0   0   0   0   0   0   0   0   0     0    0    0   0.500     16  0.00
    7    7     0   0   0   0   0   0   0   0   0   0  80   0   0   0   0   0   0  20   0   0     0    0    0   0.500     16  0.00
    8    8     0   0   0   0   0   0   0   0  80   0   0   0   0   0   0  20   0   0   0   0     0    0    0   0.500     16  0.00
    9    9    20   0  80   0   0   0   0   0   0   0   0   0   0   0   0   0   0   0   0   0     0    0    0   0.500     16  0.00
   10   10     0   0   0   0   0   0   0   0   0  20  80   0   0   0   0   0   0   0   0   0     0    0    0   0.500     16  0.00
   11   11     0   0   0   0   0   0   0   0   0   0   0   0   0   0 100   0   0   0   0   0     0    0    0   0.000      0  0.00
   12   12     0   0   0   0   0   0   0   0   0   0  20   0   0   0   0   0   0   0  80   0     0    0    0   0.500     16  0.00
   13   13     0   0   0   0   0   0   0   0   0   0   0   0   0   0   0   0   0  20  80   0     0    0    0   0.500     16  0.00
   14   14     0   0  20   0   0  80   0   0   0   0   0   0   0   0   0   0   0   0   0   0     0    0    0   0.500     16  0.00
   15   15     0   0   0   0   0   0   0   0  80   0   0   0   0   0   0   0  20   0   0   0     0    0    0   0.500     16  0.00
   16   16    80   0   0   0   0   0   0   0  20   0   0   0   0   0   0   0   0   0   0   0     0    0    0   0.500     16  0.00
   17   17     0   0   0   0   0   0   0   0   0   0  20  80   0   0   0   0   0   0   0   0     0    0    0   0.500     16  0.00
   18   18     0   0   0   0   0   0   0   0  20   0   0   0  80   0   0   0   0   0   0   0     0    0    0   0.500     16  0.00
   19   19     0   0   0   0   0   0   0   0   0   0   0  14   0   0   0   0   0  29   0  57     0    0    0   0.956     31  0.00
   20   20     0   0   0   0   0   0   0   0   0   0  75  25   0   0   0   0   0   0   0   0     0    0    0   0.562     18  0.00
   21   21     0   0   0   0   0   0   0  13  88   0   0   0   0   0   0   0   0   0   0   0     0    0    0   0.377     12  0.00
   22   22     0  13   0   0   0   0   0   0  13   0   0   0   0   0  25   0  50   0   0   0     0    0    0   1.213     40  0.00
   23   23     0   0   0   0   0   0   0   0   0   0  63  13   0   0   0   0   0  25   0   0     0    0    0   0.900     30  0.00
   24   24     0   0   0   0   0   0   0  63   0   0   0   0   0   0   0   0   0  13   0  25     0    0    0   0.900     30  0.00
   25   25     0   0   0   0   0   0   0  38   0   0   0   0   0   0   0   0   0  13  50   0     0    0    0   0.974     32  0.00
   26   26     0   0   0   0   0   0   0  13   0  13   0   0   0   0  25   0   0  50   0   0     0    0    0   1.213     40  0.00
   27   27    13   0   0   0   0   0   0   0  25  13   0   0  50   0   0   0   0   0   0   0     0    0    0   1.213     40  0.00
   28   28     0   0   0   0   0   0   0   0   0   0  38   0   0   0   0   0   0  13  50   0     0    0    0   0.974     32  0.00
   29   29     0   0   0   0   0   0   0   0   0   0   0   0   0   0   0  63   0   0  38   0     0    0    0   0.662     22  0.00
   30   30    30   0   0   0   0   0   0   0  70   0   0   0   0   0   0   0   0   0   0   0     0    0    0   0.611     20  0.00
   31   31     9  18  64   0   9   0   0   0   0   0   0   0   0   0   0   0   0   0   0   0     0    0    0   1.034     34  0.00
   32   32     0   0   0   0   0   0   0   0   0   0   0   0   0   0   0   0   0   0   0 100     0    0    0   0.000      0  0.00
   33   33     0   0   0   0   0   0   0 100   0   0   0   0   0   0   0   0   0   0   0   0     0    0    0   0.000      0  0.00
   34   34     0   0   0   0   0   0   0   0   0   0   0   0   0   0   0   9   0   0  73  18     0    0    0   0.760     25  0.00
   35   35     0   0   0   0   0   0   0   0   9  27   0  18   0   0   0  45   0   0   0   0     0    0    0   1.241     41  0.00
   36   36     0   0   0   0   0   0   0   9   0   0  45   0   0   0   0   0   0   9   0  36     0    0    0   1.162     38  0.00
   37   37     0   0   0   0   0   0   0   0   0   0   0 100   0   0   0   0   0   0   0   0     0    0    0   0.000      0  0.00
   38   38     0   9   9   0  73   0   9   0   0   0   0   0   0   0   0   0   0   0   0   0     0    0    0   0.886     29  0.00
   39   39     0   0   0   0   0 100   0   0   0   0   0   0   0   0   0   0   0   0   0   0     0    0    0   0.000      0  0.00
   40   40     0   0   0   0   0   0   0   0   0   0   0   0   0 100   0   0   0   0   0   0     0    0    0   0.000      0  0.00
   41   41     0   0   0   0   0   0   0   0   0   0  18  82   0   0   0   0   0   0   0   0     0    0    0   0.474     15  0.00
   42   42     0   0   0   0  40   0   0   0   0  10   0   0   0   0   0  20   0  20   0  10     0    0    0   1.471     49  0.00
   43   43     0   0   0   0   0  50  50   0   0   0   0   0   0   0   0   0   0   0   0   0     0    0    0   0.693     23  0.00
   44   44     0   0   0   0   0   0   0  44  11   0  33  11   0   0   0   0   0   0   0   0     0    0    0   1.215     40  0.00
   45   45     0   0   0   0   0   0   0  11  44   0  11  11   0   0  22   0   0   0   0   0     0    0    0   1.427     47  0.00
   46   46    10   0   0   0   0   0   0   0  20  10  10   0   0   0   0   0   0   0  50   0     0    0    0   1.359     45  0.00
   47   47     0   0   0   0   0   9   0  45   9   0   0   0   0   0   0   0   9   0   0  27     0    0    0   1.367     45  0.00
   48   48     0   0   9   0   0   0   0   9  27   0   0   9   0   0   0   0   0   0   0  45     0    0    0   1.367     45  0.00
   49   49     0   0   0   0   0   0   0   0   0  80   0   0   0   0   0  10  10   0   0   0     0    0    0   0.639     21  0.00
   50   50     0   0   9   0   0   0   9  18   0   0   0   9   0   0   0  36   0   0  18   0     0    0    0   1.642     54  0.00
   51   51     0   0   0   0  10   0  20   0   0  50   0  10   0   0   0   0   0   0  10   0     0    0    0   1.359     45  0.00
   52   52     9   0   0   0   0   0   0   0   0  91   0   0   0   0   0   0   0   0   0   0     0    0    0   0.305     10  0.00
   53   53     0   0   0   0   9   0   0   0   0   0   0   0   0  73   0   0   9   0   9   0     0    0    0   0.886     29  0.00
   54   54     0   0   0   0   0   9   0   0   0   0  18  36   0   0  18   0   0   0   0  18     0    0    0   1.516     50  0.00
   55   55    27  18  18   0   0   0  36   0   0   0   0   0   0   0   0   0   0   0   0   0     0    0    0   1.342     44  0.00
   56   56     9   0   0   0   0   9   0   0   0   0  18  64   0   0   0   0   0   0   0   0     0    0    0   1.034     34  0.00
   57   57     8  33  50   0   8   0   0   0   0   0   0   0   0   0   0   0   0   0   0   0     0    0    0   1.127     37  0.00
   58   58     0   0   0   0   0   0   0   0   0   0   8   0   0   0   0  17   0   8   0  67     0    0    0   0.983     32  0.00
   59   59     0  50   0  42   8   0   0   0   0   0   0   0   0   0   0   0   0   0   0   0     0    0    0   0.918     30  0.00
   60   60     0   0   0   0   0   0   0  42   0   0   0   0   0   8   0  42   8   0   0   0     0    0    0   1.144     38  0.00
   61   61     0   0   0   0   0   0   0  25   0   0   0  42   0   8   0  25   0   0   0   0     0    0    0   1.265     42  0.00
   62   62     0   0   0   0   0   0   0   0   8   8   0  67   0   0   0   0   0   0   8   8     0    0    0   1.099     36  0.00
   63   63     0   0   0   8   0   0   8   0   8   0   0   8   0  17   8   0  42   0   0   0     0    0    0   1.699     56  0.00
   64   64     8   0   0   0   0   0   0   0   0   0   0  17   0   0   0   8   0   0  50  17     0    0    0   1.358     45  0.00
   65   65    67   8  25   0   0   0   0   0   0   0   0   0   0   0   0   0   0   0   0   0     0    0    0   0.824     27  0.00
   66   66     0   0   0   0   0   0   0   0   0   0  25   8   0   0   0   0   0   0  50  17     0    0    0   1.199     40  0.00
   67   67     0   0   0   0   0   0   0  75  17   0   8   0   0   0   0   0   0   0   0   0     0    0    0   0.721     24  0.00
   68   68     0  75   8   0  17   0   0   0   0   0   0   0   0   0   0   0   0   0   0   0     0    0    0   0.721     24  0.00
   69   69     0   0   0   0   0   0   0   8   0   0  42   8   8   0   8   0  17   8   0   0     0    0    0   1.699     56  0.00
   70   70     8   0   8  33   0   0  50   0   0   0   0   0   0   0   0   0   0   0   0   0     0    0    0   1.127     37  0.00
   71   71     0  67   0   0   0   0   0   0   0   0   0  33   0   0   0   0   0   0   0   0     0    0    0   0.637     21  0.00
   72   72     0   0   0   0   0   0   0   8   0  67   0   0   0   0  17   0   8   0   0   0     0    0    0   0.983     32  0.00
   73   73     0   0   0   0   0   0   0   0   0   0   0   0   0   0 100   0   0   0   0   0     0    0    0   0.000      0  0.00
   74   74     0   0   0   0   0   0   0   0   0   8   0   0   0   0   0   0  92   0   0   0     0    0    0   0.287      9  0.00
   75   75     0   0   0   0   0   0   0   0   8   0  17   0   0   0   0   0   0   8  17  50     0    0    0   1.358     45  0.00
   76   76     0   0   0   0   0   0   0 100   0   0   0   0   0   0   0   0   0   0   0   0     0    0    0   0.000      0  0.00
   77   77     0   0   0   0   0   0   0   8   0   0  25  17   0   0   0   0   0   0  50   0     0    0    0   1.199     40  0.00
   78   78     0   9   0   0   0   0   0   0  18   9   0   9   0   0   0   9  45   0   0   0     0    0    0   1.540     51  0.00
   79   79     0   0   0   0   0   0   0   0   0   0   0   0   0   0   0   0   0   0 100   0     0    0    0   0.000      0  0.00
   80   80     0   0   0   0   0   0   0  83   0   0   0   0   0   0   0   0   0  17   0   0     0    0    0   0.451     15  0.00
   81   81     8   0   0   8   0  42   0   0   0   0   8   0   0   0   8   8  17   0   0   0     0    0    0   1.699     56  0.00
   82   82    42   0  50   0   8   0   0   0   0   0   0   0   0   0   0   0   0   0   0   0     0    0    0   0.918     30  0.00
   83   83     0   0   0   0   0   0   0  42  25   0   0  25   0   0   0   8   0   0   0   0     0    0    0   1.265     42  0.00
   84   84     0   0   0   0   0   0   0   0   0   0   0   0   0   0  42   0   0  17   0  42     0    0    0   1.028     34  0.00
   85   85     0   0   0   0   0   0  58   0   0   0   0   0   0  42   0   0   0   0   0   0     0    0    0   0.679     22  0.00
   86   86     0   0   0   0   0   0   0   0   0   0   0   0   0   0   0  17   8  75   0   0     0    0    0   0.721     24  0.00
   87   87    58   8  33   0   0   0   0   0   0   0   0   0   0   0   0   0   0   0   0   0     0    0    0   0.888     29  0.00
   88   88     0   0   0   0   0   0  82   0   9   0   0   0   0   0   0   0   9   0   0   0     0    0    0   0.600     20  0.00
   89   89    18  45   9   0   0   0   0   0   0   0   9  18   0   0   0   0   0   0   0   0     0    0    0   1.414     47  0.00
   90   90     0   0   0   0   0   0   0   9   0   0  91   0   0   0   0   0   0   0   0   0     0    0    0   0.305     10  0.00
   91   91     0  18   0   0   0   0   0   0   0   0  45   0   0   0   0   0   0   9   0  27     0    0    0   1.241     41  0.00
   92   92     0   0   0   0   0   0   0   0   0   0   0   0   0   0   0   0   0   0  27  73     0    0    0   0.586     19  0.00
   93   93     0   0   0   0   0   0   0  90   0   0   0  10   0   0   0   0   0   0   0   0     0    0    0   0.325     10  0.00
   94   94     0   0   0   0   0   0   0   0   0   0   0  90   0   0   0   0   0  10   0   0     0    0    0   0.325     10  0.00
   95   95     0   0   0   0   0   0   0   0  10   0   0  20   0   0   0   0   0   0  60  10     0    0    0   1.089     36  0.00
   96   96     0   0   0   0  10  90   0   0   0   0   0   0   0   0   0   0   0   0   0   0     0    0    0   0.325     10  0.00
   97   97     0   0   0   0   0   0   0  75   0   0   0   0   0   0   0   0   0   0   0  25     0    0    0   0.562     18  0.00
   98   98     0   0   0   0   0   0   0  20   0   0  50  30   0   0   0   0   0   0   0   0     0    0    0   1.030     34  0.00
   99   99     9   0   0   0   0   0   0   0   0  64   0   9   0   0   0   9   0   0   0   9     0    0    0   1.160     38  0.00
  100  100    82   0   9   0   0   0   0   0   9   0   0   0   0   0   0   0   0   0   0   0     0    0    0   0.600     20  0.00
  101  101     0   0   0   0   0   0   0   9  91   0   0   0   0   0   0   0   0   0   0   0     0    0    0   0.305     10  0.00
  102  102     0   0   0   0   0   0   0   0   0   0  80  10   0   0   0   0   0  10   0   0     0    0    0   0.639     21  0.00
  103  103     0   0   0   0   0   0   0 100   0   0   0   0   0   0   0   0   0   0   0   0     0    0    0   0.000      0  0.00
  104  104     0   0   0   0   0   0   0   0   0   0  50  20   0   0  20  10   0   0   0   0     0    0    0   1.221     40  0.00
  105  105     0  10   0   0  30  60   0   0   0   0   0   0   0   0   0   0   0   0   0   0     0    0    0   0.898     29  0.00
  106  106     0  10   0   0  40   0   0   0   0   0   0  30   0   0   0  20   0   0   0   0     0    0    0   1.280     42  0.00
  107  107     0   0   0   0   0   0   0   0  40   0  10  30   0   0   0   0   0   0   0  20     0    0    0   1.280     42  0.00
  108  108    20   0   0   0   0   0   0   0   0   0  20   0   0   0   0   0   0   0   0  60     0    0    0   0.950     31  0.00
  109  109     0  20   0   0   0   0  10   0   0  10  60   0   0   0   0   0   0   0   0   0     0    0    0   1.089     36  0.00
  110  110     0   0   0   0   0   0   0  10  20   0  10  40   0   0  20   0   0   0   0   0     0    0    0   1.471     49  0.00
  111  111     0   0   0   0   0  10   0   0   0  30   0  50   0   0   0   0   0   0   0  10     0    0    0   1.168     38  0.00
  112  112     0   0   0   0   0   0   0   0   0   0   0   0   0   0   0  60  40   0   0   0     0    0    0   0.673     22  0.00
  113  113    10  10   0   0   0   0  50   0   0   0   0   0   0   0  30   0   0   0   0   0     0    0    0   1.168     38  0.00
  114  114    20   0  10   0   0   0   0   0  30   0  40   0   0   0   0   0   0   0   0   0     0    0    0   1.280     42  0.00
  115  115    30   0   0   0   0   0   0   0   0   0  10   0   0   0   0   0   0  10  40  10     0    0    0   1.418     47  0.00
  116  116     0   0  10   0  90   0   0   0   0   0   0   0   0   0   0   0   0   0   0   0     0    0    0   0.325     10  0.00
  117  117     0   0   0   0   0   0   0   0  10  20   0   0   0   0   0   0  10  40   0  20     0    0    0   1.471     49  0.00
  118  118     0   0   0   0   0   0   0   0  20  10   0  40   0   0  10   0   0   0  20   0     0    0    0   1.471     49  0.00
  119  119    20   0   0   0   0   0   0   0   0  10   0   0   0   0  60  10   0   0   0   0     0    0    0   1.089     36  0.00
  120  120    10   0   0   0   0   0   0   0   0  40  10  10   0   0  10   0   0   0   0  20     0    0    0   1.609     53  0.00
  121  121     0   0   0   0   0   0   0  10  70   0   0  20   0   0   0   0   0   0   0   0     0    0    0   0.802     26  0.00
  122  122     0   0   0   0   0   0   0   0   0   0  10   0   0   0  70  10   0   0   0  10     0    0    0   0.940     31  0.00
  123  123     0   0   0   0   0   0  80   0   0   0   0   0   0  10   0   0   0   0  10   0     0    0    0   0.639     21  0.00
  124  124    70   0  30   0   0   0   0   0   0   0   0   0   0   0   0   0   0   0   0   0     0    0    0   0.611     20  0.00
  125  125     0   0   0   0   0   0   0   0   0   0   0   0   0   0  90  10   0   0   0   0     0    0    0   0.325     10  0.00
  126  126     0  80  10   0  10   0   0   0   0   0   0   0   0   0   0   0   0   0   0   0     0    0    0   0.639     21  0.00
  127  127    70   0   0   0   0   0   0   0   0   0   0  10   0   0   0  10   0  10   0   0     0    0    0   0.940     31  0.00
  128  128     0   0   0   0   0   0   0  10  90   0   0   0   0   0   0   0   0   0   0   0     0    0    0   0.325     10  0.00
  129  129    10  40  50   0   0   0   0   0   0   0   0   0   0   0   0   0   0   0   0   0     0    0    0   0.943     31  0.00
  130  130     0   0   0   0   0   0   0   0  10   0  30  40   0   0   0   0   0   0  10  10     0    0    0   1.418     47  0.00
  131  131     0   0   0   0   0   0   0   0  10   0  10  10   0   0   0   0   0  60   0  10     0    0    0   1.228     40  0.00
  132  132    10  10  10   0   0   0   0   0  40   0  10   0   0   0   0   0  20   0   0   0     0    0    0   1.609     53  0.00
  133  133     0   0   0   0   0   0   0  20   0   0   0  20   0   0   0   0   0  10  50   0     0    0    0   1.221     40  0.00
  134  134     0   0   0   0   0   0   0  80   0   0   0   0   0   0   0   0   0   0  10  10     0    0    0   0.639     21  0.00
  135  135     0   0   0   0   0   0   0   0   0   0   0   0   0  20   0   0  50  10  10  10     0    0    0   1.359     45  0.00
  136  136     0   0   0   0   0   0   0   0   0  50   0   0   0   0   0  40   0   0  10   0     0    0    0   0.943     31  0.00
  137  137     0   0   0   0  20  40  30   0   0   0   0   0   0  10   0   0   0   0   0   0     0    0    0   1.280     42  0.00
  138  138     0   0   0  10   0   0   0  10  40   0   0  40   0   0   0   0   0   0   0   0     0    0    0   1.194     39  0.00
  139  139     0   0   0   0   0   0   0  10  30   0  60   0   0   0   0   0   0   0   0   0     0    0    0   0.898     29  0.00
  140  140    20   0  50   0   0   0   0  10  20   0   0   0   0   0   0   0   0   0   0   0     0    0    0   1.221     40  0.00
  141  141     0   0   0   0   0   0   0   0  90   0  10   0   0   0   0   0   0   0   0   0     0    0    0   0.325     10  0.00
  142  142     0   0   0   0   0   0   0   0   0   0   0   0   0   0   0   0   0 100   0   0     0    0    0   0.000      0  0.00
  143  143    20  20  50  10   0   0   0   0   0   0   0   0   0   0   0   0   0   0   0   0     0    0    0   1.221     40  0.00
  144  144     0   0   0   0   0   0   0   0   0   0   0   0   0   0  20   0   0  30  50   0     0    0    0   1.030     34  0.00
  145  145    80  10  10   0   0   0   0   0   0   0   0   0   0   0   0   0   0   0   0   0     0    0    0   0.639     21  0.00
  146  146     0   0   0   0  57   0  29   0   0   0   0   0   0   0  14   0   0   0   0   0     0    0    0   0.956     31  0.00
  147  147     0   0   0   0   0   0   0   0   0   0   0   0   0   0   0  17  67  17   0   0     0    0    0   0.868     28  0.00
  148  148     0   0   0   0   0   0   0   0 100   0   0   0   0   0   0   0   0   0   0   0     0    0    0   0.000      0  0.00
  149  149    20   0   0   0   0   0   0   0   0   0  80   0   0   0   0   0   0   0   0   0     0    0    0   0.500     16  0.00
  150  150     0   0   0   0   0   0   0   0   0   0  80   0   0   0   0   0   0   0   0  20     0    0    0   0.500     16  0.00
  151  151     0   0   0   0   0   0  80   0   0   0   0  20   0   0   0   0   0   0   0   0     0    0    0   0.500     16  0.00
  152  152     0   0   0   0   0   0   0   0   0   0   0 100   0   0   0   0   0   0   0   0     0    0    0   0.000      0  0.00
  153  153     0   0   0   0   0   0   0   0 100   0   0   0   0   0   0   0   0   0   0   0     0    0    0   0.000      0  0.00
  154  154     0   0   0   0   0   0   0   0   0 100   0   0   0   0   0   0   0   0   0   0     0    0    0   0.000      0  0.00
  155  155     0   0  20   0   0   0   0   0   0   0   0   0   0   0   0   0  80   0   0   0     0    0    0   0.500     16  0.00
  156  156     0   0   0   0   0   0   0   0   0  80  20   0   0   0   0   0   0   0   0   0     0    0    0   0.500     16  0.00
  157  157     0   0   0   0   0   0   0  80   0   0   0   0   0   0   0   0   0  20   0   0     0    0    0   0.500     16  0.00
  158  158    20  80   0   0   0   0   0   0   0   0   0   0   0   0   0   0   0   0   0   0     0    0    0   0.500     16  0.00
  159  159     0   0   0   0   0   0   0 100   0   0   0   0   0   0   0   0   0   0   0   0     0    0    0   0.000      0  0.00
  160  160     0   0   0   0   0   0   0   0   0   0   0   0   0   0 100   0   0   0   0   0     0    0    0   0.000      0  0.00
  161  161     0   0   0   0   0 100   0   0   0   0   0   0   0   0   0   0   0   0   0   0     0    0    0   0.000      0  0.00
  162  162     0   0   0   0   0   0   0  80   0   0  20   0   0   0   0   0   0   0   0   0     0    0    0   0.500     16  0.00
  163  163     0   0   0   0   0   0   0   0   0 100   0   0   0   0   0   0   0   0   0   0     0    0    0   0.000      0  0.00
  164  164     0  20   0   0   0   0   0   0   0   0   0  80   0   0   0   0   0   0   0   0     0    0    0   0.500     16  0.00
  165  165     0   0  80  20   0   0   0   0   0   0   0   0   0   0   0   0   0   0   0   0     0    0    0   0.500     16  0.00
  166  166     0   0   0   0   0   0   0   0   0   0  20   0   0   0   0   0   0   0   0  80     0    0    0   0.500     16  0.00
  167  167     0  80   0   0   0  20   0   0   0   0   0   0   0   0   0   0   0   0   0   0     0    0    0   0.500     16  0.00
  168  168     0   0   0   0   0   0   0   0   0 100   0   0   0   0   0   0   0   0   0   0     0    0    0   0.000      0  0.00
  169  169     0   0 100   0   0   0   0   0   0   0   0   0   0   0   0   0   0   0   0   0     0    0    0   0.000      0  0.00
  170  170    80   0   0   0   0   0   0   0   0   0  20   0   0   0   0   0   0   0   0   0     0    0    0   0.500     16  0.00
  171  171     0   0   0   0   0   0   0   0  20  80   0   0   0   0   0   0   0   0   0   0     0    0    0   0.500     16  0.00
  172  172     0   0   0   0   0   0   0   0  80   0   0  20   0   0   0   0   0   0   0   0     0    0    0   0.500     16  0.00
  173  173     0   0   0   0   0   0   0   0  80   0   0   0   0  20   0   0   0   0   0   0     0    0    0   0.500     16  0.00
  174  174     0   0   0   0   0   0   0   0 100   0   0   0   0   0   0   0   0   0   0   0     0    0    0   0.000      0  0.00
  175  175     0   0   0   0   0   0   0   0  80   0   0   0   0  20   0   0   0   0   0   0     0    0    0   0.500     16  0.00
  176  176     0  20  80   0   0   0   0   0   0   0   0   0   0   0   0   0   0   0   0   0     0    0    0   0.500     16  0.00
  177  177     0  20   0   0   0   0   0   0   0   0   0   0   0   0   0   0   0  80   0   0     0    0    0   0.500     16  0.00
  178  178     0   0   0   0   0   0   0   0   0 100   0   0   0   0   0   0   0   0   0   0     0    0    0   0.000      0  0.00
  179  179     0   0   0   0   0   0   0   0   0   0   0  80   0  20   0   0   0   0   0   0     0    0    0   0.500     16  0.00
  180  180     0   0   0   0   0   0   0   0   0   0 100   0   0   0   0   0   0   0   0   0     0    0    0   0.000      0  0.00
  181  181     0   0   0   0   0   0   0 100   0   0   0   0   0   0   0   0   0   0   0   0     0    0    0   0.000      0  0.00
  182  182     0   0   0   0   0   0   0   0   0   0   0   0   0   0  80  20   0   0   0   0     0    0    0   0.500     16  0.00
  183  183   100   0   0   0   0   0   0   0   0   0   0   0   0   0   0   0   0   0   0   0     0    0    0   0.000      0  0.00
  184  184     0  80   0  20   0   0   0   0   0   0   0   0   0   0   0   0   0   0   0   0     0    0    0   0.500     16  0.00
  185  185     0   0   0  80  20   0   0   0   0   0   0   0   0   0   0   0   0   0   0   0     0    0    0   0.500     16  0.00
  186  186     0   0   0   0   0 100   0   0   0   0   0   0   0   0   0   0   0   0   0   0     0    0    0   0.000      0  0.00
  187  187     0   0   0   0   0   0   0   0   0   0 100   0   0   0   0   0   0   0   0   0     0    0    0   0.000      0  0.00
  188  188     0   0   0   0   0   0   0   0   0   0 100   0   0   0   0   0   0   0   0   0     0    0    0   0.000      0  0.00
  189  189     0   0   0   0   0   0 100   0   0   0   0   0   0   0   0   0   0   0   0   0     0    0    0   0.000      0  0.00
  190  190     0   0   0   0   0   0   0   0   0   0   0   0   0   0 100   0   0   0   0   0     0    0    0   0.000      0  0.00
  191  191     0   0   0   0   0   0   0   0   0   0   0   0   0   0   0   0   0   0 100   0     0    0    0   0.000      0  0.00
  192  192     0   0   0   0   0   0   0   0   0   0   0   0   0   0   0   0   0   0   0 100     0    0    0   0.000      0  0.00
  193  193     0   0   0   0   0   0   0   0 100   0   0   0   0   0   0   0   0   0   0   0     0    0    0   0.000      0  0.00
  194  194     0   0   0   0 100   0   0   0   0   0   0   0   0   0   0   0   0   0   0   0     0    0    0   0.000      0  0.00
  195  195     0   0   0   0   0   0   0 100   0   0   0   0   0   0   0   0   0   0   0   0     0    0    0   0.000      0  0.00
  196  196     0   0   0   0   0   0   0  80   0   0   0   0   0   0   0   0   0  20   0   0     0    0    0   0.500     16  0.00
  197  197     0   0   0   0  20   0   0   0   0   0  80   0   0   0   0   0   0   0   0   0     0    0    0   0.500     16  0.00
  198  198     0   0   0   0   0   0   0   0   0  80   0   0   0   0   0   0   0   0   0  20     0    0    0   0.500     16  0.00
  199  199     0   0   0   0   0   0   0  80   0   0   0   0   0   0   0   0   0  20   0   0     0    0    0   0.500     16  0.00
  200  200     0   0   0   0   0   0   0 100   0   0   0   0   0   0   0   0   0   0   0   0     0    0    0   0.000      0  0.00
  201  201     0   0  80   0   0   0   0   0   0   0   0  20   0   0   0   0   0   0   0   0     0    0    0   0.500     16  0.00
  202  202     0   0   0   0   0   0   0   0   0   0   0  80   0   0   0   0  20   0   0   0     0    0    0   0.500     16  0.00
  203  203     0  80   0   0   0   0   0   0   0   0  20   0   0   0   0   0   0   0   0   0     0    0    0   0.500     16  0.00
  204  204     0   0   0   0   0   0   0   0   0  17   0  83   0   0   0   0   0   0   0   0     0    0    0   0.451     15  0.00
  205  205     0   0   0   0   0   0   0   0   0   0  67   0   0   0  17   0   0   0  17   0     0    0    0   0.868     28  0.00
  206  206     0  17   0   0   0   0   0   0   0   0  67   0   0   0   0   0  17   0   0   0     0    0    0   0.868     28  0.00
  207  207     0   0   0   0   0  86  14   0   0   0   0   0   0   0   0   0   0   0   0   0     0    0    0   0.410     13  0.00
  208  208     0   0   0   0   0   0   0   0   0   0   0   0   0   0   0   0  13   0   0  88     0    0    0   0.377     12  0.00
  209  209    13   0  13   0   0   0   0   0   0  75   0   0   0   0   0   0   0   0   0   0     0    0    0   0.736     24  0.00
  210  210     0  13   0   0   0   0   0   0  13   0  50   0   0   0   0  13   0   0  13   0     0    0    0   1.386     46  0.00
  211  211     0   0   0   0   0   0   0   0  13   0   0  88   0   0   0   0   0   0   0   0     0    0    0   0.377     12  0.00
  212  212     0   0   0   0   0   0   0  63   0  13   0   0   0   0   0   0   0   0  25   0     0    0    0   0.900     30  0.00
  213  213     0  13  50   0   0   0   0   0   0   0   0  25   0   0   0   0   0   0   0  13     0    0    0   1.213     40  0.00
  214  214    50  13  25   0   0   0   0   0   0   0   0   0   0   0   0   0   0  13   0   0     0    0    0   1.213     40  0.00
  215  215    13   0   0   0   0   0   0   0   0   0  50  13   0   0  13  13   0   0   0   0     0    0    0   1.386     46  0.00
  216  216     0   0   0   0   0   0   0   0  14  29   0   0   0   0   0   0   0   0   0  57     0    0    0   0.956     31  0.00
  217  217     0  25   0   0   0   0   0   0   0   0   0   0   0   0  75   0   0   0   0   0     0    0    0   0.562     18  0.00
  218  218     0   0   0   0   0   0   0   0  13  25   0  63   0   0   0   0   0   0   0   0     0    0    0   0.900     30  0.00
  219  219    63  25  13   0   0   0   0   0   0   0   0   0   0   0   0   0   0   0   0   0     0    0    0   0.900     30  0.00
  220  220     0   0   0   0   0   0   0   0   0  14   0  86   0   0   0   0   0   0   0   0     0    0    0   0.410     13  0.00
  221  221    71   0   0   0   0   0   0   0  14   0   0  14   0   0   0   0   0   0   0   0     0    0    0   0.796     26  0.00
  222  222     0   0   0   0   0   0   0   0   0  20   0  80   0   0   0   0   0   0   0   0     0    0    0   0.500     16  0.00
  223  223     0   0   0   0   0   0   0   0   0  13   0   0   0   0  13  50  25   0   0   0     0    0    0   1.213     40  0.00
  224  224     0   0   0   0  13   0  13   0   0   0  25   0   0  50   0   0   0   0   0   0     0    0    0   1.213     40  0.00
  225  225     0   0   0   0   0   0   0   0   0   0   0   0   0   0   0   0   0   0  27  73     0    0    0   0.586     19  0.00
  226  226     0   0   9  36   0   0   0   0   0   0   0  55   0   0   0   0   0   0   0   0     0    0    0   0.916     30  0.00
  227  227     0   0   0   0  45  55   0   0   0   0   0   0   0   0   0   0   0   0   0   0     0    0    0   0.689     22  0.00
  228  228     0   0   0   0   0   0   0   0   0   0   0   0 100   0   0   0   0   0   0   0     0    0    0   0.000      0  0.00
  229  229     0   0   0   0   0   0   0   0   8  33  50   0   8   0   0   0   0   0   0   0     0    0    0   1.127     37  0.00
  230  230     0   0   0   0   0   0   0  42   0   0  50   0   0   8   0   0   0   0   0   0     0    0    0   0.918     30  0.00
  231  231     0   0  33   0   0   0   0  50   8   0   0   0   0   8   0   0   0   0   0   0     0    0    0   1.127     37  0.00
  232  232     0   0   0   0   0   0   0  17   8   0  67   0   0   0   0   0   8   0   0   0     0    0    0   0.983     32  0.00
  233  233    25  17   0  33  17   0   0   0   8   0   0   0   0   0   0   0   0   0   0   0     0    0    0   1.517     50  0.00
  234  234     8  25   0   0   0   0   0   0   0   0   0  17   0   0   8   0   0   0   8  33     0    0    0   1.633     54  0.00
  235  235     8   0   0   0   0   0   0  33  17  25   8   0   0   0   0   0   0   8   0   0     0    0    0   1.633     54  0.00
  236  236     0   0   0   0   0   0   0   0   0   0   8   0   0   0   0   0   0   0  50  42     0    0    0   0.918     30  0.00
  237  237     0   0   0   0   0   0   0 100   0   0   0   0   0   0   0   0   0   0   0   0     0    0    0   0.000      0  0.00
  238  238     8   0   0   0   0   0   0   0   0   0  17  25   0   0  17   0  33   0   0   0     0    0    0   1.517     50  0.00
  239  239     8  58  33   0   0   0   0   0   0   0   0   0   0   0   0   0   0   0   0   0     0    0    0   0.888     29  0.00
  240  240    58  33   8   0   0   0   0   0   0   0   0   0   0   0   0   0   0   0   0   0     0    0    0   0.888     29  0.00
  241  241    42   0   8   0   0   0   0   0   0   0   8   0   0   0   0   0  42   0   0   0     0    0    0   1.144     38  0.00
  242  242     0   0   0   0   0   0   0   0   0   0   0 100   0   0   0   0   0   0   0   0     0    0    0   0.000      0  0.00
  243  243     0   0   0   0   0   0   0 100   0   0   0   0   0   0   0   0   0   0   0   0     0    0    0   0.000      0  0.00
  244  244     0   0   0   0   0   0   0 100   0   0   0   0   0   0   0   0   0   0   0   0     0    0    0   0.000      0  0.00
  245  245     0   0   0   0   0   0   8   0   0   0   0   0   0   8   0   0   8   0  50  25     0    0    0   1.314     43  0.00
  246  246     0   0   8   0   0   0   0  33   0   0   0   0   0   0   0  17   0   0   0  42     0    0    0   1.237     41  0.00
  247  247     8   0   0   0   0   0   0  17  42   0   0   8   0   0   0   0   0  17   0   8     0    0    0   1.583     52  0.00
  248  248     0   0   0   0   0   0   0   0   8   8   0   0   0   0  25  42   0   8   8   0     0    0    0   1.540     51  0.00
  249  249     0   0   0   0   0   0   0   0   8   0   0  17   0   0   8  50   0   0   8   8     0    0    0   1.474     49  0.00
  250  250    17   0   8   0   8   0   8   0  17   0   0  42   0   0   0   0   0   0   0   0     0    0    0   1.583     52  0.00
  251  251     0   0   8   0   0   0   0   0  17   0  50   0   0   0  25   0   0   0   0   0     0    0    0   1.199     40  0.00
  252  252     8  42   8   0   0   0   0   0   8   8   0   0   0   0  17   8   0   0   0   0     0    0    0   1.699     56  0.00
  253  253     0   0   0   8  31   0  54   0   0   0   0   0   8   0   0   0   0   0   0   0     0    0    0   1.091     36  0.00
  254  254     0   8   0   0   0   0   0   0   0   0   8   8   0   0   0   0   0   8  15  54     0    0    0   1.411     47  0.00
  255  255     0   0   0   0   0   0   0   0   0  31  46   0   0   0   0   0   0   0  15   8     0    0    0   1.205     40  0.00
  256  256    15   0   0   0   0   0   0   0   8   0  31  15   8   0   0   8   0   8   8   0     0    0    0   1.925     64  0.00
  257  257     0   0   0   0   0   0   0   0   8   0  54   8  15   0   0   0   8   0   0   8     0    0    0   1.411     47  0.00
  258  258     0   0   0   0   0   0   0   8   0   0   0   0  23   0   0   0   0  15   0  54     0    0    0   1.157     38  0.00
  259  259     0   0   0   0   0   0   0   0   8   0  42   0   0   0   0   8   0   0  17  25     0    0    0   1.424     47  0.00
  260  260     0   0   0   0   0  92   8   0   0   0   0   0   0   0   0   0   0   0   0   0     0    0    0   0.271      9  0.00
  261  261    15   0  69   0   0   0   0   0   0   0   0   0   0   0   0   0   8   0   0   8     0    0    0   0.937     31  0.00
  262  262     0   0   0   0   0   0   0   0   0  31   0   0   0   0   0   8   0  54   8   0     0    0    0   1.091     36  0.00
  263  263    23  15   0   8   8   0   8  31   0   0   0   0   0   0   0   0   0   0   8   0     0    0    0   1.778     59  0.00
  264  264     0   0   0   0   0   0   0   0   8  62   0   0   0   0   0   0   8   0   8  15     0    0    0   1.179     39  0.00
  265  265     0   0   0   0   0   0   8   0   0   8   0   0   0   0   0   8   8   0  23  46     0    0    0   1.484     49  0.00
  266  266     0  38   0  46   0   0   0   0   8   0   0   8   0   0   0   0   0   0   0   0     0    0    0   1.119     37  0.00
  267  267     0   8   0   0   0   0   0   0   8   0  23   0   0   8   0   8  31   8   8   0     0    0    0   1.885     62  0.00
  268  268    31   8   0   0   0   0   0   0  15   0   8   8   0   0   0   8   8   8   0   8     0    0    0   2.032     67  0.00
  269  269     0   0   0   0   0   0   0   8  46   8   0   0   0   0  31   8   0   0   0   0     0    0    0   1.311     43  0.00
  270  270     0   0   0   0   0   0   0   0   0   0   0   0   0   0 100   0   0   0   0   0     0    0    0   0.000      0  0.00
  271  271     0   0   0   0   0  54   0  38   0   0   0   0   0   0   8   0   0   0   0   0     0    0    0   0.898     29  0.00
  272  272     0   0   0   0   0   8  92   0   0   0   0   0   0   0   0   0   0   0   0   0     0    0    0   0.271      9  0.00
  273  273     0   0   0   0   0   0   0   0  31  15  15   0   0   8   0   0  31   0   0   0     0    0    0   1.499     50  0.00
  274  274     0   0   0   0   0   0   0   0   0   0  46  38   8   0   0   0   0   0   8   0     0    0    0   1.119     37  0.00
  275  275     0   8   0   0   0   0   0   0   8   0  31   0   0   0   0   0   8   0  46   0     0    0    0   1.311     43  0.00
  276  276     8   0   0   0   0   0   0   0  38   0   0  15   0  15   0   0  23   0   0   0     0    0    0   1.479     49  0.00
  277  277     0   0  38   0   0   0   0   0   0   0   0  62   0   0   0   0   0   0   0   0     0    0    0   0.666     22  0.00
  278  278     0  69   0  31   0   0   0   0   0   0   0   0   0   0   0   0   0   0   0   0     0    0    0   0.617     20  0.00
  279  279     0   0   0   0   0   0   0   8   8  46  38   0   0   0   0   0   0   0   0   0     0    0    0   1.119     37  0.00
  280  280     0   0   0   0   0   0   0   0   0   0   0   0   0   0   0   0   0   0   8  92     0    0    0   0.271      9  0.00
  281  281     0   0   0   0   0   0   0 100   0   0   0   0   0   0   0   0   0   0   0   0     0    0    0   0.000      0  0.00
  282  282     0   0   0   0   0   0   0   0   0   0   8   8   0   0  62  15   0   0   0   8     0    0    0   1.179     39  0.00
  283  283    54   0  23   0   8   0   0   0   0   0   0   0   0   0   0   0  15   0   0   0     0    0    0   1.157     38  0.00
  284  284     0  15  46   0  31   0   8   0   0   0   0   0   0   0   0   0   0   0   0   0     0    0    0   1.205     40  0.00
  285  285    38   0  23   0   0   0   0   0   0   0   8  31   0   0   0   0   0   0   0   0     0    0    0   1.266     42  0.00
  286  286    38   8  38  15   0   0   0   0   0   0   0   0   0   0   0   0   0   0   0   0     0    0    0   1.220     40  0.00
  287  287     0   0   0   0   0   0   0  85   0   0  15   0   0   0   0   0   0   0   0   0     0    0    0   0.429     14  0.00
  288  288     0   0   0   0   0   0   0 100   0   0   0   0   0   0   0   0   0   0   0   0     0    0    0   0.000      0  0.00
  289  289     0   0   0   0   0   0   0   0   8   0  38   0   0   0  15   0  15  15   0   8     0    0    0   1.626     54  0.00
  290  290     0   0   0   0  18  36   9   9   0   0   0   9   0   0   0   0   9   0   0   9     0    0    0   1.768     59  0.00
  291  291     0   9  18   0   0   0   0   0   0   0  36   9   0   0   0   0   0   0  18   9     0    0    0   1.642     54  0.00
  292  292     0   9   0   0   0   0  18  64   0   0   0   0   0   0   0   0   0   0   9   0     0    0    0   1.034     34  0.00
  293  293     0   0   0   0   0   0   0  54   0  15   0   8   0   0   0   0   8  15   0   0     0    0    0   1.304     43  0.00
  294  294    38  23   0   0   8   0   0   0   0   0   0   0   0   0   8   0  15   8   0   0     0    0    0   1.586     52  0.00
  295  295     8   0   0   0  67   0   8  17   0   0   0   0   0   0   0   0   0   0   0   0     0    0    0   0.983     32  0.00
  296  296     0   0   0   0   0   0   0   0   0  30   0   0   0   0   0   0  10  50  10   0     0    0    0   1.168     38  0.00
  297  297     0   0   0   0   0   0   0  10   0   0   0   0   0   0  20  50   0  10  10   0     0    0    0   1.359     45  0.00
  298  298     0   8   0   0   0   0   0   0   0   0   0   8   0   8   0   8   0   0  58   8     0    0    0   1.350     45  0.00
  299  299     8   0   0   0   0   0  17  42   0   8   0   0   0   0   0   8   0   0   8   8     0    0    0   1.699     56  0.00
  300  300     0   0   0   0   0   0   0   0   0   0   8   0   0   0   0   8   8  77   0   0     0    0    0   0.794     26  0.00
  301  301    46   8   0   0  15   0   8   0   0   0   0   0   8   0  15   0   0   0   0   0     0    0    0   1.525     50  0.00
  302  302     0   0   0   0  23   0  69   0   0   0   8   0   0   0   0   0   0   0   0   0     0    0    0   0.790     26  0.00
  303  303     8   0   0   0   0   0   0   0   0  23  38   0   0   0   8   0   0   0   8  15     0    0    0   1.586     52  0.00
  304  304     0   8   0   0   0   0   0   0   8  54  15   0   0   0   0  15   0   0   0   0     0    0    0   1.304     43  0.00
  305  305     0   0   0   0   0   0   0   0  17   0  42   8   0   0  17   8   8   0   0   0     0    0    0   1.583     52  0.00
  306  306     0   8   0   0   8   0   0   0   0   0  33  33   0   0   8   0   0   8   0   0     0    0    0   1.561     52  0.00
  307  307     0  27   0   0   0   0   0   9   0   0   0   0   0   0   0  45   0   0  18   0     0    0    0   1.241     41  0.00
  308  308     0   0   0   0   0   0   0   0  20   0  10  40   0   0  10   0  10  10   0   0     0    0    0   1.609     53  0.00
  309  309     0   0   0   0  10  70   0   0   0   0   0   0   0   0   0   0  10  10   0   0     0    0    0   0.940     31  0.00
  310  310     0   9   0   0   0   0   0   0   0   0   9  73   0   0   0   0   9   0   0   0     0    0    0   0.886     29  0.00
  311  311     0   0   0   0   0   0  10   0   0   0  40   0   0   0  20   0   0   0  20  10     0    0    0   1.471     49  0.00
  312  312     0  50   0   0   0   0   0   0  10   0   0  10   0   0   0   0   0  10   0  20     0    0    0   1.359     45  0.00
  313  313     0   0   0   0   0   0   0   0   0  73   0  18   0   0   0   0   0   0   0   9     0    0    0   0.760     25  0.00
  314  314     0   0   0   0   0   0   0   0   0   0   9   0   0   0   0   9   0   9  73   0     0    0    0   0.886     29  0.00
  315  315    18   0   0   0   9   0   0   9  36   0   0   0   0   0   0   0   0  18   0   9     0    0    0   1.642     54  0.00
  316  316     9   0   0   0   0   0   9   9   9   0   0   0   0   0   9  36   0   9   9   0     0    0    0   1.894     63  0.00
  317  317    45   9   0   0   0   0   0   0   9   0  18   0   0   0   0   0   9   0   9   0     0    0    0   1.540     51  0.00
  318  318     0   9   9   0   9   0   9   0   0   9   0   0   0   0   0   0   0   0  55   0     0    0    0   1.421     47  0.00
  319  319     0   0   0   0   9   0   0   0   0  82   0   0   0   0   0   0   0   9   0   0     0    0    0   0.600     20  0.00
  320  320     0   0   0  36  36   0   0   0   0   0   0   9   0   9   0   0   9   0   0   0     0    0    0   1.390     46  0.00
  321  321     0  82   0   0   9   0   9   0   0   0   0   0   0   0   0   0   0   0   0   0     0    0    0   0.600     20  0.00
  322  322     0  17   0   0   0   0   0   0   8   8   8  42   0   8   0   0   0   0   8   0     0    0    0   1.699     56  0.00
  323  323     0   0   0   0   0   0   0   9  64   9   0   9   0   0   0   0   0   9   0   0     0    0    0   1.160     38  0.00
  324  324     0   0   0   0   0   0   0   0   0   0   0  10   0   0   0   0  10   0   0  80     0    0    0   0.639     21  0.00
  325  325    10   0   0   0   0   0   0  20   0   0   0   0   0  10  10  40   0  10   0   0     0    0    0   1.609     53  0.00
  326  326     0   0   0   0   0   0   0   0   0   0   0   0   0   0   0  10  40  10  30  10     0    0    0   1.418     47  0.00
  327  327     0  20  10   0   0   0   0  40   0   0   0   0   0   0   0   0  10   0  10  10     0    0    0   1.609     53  0.00
  328  328     0  50   0   0  20   0   0  10   0  10   0   0   0   0   0  10   0   0   0   0     0    0    0   1.359     45  0.00
  329  329     9   9   9   0   0   0  55   0   0   0   0   0   0   0   0   0  18   0   0   0     0    0    0   1.295     43  0.00
  330  330     0  10   0  10  20   0   0   0   0   0   0   0   0   0  40   0   0  10  10   0     0    0    0   1.609     53  0.00
  331  331     0   0   0   0   0   0   0   0  20  10  40  10   0   0   0   0   0   0  10  10     0    0    0   1.609     53  0.00
  332  332     0   0   0   0   0   0   0   0   0   0   0   0   0   0   0   0   0   0  40  60     0    0    0   0.673     22  0.00
  333  333     0  20   0   0   0   0   0  20   0   0   0  10   0   0   0   0   0   0  50   0     0    0    0   1.221     40  0.00
  334  334     0   0   0   0   0   0  27   0   0   0   0   0   0  36  18   0   0   0  18   0     0    0    0   1.342     44  0.00
  335  335     0  18   0   0   0   0   0   0  36  27  18   0   0   0   0   0   0   0   0   0     0    0    0   1.342     44  0.00
  336  336     0   0  18   0  27  36   9   0   0   0   0   0   0   9   0   0   0   0   0   0     0    0    0   1.468     49  0.00
  337  337    25  50  17   8   0   0   0   0   0   0   0   0   0   0   0   0   0   0   0   0     0    0    0   1.199     40  0.00
  338  338     0   8   0   0  83   0   0   0   0   0   0   0   0   8   0   0   0   0   0   0     0    0    0   0.566     18  0.00
  339  339     0  25   0   8   0   0   0  33  17   0   8   0   0   0   0   0   0   0   0   8     0    0    0   1.633     54  0.00
  340  340     0   8   0   8   0  33   8   0   8   8   0   0   0   0   0   0   0   0  25   0     0    0    0   1.748     58  0.00
  341  341     0   0   0   0   0   0   0   0   0  17   0   8   0   0   8  50   8   0   8   0     0    0    0   1.474     49  0.00
  342  342     0   0   0   0   0   0   0   0   0   0   0   8   0   0  17  42   0   0  17  17     0    0    0   1.468     48  0.00
  343  343     0   0   0   0   0   0   0  58   8   0   8   0   0   0   0   0   0   0  25   0     0    0    0   1.075     35  0.00
  344  344     0   0  17   0   0   0   0   0   0   0  33   0   0   0   8  25   0   0  17   0     0    0    0   1.517     50  0.00
  345  345    42  42  17   0   0   0   0   0   0   0   0   0   0   0   0   0   0   0   0   0     0    0    0   1.028     34  0.00
  346  346     8   8   0   0  83   0   0   0   0   0   0   0   0   0   0   0   0   0   0   0     0    0    0   0.566     18  0.00
  347  347     0   0   8   8   8   0   8   0   0   8   0   0   0   0   0   8  33   0   0  17     0    0    0   1.907     63  0.00
  348  348     0   0   0   0  25   0   8   0  33   0  17   0   0   0   0   0   8   8   0   0     0    0    0   1.633     54  0.00
  349  349     8   8   0   0   8   0   0  50  17   0   8   0   0   0   0   0   0   0   0   0     0    0    0   1.474     49  0.00
  350  350     0   0   0   0   0   0   0   0   8  58   0   8   0   0   0   0   0   0  25   0     0    0    0   1.075     35  0.00
  351  351     0   0   0   0   0   8   0   8   0   0  42   0   0   8   0   0   0   8  25   0     0    0    0   1.540     51  0.00
  352  352     0   0   8   0   0   0   0   8   8   0   0  42   0   0  33   0   0   0   0   0     0    0    0   1.352     45  0.00
  353  353     8   0   8   0   0   0   0   8  58   8   8   0   0   0   0   0   0   0   0   0     0    0    0   1.350     45  0.00
  354  354    18   0  18  36   0   0   9   0   0   0   9   0   0   0   9   0   0   0   0   0     0    0    0   1.642     54  0.00
  355  355     0   9   0   0   0   0   0   0   0   0   0   0   0   0   9  18   9   0  45   9     0    0    0   1.540     51  0.00
  356  356    10  10   0   0   0  50  10   0   0   0   0  10   0   0   0   0   0  10   0   0     0    0    0   1.498     49  0.00
  357  357     0   9   0   0   9   0  55   9   0   9   0   0   0   0   0   0   0   0   0   9     0    0    0   1.421     47  0.00
  358  358     0   0   0   0   0   0  45   9   0  18   0   0   0   0   9   0   0   0   0  18     0    0    0   1.414     47  0.00
  359  359     9   0   0   0   0   0   0   0   0   9   9  45   0   9   0   0   9   9   0   0     0    0    0   1.666     55  0.00
  360  360     0   0  18   0   0   0   0   0   9   9  36   0   0   0   9   9   0   0   0   9     0    0    0   1.768     59  0.00
  361  361     0   0   9   0   0   0   0  55   0  18   9   0   0   0   0   0   0   0   9   0     0    0    0   1.295     43  0.00
  362  362     0   0   8   0   0   0   0  25   0   0  42  17   0   0   0   0   0   0   8   0     0    0    0   1.424     47  0.00
  363  363     8   0   0   0   0   8   0  67  17   0   0   0   0   0   0   0   0   0   0   0     0    0    0   0.983     32  0.00
  364  364    17   8   0   0   0   0   0   0   0   0   0   8   0   0   0   0   0   0   0  67     0    0    0   0.983     32  0.00
  365  365    50   8   0   0   0   8   0   0   0  17   0   0   0   0   0  17   0   0   0   0     0    0    0   1.358     45  0.00
  366  366     0   0   0   0   8   0   0   0   0   8   0   8   0   0  25  42   0   8   0   0     0    0    0   1.540     51  0.00
  367  367     0   0   8   0   8   0   0   0   0   0  42   8   0   0   0   0   0  17  17   0     0    0    0   1.583     52  0.00
  368  368     0   0   0   0   0   0  20  10  50  10   0   0   0   0  10   0   0   0   0   0     0    0    0   1.359     45  0.00
  369  369     0   9   0   0   0   0   0  55   9  18   0   0   0   0   0   0   0   0   9   0     0    0    0   1.295     43  0.00
  370  370     0   0   9   0   0   0   9   9   0   9  18   0   0   0   0  45   0   0   0   0     0    0    0   1.540     51  0.00
  371  371     9   0   0   0   9   0   0   0   0   9   9   9   0   0  55   0   0   0   0   0     0    0    0   1.421     47  0.00
  372  372     0   0   0   0   0   0   8  25   0   0   8   8   0   0   0   0  42   0   8   0     0    0    0   1.540     51  0.00
  373  373     0   0   0   0   0   0  17   8   0   8  50   0   0   0   0   8   0   0   8   0     0    0    0   1.474     49  0.00
  374  374     9   0   0   0   0   0   0   0   0  18  27   0   0   0   0   0   0   0  36   9     0    0    0   1.468     49  0.00
  375  375     9   0   9   0   0   0   0   0   9  18   9   9   0   0  36   0   0   0   0   0     0    0    0   1.768     59  0.00
  376  376     0  10  10   0   0   0   0  70   0   0   0   0   0   0  10   0   0   0   0   0     0    0    0   0.940     31  0.00
  377  377    36   9   9   9   9   0   0   9   0   0   9   0   0   0   0   0   0   0   9   0     0    0    0   1.894     63  0.00
  378  378     0   9   0   0   0   0   9   0  45  18  18   0   0   0   0   0   0   0   0   0     0    0    0   1.414     47  0.00
  379  379     9   9   0   0   0   0   0   0   9  55   9   0   0   0   0   0   0   0   0   9     0    0    0   1.421     47  0.00
  380  380     0  18   0   0   0   0   0   0  18   0   9   0   0   0   0   0   0   0   0  55     0    0    0   1.169     39  0.00
  381  381     9   9   0   9   9   0   0   0  36   0   0   9   0   0   0   0   0   0   0  18     0    0    0   1.768     59  0.00
  382  382     0  33   0  56   0   0   0   0   0  11   0   0   0   0   0   0   0   0   0   0     0    0    0   0.937     31  0.00
  383  383     0  13  13   0   0   0   0   0   0   0   0  13  63   0   0   0   0   0   0   0     0    0    0   1.074     35  0.00
  384  384     0   0   0   0   0   0   0  80   0   0   0   0   0   0   0  10   0  10   0   0     0    0    0   0.639     21  0.00
  385  385     0   0   0   0   0   0   0  20   0   0  10  10   0   0   0   0   0   0  50  10     0    0    0   1.359     45  0.00
  386  386     0  10   0   0   0   0   0   0  80   0   0   0   0  10   0   0   0   0   0   0     0    0    0   0.639     21  0.00
  387  387    64   9  18   0   0   0   0   0   9   0   0   0   0   0   0   0   0   0   0   0     0    0    0   1.034     34  0.00
  388  388     0  25   0  33   0   0  17   0   0   0   0   8   0   0   0   0   8   0   8   0     0    0    0   1.633     54  0.00
  389  389     0   9   0   0  18   0  36   9   0   9   0   0   0   0   9   0   0   0   9   0     0    0    0   1.768     59  0.00
  390  390     0   0   0   0   0   0   0   0   0   9   0   9   0   0   9   0   0   0   0  73     0    0    0   0.886     29  0.00
  391  391     0   0   0   0  10   0   0   0  70   0   0   0   0   0   0  10   0   0  10   0     0    0    0   0.940     31  0.00
  392  392    60   0  10   0   0   0   0   0   0   0   0  10   0   0   0   0  10  10   0   0     0    0    0   1.228     40  0.00
  393  393     0   0   0   0   0   0   0   0   0   0   0  20   0   0  10  40   0  20   0  10     0    0    0   1.471     49  0.00
  394  394     9   9   0   0   0   0   0  45  18   0   0   9   0   0   0   0   0   9   0   0     0    0    0   1.540     51  0.00
  395  395     0   0   0   0   0   0   0   0   0   0   0   0   0   0   0  58   0  42   0   0     0    0    0   0.679     22  0.00
  396  396    33   0  58   0   0   0   8   0   0   0   0   0   0   0   0   0   0   0   0   0     0    0    0   0.888     29  0.00
  397  397     0  67   0  25   0   0   8   0   0   0   0   0   0   0   0   0   0   0   0   0     0    0    0   0.824     27  0.00
  398  398    45   0   9   0   0   0   0   0   0   9   0  36   0   0   0   0   0   0   0   0     0    0    0   1.162     38  0.00
  399  399     9   0   9   0  36   0   0   0   0   0   0   0  45   0   0   0   0   0   0   0     0    0    0   1.162     38  0.00
  400  400     0   0   0   0   0   0   0 100   0   0   0   0   0   0   0   0   0   0   0   0     0    0    0   0.000      0  0.00
  401  401     0   0   0   0   0   0   0 100   0   0   0   0   0   0   0   0   0   0   0   0     0    0    0   0.000      0  0.00
  402  402     0   0   0   0   0   0   0  18  27   0  55   0   0   0   0   0   0   0   0   0     0    0    0   0.995     33  0.00
  403  403     0   0   0   0   0   0   0  20   0  80   0   0   0   0   0   0   0   0   0   0     0    0    0   0.500     16  0.00
  404  404     9   0   0   0   0   0   0   0   9   9   0   0   0   0   0  27   0   0   0  45     0    0    0   1.367     45  0.00
  405  405     0   0   0   0   9   9  36  45   0   0   0   0   0   0   0   0   0   0   0   0     0    0    0   1.162     38  0.00
  406  406     0   0   0   0   0   0   0   9  18   0  18   9   0   0   0   0  36   9   0   0     0    0    0   1.642     54  0.00
  407  407     0   9   0   0  18   0  18   0   9   0   9   0   0   0   0   0   0   0   0  36     0    0    0   1.642     54  0.00
  408  408     0   0   0   0   0   0   0   0   0   0  42   0   0   0   8  25   0   0  25   0     0    0    0   1.265     42  0.00
  409  409     0  25   0   0   0   0   0   0  17   8   0   0   0   0   8   0   0   0   0  42     0    0    0   1.424     47  0.00
  410  410     0   0   8   0   0   0   0   8  58   8  17   0   0   0   0   0   0   0   0   0     0    0    0   1.234     41  0.00
  411  411     0   0   0   0   8   8   0   0   0   0   8  42   0   0  25   0   0   0   0   8     0    0    0   1.540     51  0.00
  412  412     0   8   0   0   0   0   0   0   8   0   0  50   0   0   8   8   0  17   0   0     0    0    0   1.474     49  0.00
  413  413     0   0   8   0   0   0   0   0   0   8   0   8   0   0   8  17   0   0  50   0     0    0    0   1.474     49  0.00
  414  414     8   0   8   0   0   0   0   0  50   8   0  25   0   0   0   0   0   0   0   0     0    0    0   1.314     43  0.00
  415  415     0   0   0   0  17   0   0   0   0   0   0   8   0  42   8   8   0   8   8   0     0    0    0   1.699     56  0.00
  416  416    18   9  55   0   0   0   0   9   0   0   9   0   0   0   0   0   0   0   0   0     0    0    0   1.295     43  0.00
  417  417     0   0  45   0   9   0   0   0   9   0   0  18   0   0   0  18   0   0   0   0     0    0    0   1.414     47  0.00
  418  418     9   0   0   0   0   0   0   0  18   0   0  36  18   0   0   0   0   0   0  18     0    0    0   1.516     50  0.00
  419  419     0  73   0   0   0   0   0  18   9   0   0   0   0   0   0   0   0   0   0   0     0    0    0   0.760     25  0.00
  420  420     0   0   0   0   0   0   0  50   0   0   0   0   0   0  20   0   0   0  10  20     0    0    0   1.221     40  0.00
  421  421     0  20  10   0   0   0   0   0   0   0  10  20   0   0   0   0   0  40   0   0     0    0    0   1.471     49  0.00
  422  422     9   0   0   0   0   0   0   0   0  45   0   0  18   0   9  18   0   0   0   0     0    0    0   1.414     47  0.00
  423  423     0  10   0   0   0   0   0  40  40   0   0  10   0   0   0   0   0   0   0   0     0    0    0   1.194     39  0.00
  424  424     0   0   0   0   0   0   0   0   0   0  10  60   0   0   0   0   0   0  20  10     0    0    0   1.089     36  0.00
  425  425     0   8   0   0   0   0   0   0  17   0  42   0   0   0   0   0   0   0   0  33     0    0    0   1.237     41  0.00
  426  426     8   0   0   0   0   0   0   0  25  58   0   0   0   0   0   0   8   0   0   0     0    0    0   1.075     35  0.00
  427  427     0   0   0   0   0   0   0   0   0   0   8   8   0   0   0  25   0   0  42  17     0    0    0   1.424     47  0.00
  428  428     0   0   0   0   8   8   0   0   0  50   0  33   0   0   0   0   0   0   0   0     0    0    0   1.127     37  0.00
  429  429    58   0   0   0   0   0   0   0   8   0   8   0   0   0   0   8   8   8   0   0     0    0    0   1.350     45  0.00
  430  430     0   0   0   0  33  50   8   0   0   0   0   0   0   0   0   0   0   0   0   8     0    0    0   1.127     37  0.00
  431  431    17   0   8   0   0   0   0   8  42   0   0   0   0   0   0   8   8   8   0   0     0    0    0   1.699     56  0.00
  432  432    17   0   0  17   0   0   0   0   0   8  33  25   0   0   0   0   0   0   0   0     0    0    0   1.517     50  0.00
  433  433     0   0   0   0   0   0   0   0   0   8   8   0   0   0   0   0   0  50  33   0     0    0    0   1.127     37  0.00
  434  434     0   0   0   0   0   0   0  40   0   0   0  20   0   0   0  20  10  10   0   0     0    0    0   1.471     49  0.00
  435  435     0  42   0  58   0   0   0   0   0   0   0   0   0   0   0   0   0   0   0   0     0    0    0   0.679     22  0.00
  436  436     0   0   0   0   0   0  33   0   0  50   8   0   0   0   0   0   0   8   0   0     0    0    0   1.127     37  0.00
  437  437     8   8   0   0  42   0   0   0   0   0   8   8   0   8   8   8   0   0   0   0     0    0    0   1.814     60  0.00
  438  438     0   0   0   0   0   0   0  17  58  17   8   0   0   0   0   0   0   0   0   0     0    0    0   1.119     37  0.00
  439  439     0   0   0   0   0   0   0   0   0   0   0   8   0   0  92   0   0   0   0   0     0    0    0   0.287      9  0.00
  440  440    42   0   8   0   0   0   0   0   0   0   0  33   0   0  17   0   0   0   0   0     0    0    0   1.237     41  0.00
  441  441     0   0   0  50  33   0   8   0   0   0   0   0   0   0   0   0   8   0   0   0     0    0    0   1.127     37  0.00
  442  442     0   0   0   0   0   0   0  33   0   8  17   0   0  42   0   0   0   0   0   0     0    0    0   1.237     41  0.00
  443  443     0   0   0   0   0   0   0   0   0   0   0  33   0   0   0   0   8   0   8  50     0    0    0   1.127     37  0.00
  444  444     0   0   0  42   0   0   0   0   8   0  33  17   0   0   0   0   0   0   0   0     0    0    0   1.237     41  0.00
  445  445    50  17   8   8   0   0   0   0   0   0   8   8   0   0   0   0   0   0   0   0     0    0    0   1.474     49  0.00
  446  446    33  25  17   0   8   0   0   0   0   8   0   0   0   0   0   0   0   0   8   0     0    0    0   1.633     54  0.00
  447  447     0 100   0   0   0   0   0   0   0   0   0   0   0   0   0   0   0   0   0   0     0    0    0   0.000      0  0.00
  448  448     0   0   0   0   0   0   0   0   0 100   0   0   0   0   0   0   0   0   0   0     0    0    0   0.000      0  0.00
  449  449     0   0   0   0   0   0   0   0   0   0   0  17   0   0   0   0   0   0  25  58     0    0    0   0.960     32  0.00
  450  450     0   0   0   0   0   0   0  92   0   0   0   0   0   0   0   0   0   0   0   8     0    0    0   0.287      9  0.00
  451  451     0   0   0   0   0   0   0   0   0   0  42   0   0   0   0   8   0  17   8  25     0    0    0   1.424     47  0.00
  452  452    50   0  17   0   0   0   0   0   0   0   0  33   0   0   0   0   0   0   0   0     0    0    0   1.011     33  0.00
  453  453     0  58   8   0  33   0   0   0   0   0   0   0   0   0   0   0   0   0   0   0     0    0    0   0.888     29  0.00
  454  454    17  17  67   0   0   0   0   0   0   0   0   0   0   0   0   0   0   0   0   0     0    0    0   0.868     28  0.00
  455  455     8   0  42   0   0   0   0   0   0   0   8  42   0   0   0   0   0   0   0   0     0    0    0   1.144     38  0.00
  456  456     0   0   0   0   0   0   0  50   0   0   0   0   0   0   0   0   0   0  50   0     0    0    0   0.693     23  0.00
  457  457     0   0   0   0   0   0   0 100   0   0   0   0   0   0   0   0   0   0   0   0     0    0    0   0.000      0  0.00
  458  458     0   0   0   0   0   0   0  17  33   0  17   0   0   0   0   0  33   0   0   0     0    0    0   1.330     44  0.00
  459  459     0   0   0   0   0   0   0   8   8   0  17   0   0   0  42   8   8   8   0   0     0    0    0   1.699     56  0.00
  460  460     0   8   0   0   8   0   0   0  17   0   8   0   0   0  42   0   0   0   8   8     0    0    0   1.699     56  0.00
  461  461     0   0   0   0   0   0   8  83   0   0   0   0   0   0   0   0   0   8   0   0     0    0    0   0.566     18  0.00
  462  462     0   0  33   0   0   0   0   8   0   0  17  33   0   0   8   0   0   0   0   0     0    0    0   1.445     48  0.00
  463  463     0   0   0   0   8   0   0   8  33  33   8   0   0   0   0   0   8   0   0   0     0    0    0   1.561     52  0.00
  464  464     0   0   0   0  42   8   0   8  17   0   0   0   0   8   8   0   0   0   8   0     0    0    0   1.699     56  0.00
  465  465     0   8   0   0   0  25   0   8   0   0   0   0   0   0   0   0   0  50   8   0     0    0    0   1.314     43  0.00
  466  466     0   0   0   0   0   0   0   8  17   0   0   0   0   0   0   0   0  25   0  50     0    0    0   1.199     40  0.00
  467  467     0   0   0   0   0   0   0   0   8   0  50   0   0   0  17  17   0   8   0   0     0    0    0   1.358     45  0.00
  468  468     0   0   0   0   0   0   0   8   8   0   0  50   0   0   0   0   0  17   8   8     0    0    0   1.474     49  0.00
  469  469     0   0   0   0   0   0   0   0  18  82   0   0   0   0   0   0   0   0   0   0     0    0    0   0.474     15  0.00
  470  470    67   0  17   0   0   0   0   0   0   0   0   0   8   0   0   0   0   0   8   0     0    0    0   0.983     32  0.00
  471  471     0  50   8   0  42   0   0   0   0   0   0   0   0   0   0   0   0   0   0   0     0    0    0   0.918     30  0.00
  472  472     0   0   0   0   8   0   8   0  17   0   0  33   0   8   0   0  17   0   8   0     0    0    0   1.792     59  0.00
  473  473     0   0   0   0   0   0   0   0   8  92   0   0   0   0   0   0   0   0   0   0     0    0    0   0.287      9  0.00
  474  474     8  17   8   0   0   0   0   0   0   0   0   0   0   0   8   0   0  42   0  17     0    0    0   1.583     52  0.00
  475  475     8  50  42   0   0   0   0   0   0   0   0   0   0   0   0   0   0   0   0   0     0    0    0   0.918     30  0.00
  476  476     0   0   0   0   0   8  92   0   0   0   0   0   0   0   0   0   0   0   0   0     0    0    0   0.287      9  0.00
  477  477    33   8   0   0   0   0   0   0   0   0   0   0   0  25   8   8   8   0   0   8     0    0    0   1.748     58  0.00
  478  478     0   0   0   0   0   0   0   0   0 100   0   0   0   0   0   0   0   0   0   0     0    0    0   0.000      0  0.00
  479  479     0   0   0   0   8   0   0   0   0   0   0   0   0   0   0   0   0  58   8  25     0    0    0   1.075     35  0.00
  480  480     0   0   0   0   0   0   0   0   0   0   0  17   0   0   0  17  42   8   8   8     0    0    0   1.583     52  0.00
  481  481     0   0   0   0   0   0   0   0   0  17  17   0   0   8   0   0   8   0  17  33     0    0    0   1.676     55  0.00
  482  482     8   8   8   0   0   0   0   0   0   0   0  33   0   0  25   0   0   8   0   8     0    0    0   1.748     58  0.00
  483  483     0   0   0   0  92   8   0   0   0   0   0   0   0   0   0   0   0   0   0   0     0    0    0   0.287      9  0.00
  484  484     0   0   0   8   0   0  33   0   0   0   0   8   0   0   0  17   0  33   0   0     0    0    0   1.445     48  0.00
  485  485    17   0   8   0   0   0   0   0   0   0   8   8   0   0   0  42   8   8   0   0     0    0    0   1.699     56  0.00
  486  486     8  42   0   8   0   0   0   0   0   0   0   0   0   0   0   0  42   0   0   0     0    0    0   1.144     38  0.00
  487  487     0   0   0   0   0   0   0   0  25   0   8   8   0   0   8   0   0   0  50   0     0    0    0   1.314     43  0.00
  488  488     0   0   0   0   0   0   0   0   0  75   8   8   0   0   0   0   0   0   0   8     0    0    0   0.837     27  0.00
  489  489     0   0   0   0   0   0   0   8   0  17  17  17   0   0   0   0   0   0  42   0     0    0    0   1.468     48  0.00
  490  490     0   8   0   0   0   0   0   0   0   0  42  33   0   0   8   0   0   0   8   0     0    0    0   1.352     45  0.00
  491  491    17   0  67   0   0   0   0   0   8   0   0   0   0   0   8   0   0   0   0   0     0    0    0   0.983     32  0.00
  492  492    33   0   0   0   0   0   8   8   0  50   0   0   0   0   0   0   0   0   0   0     0    0    0   1.127     37  0.00
  493  493     0   0   0   0   0   0   0   0   0   0   0   0   0   0 100   0   0   0   0   0     0    0    0   0.000      0  0.00
  494  494    42   0   0  42   0   0   0   8   0   0   0   0   0   0   0   0   0   0   8   0     0    0    0   1.144     38  0.00
  495  495     0   0   0   0   0   0 100   0   0   0   0   0   0   0   0   0   0   0   0   0     0    0    0   0.000      0  0.00
  496  496     0   0   0   0   0   0   0   0   0   0   0   0   0 100   0   0   0   0   0   0     0    0    0   0.000      0  0.00
  497  497     0   0   0   0   0   0   0   0   0   0 100   0   0   0   0   0   0   0   0   0     0    0    0   0.000      0  0.00
  498  498     0   0  50   0   0   0   0   8  17   0  17   8   0   0   0   0   0   0   0   0     0    0    0   1.358     45  0.00
  499  499     0   0   0   0   0   0   0   0  42   0  58   0   0   0   0   0   0   0   0   0     0    0    0   0.679     22  0.00
  500  500     8  42  33   0   0   0   0   0   0   0   0   8   0   0   0   0   0   0   8   0     0    0    0   1.352     45  0.00
  501  501     0  92   0   0   0   0   0   0   8   0   0   0   0   0   0   0   0   0   0   0     0    0    0   0.287      9  0.00
  502  502     0 100   0   0   0   0   0   0   0   0   0   0   0   0   0   0   0   0   0   0     0    0    0   0.000      0  0.00
  503  503     0   0   0   0   0   0   0   0   0  75   8   0   0   0  17   0   0   0   0   0     0    0    0   0.721     24  0.00
  504  504     0   0   0   0   0   0   0   0   0   0   0   0   0   0   0   0   0   0   0 100     0    0    0   0.000      0  0.00
  505  505     0   0   0   0   0   0   0 100   0   0   0   0   0   0   0   0   0   0   0   0     0    0    0   0.000      0  0.00
  506  506     0   0   0   0   0   0   0   0   0   0   0   0   0   0  92   8   0   0   0   0     0    0    0   0.287      9  0.00
  507  507    75   8  17   0   0   0   0   0   0   0   0   0   0   0   0   0   0   0   0   0     0    0    0   0.721     24  0.00
  508  508     0  58   0   0  42   0   0   0   0   0   0   0   0   0   0   0   0   0   0   0     0    0    0   0.679     22  0.00
  509  509    42   8   0   0   8   0   0   0   0   0   8   0   0   0   0   0   0   0  33   0     0    0    0   1.352     45  0.00
  510  510     0   0   0   0   0   0   0  83  17   0   0   0   0   0   0   0   0   0   0   0     0    0    0   0.451     15  0.00
  511  511     0   0   0   0   0   0   0  92   0   0   8   0   0   0   0   0   0   0   0   0     0    0    0   0.287      9  0.00
  512  512     0   0   0   0   0   0   0  42   0   0  50   0   0   0   0   0   0   0   0   8     0    0    0   0.918     30  0.00
  513  513     0   0   0   0   0   0   0  36   0   0   9   0   0   0   0   0   0   0  55   0     0    0    0   0.916     30  0.00
  514  514     0  45   0   0  27   0   9   0   0   9   0   9   0   0   0   0   0   0   0   0     0    0    0   1.367     45  0.00
  515  515     0   0   0   0   0   0   9   0   0   0   0  36  36   9   0   0   0   0   9   0     0    0    0   1.390     46  0.00
  516  516     0   0   0   0   0   0   9  55  18   0   0   0   0   0   0   0   0   0  18   0     0    0    0   1.169     39  0.00
  517  517    27   0   0   0   9   0   0   9   0   0   0   0   0   0   9   0   0   0   0  45     0    0    0   1.367     45  0.00
  518  518     0  18   0   0   0   0  18   0   0   9   0   9  36   0   0   0   0   9   0   0     0    0    0   1.642     54  0.00
  519  519     0   0   0   0  18   0  18   0   0   0   0  36   0   0   0  18   9   0   0   0     0    0    0   1.516     50  0.00
  520  520     0   0   0   0  17   0   0   0   0  42   0  33   0   0   8   0   0   0   0   0     0    0    0   1.237     41  0.00
  521  521     0   0   0   0   0   0   0   8   0   0   0  33   0   0   0   0   0   0  58   0     0    0    0   0.888     29  0.00
  522  522     8   0   0   0   0   0   0   0   0   0   0   0   0  33   0   8   0  42   0   8     0    0    0   1.352     45  0.00
  523  523     0  50   0   0  42   0   0   0   0   0   0   0   0   0   8   0   0   0   0   0     0    0    0   0.918     30  0.00
  524  524     0   0   0   0   0   0   0   0   0   0  25   8   0   0  25   0   0   8   0  33     0    0    0   1.474     49  0.00
  525  525     0  33  17   0   0   0   0   0  42   0   0   0   0   0   0   0   8   0   0   0     0    0    0   1.237     41  0.00
  526  526     0   0   0   0   0   0   0   0   0   0   0   0   0   0   0   0  33  67   0   0     0    0    0   0.637     21  0.00
  527  527     8   0  42   0   0   0   0   0  42   0   0   0   0   0   0   8   0   0   0   0     0    0    0   1.144     38  0.00
  528  528     0   0   0   0  75   0  25   0   0   0   0   0   0   0   0   0   0   0   0   0     0    0    0   0.562     18  0.00
  529  529     0   8   0   0   0   0   0   0   0   0  42  42   0   0   0   0   0   8   0   0     0    0    0   1.144     38  0.00
  530  530     0   0   0   0   0   0   0   0   0 100   0   0   0   0   0   0   0   0   0   0     0    0    0   0.000      0  0.00
  531  531     8   0   0   0   0   0   0   0   0  33   8   0   0   0   8   0   0   8  33   0     0    0    0   1.561     52  0.00
  532  532     0   0   0   0   0   0 100   0   0   0   0   0   0   0   0   0   0   0   0   0     0    0    0   0.000      0  0.00
  533  533     0 100   0   0   0   0   0   0   0   0   0   0   0   0   0   0   0   0   0   0     0    0    0   0.000      0  0.00
  534  534     0   0   0   0  17   0  42   0   0   0   8   0   0   0   0   0   8   0   0  25     0    0    0   1.424     47  0.00
  535  535     0   0   0   0   8   0   0   0   0  25   0   8   0   0  17   0   8   0  33   0     0    0    0   1.633     54  0.00
  536  536     0   0   0   0   0   0   0   0   9   0  36   9   0   0   0   9   9   9   0  18     0    0    0   1.768     59  0.00
  537  537     0  10   0   0  10   0  20   0   0   0  10   0   0   0  10   0   0   0  40   0     0    0    0   1.609     53  0.00
  538  538     0   0   0   0   0   0   0  40  30   0  20   0   0   0   0   0   0   0   0  10     0    0    0   1.280     42  0.00
  539  539     0   0   0   0   0   0   0   0   0  10  10   0   0   0  10   0   0   0  70   0     0    0    0   0.940     31  0.00
  540  540    10  70  10  10   0   0   0   0   0   0   0   0   0   0   0   0   0   0   0   0     0    0    0   0.940     31  0.00
  541  541     0   0   0   0   0   0   0  20  80   0   0   0   0   0   0   0   0   0   0   0     0    0    0   0.500     16  0.00
  542  542     0   0   0   0   0   0   0   0   0  17  17  67   0   0   0   0   0   0   0   0     0    0    0   0.868     28  0.00
  543  543     0   0   0   0   0   0   0   0   0   0   0   0   0   0 100   0   0   0   0   0     0    0    0   0.000      0  0.00
  544  544     0   0   0   0   0   0   0   0   0 100   0   0   0   0   0   0   0   0   0   0     0    0    0   0.000      0  0.00
  545  545     8   0   0   0   0   0   0   0   0   0   8   8   0   0   8  50   0   8   0   8     0    0    0   1.589     53  0.00
  546  546     0   8  92   0   0   0   0   0   0   0   0   0   0   0   0   0   0   0   0   0     0    0    0   0.287      9  0.00
  547  547    17   8  17   0   0   0   0   0   0   0  17  33   0   0   0   0   8   0   0   0     0    0    0   1.676     55  0.00
  548  548     0  10   0   0   0   0   0   0   0   0  10  10   0   0  40   0   0  10  10  10     0    0    0   1.748     58  0.00
  549  549     8   0   8   0   0   0   0   8   0  17   0  58   0   0   0   0   0   0   0   0     0    0    0   1.234     41  0.00
  550  550     0   0   0   0   0   0   0   8  17   8  42   0   0   0   8   0   0  17   0   0     0    0    0   1.583     52  0.00
  551  551     0   9   0   0   0   0   0   0   0  36   0  45   0   0   0   0   0   0   0   9     0    0    0   1.162     38  0.00
  552  552     0   0   0   0   0   0   0   0   8   0   0   0   0   0   0  17  67   0   0   8     0    0    0   0.983     32  0.00
  553  553     8   0   8   0   0   0   0   8   0   0  42  17   0   0   0   0   8   8   0   0     0    0    0   1.699     56  0.00
  554  554    33   8  42   0   0   0   0   0   0   0   0   8   0   0   0   0   0   0   8   0     0    0    0   1.352     45  0.00
  555  555     8   0   0   8   0   0   0   0   8   0   8   0   0   0   8  58   0   0   0   0     0    0    0   1.350     45  0.00
  556  556    33   8   0   0   0   0  33   0   0   8   0   0   0   0   8   0   0   0   8   0     0    0    0   1.561     52  0.00
  557  557     0   0   0   0   0   0  18  82   0   0   0   0   0   0   0   0   0   0   0   0     0    0    0   0.474     15  0.00
  558  558     0   0   0   0   0   0   0  64   0   0   0  18   0   0   0   0   9   9   0   0     0    0    0   1.034     34  0.00
  559  559     8   0   0   8   0   0   0   0   0   8   8   0   0   0  42   8   8   0   8   0     0    0    0   1.814     60  0.00
  560  560     0   8  42   0  25   0   0   8   8   0   0   0   0   0   8   0   0   0   0   0     0    0    0   1.540     51  0.00
  561  561     8   8   0   0   8   0   0   0   0   0   8  42   0   0   0   8   0   0   0  17     0    0    0   1.699     56  0.00
  562  562    25   8  33   0  17   0   0   0   8   0   8   0   0   0   0   0   0   0   0   0     0    0    0   1.633     54  0.00
  563  563     8   0   0   0   8   0   0  17   0   0  33   8   0   0   0  17   0   0   8   0     0    0    0   1.792     59  0.00
  564  564    17   0   8   0   8   0   0   0   0   0   8  50   0   0   8   0   0   0   0   0     0    0    0   1.474     49  0.00
  565  565     8   0   0   0   0   0   0   0   0   8   8   8   0   0   8   0   0   8   0  50     0    0    0   1.589     53  0.00
  566  566     8   0   0   0   8   0   0   8   0   0  50   8   0   0   0   8   8   0   0   0     0    0    0   1.589     53  0.00
  567  567     0   0   0   0   0   0   0   8   0   8  50  17   0   0   0   0   8   0   8   0     0    0    0   1.474     49  0.00
  568  568    25  17  42   0   0   0   0   0   0  17   0   0   0   0   0   0   0   0   0   0     0    0    0   1.309     43  0.00
  569  569     8   0   0   0   0   0   0   0  25   8  42   0   0   0   0  17   0   0   0   0     0    0    0   1.424     47  0.00
  570  570     9   0   0   0   0   0   0   0   0   0   0   0   0   0   0  82   9   0   0   0     0    0    0   0.600     20  0.00
  571  571    67   0   0   0   0   0   0   0  33   0   0   0   0   0   0   0   0   0   0   0     0    0    0   0.637     21  0.00
  572  572     0   0   0   0   0   0   0   8   0   0  33  33   0   0  25   0   0   0   0   0     0    0    0   1.286     42  0.00
  573  573     0  58  17  25   0   0   0   0   0   0   0   0   0   0   0   0   0   0   0   0     0    0    0   0.960     32  0.00
  574  574    25  17  58   0   0   0   0   0   0   0   0   0   0   0   0   0   0   0   0   0     0    0    0   0.960     32  0.00
  575  575     0   0   0   0  17   0   0   0  25   0   8   0   0   0  42   0   8   0   0   0     0    0    0   1.424     47  0.00
  576  576     0   8   0   0   0   8  33   0   0  50   0   0   0   0   0   0   0   0   0   0     0    0    0   1.127     37  0.00
  577  577     0   0   0   0   0   0   0  42   8   0  42   8   0   0   0   0   0   0   0   0     0    0    0   1.144     38  0.00
  578  578     0   0   0   0  42   0   0   0   8   0   8  42   0   0   0   0   0   0   0   0     0    0    0   1.144     38  0.00
  579  579     0   0   0   0   0   0   0   0  42   0  17  33   0   0   0   0   0   8   0   0     0    0    0   1.237     41  0.00
  580  580     0   0   0   0   0   0   0   0   0   0   0 100   0   0   0   0   0   0   0   0     0    0    0   0.000      0  0.00
  581  581     0   0   0   0   0   0   0   0   0   0   0   0   0 100   0   0   0   0   0   0     0    0    0   0.000      0  0.00
  582  582     8   0   0   0   0   0   0   0   8   0  50  33   0   0   0   0   0   0   0   0     0    0    0   1.127     37  0.00
  583  583    42   0   0   0  42   0   0   0   0   0   0  17   0   0   0   0   0   0   0   0     0    0    0   1.028     34  0.00
  584  584     0   0   0   0   0   0   0   0  25   0  25   0   0   0   0   0   0   0  33  17     0    0    0   1.358     45  0.00
  585  585     8   0   0  42   0   0   0   0   0   0   8  33   0   0   0   0   8   0   0   0     0    0    0   1.352     45  0.00
  586  586     0   0   0   0   0   0   0   8   0   0   8   0   0   8   0   0   0   0  33  42     0    0    0   1.352     45  0.00
  587  587     0   0   0   8   0   0   0   0   0   0   0   0   0   0   0   0  92   0   0   0     0    0    0   0.287      9  0.00
  588  588     0   0   0   0   0   0   0   0   0   0   0   0   0   0 100   0   0   0   0   0     0    0    0   0.000      0  0.00
  589  589     8  33   0   8   0   0   0   0   0   0   8   8   0   0  33   0   0   0   0   0     0    0    0   1.561     52  0.00
  590  590    25  33  42   0   0   0   0   0   0   0   0   0   0   0   0   0   0   0   0   0     0    0    0   1.078     35  0.00
  591  591    25   0   8   8   0   0   0   0   8  42   0   0   0   0   0   8   0   0   0   0     0    0    0   1.540     51  0.00
  592  592     0  92   0   0   0   0   0   0   0   0   0   0   0   8   0   0   0   0   0   0     0    0    0   0.287      9  0.00
  593  593     8   0   0   0   0   0   0   0   8   0   0  42   0   0   8  17   0   0   8   8     0    0    0   1.699     56  0.00
  594  594    25  50   8   0  17   0   0   0   0   0   0   0   0   0   0   0   0   0   0   0     0    0    0   1.199     40  0.00
  595  595     0   0   0   0   0   0   0   0   8   0   8  58   0   0  17   8   0   0   0   0     0    0    0   1.234     41  0.00
  596  596     0   0   0   0   8   0   0   0   8   8   0   0   0   0  17   0   0   8  42   8     0    0    0   1.699     56  0.00
  597  597    18   0   0   0   0   0   0   0   0   0   0   0   0   0   0  18   9   0  36  18     0    0    0   1.516     50  0.00
  598  598     0  20   0   0   0   0   0  70   0   0  10   0   0   0   0   0   0   0   0   0     0    0    0   0.802     26  0.00
  599  599     9   0   0   0   0   0   0  64   0   0   0   9   0   0   0   9   9   0   0   0     0    0    0   1.160     38  0.00
  600  600     0   9   9   0   0   0   0   9   0   0   9   0   0   0   0   0   0   0  45  18     0    0    0   1.540     51  0.00
  601  601     0   0   0   0   0   0   0   0   0   9  64   0   0   0   9   9   0   0   9   0     0    0    0   1.160     38  0.00
  602  602     0   9   0   0   9   0  64   0   0   0   0   0   0   9   0   9   0   0   0   0     0    0    0   1.160     38  0.00
  603  603     0   0   8   0   0   0   0   8   8   0  33   8   0   0  17   0   8   8   0   0     0    0    0   1.907     63  0.00
  604  604    25   0  17   0  33   0  25   0   0   0   0   0   0   0   0   0   0   0   0   0     0    0    0   1.358     45  0.00
  605  605     0   0   0   0   0   0   0   0   0   0   8   8   0   0   8   8  58   8   0   0     0    0    0   1.350     45  0.00
  606  606    58   0   0   0   0   0   0   0  33   0   0   0   0   0   0   0   0   0   0   8     0    0    0   0.888     29  0.00
  607  607     0   0   0   0   0   0   0   0   0  92   0   0   0   0   8   0   0   0   0   0     0    0    0   0.287      9  0.00
  608  608     0   0   0   0   0   0   0   0   8  17  50  17   0   0   8   0   0   0   0   0     0    0    0   1.358     45  0.00
  609  609     0   0   0   0   0   0   0   8   0   0  25   8   0   0   0   0   0   8  17  33     0    0    0   1.633     54  0.00
  610  610     0   0   0   0   0   0   0  17  25   0  50   0   0   0   0   8   0   0   0   0     0    0    0   1.199     40  0.00
  611  611     0   0   8   0   0   0   8  33   8   0   0   0   0   0   0   8   0   8  25   0     0    0    0   1.748     58  0.00
  612  612    58  25  17   0   0   0   0   0   0   0   0   0   0   0   0   0   0   0   0   0     0    0    0   0.960     32  0.00
  613  613     8   0   0   0   0   0   0   0  83   0   8   0   0   0   0   0   0   0   0   0     0    0    0   0.566     18  0.00
  614  614     0  33   0   0   0   8   0   0   8  42   0   0   0   0   0   0   8   0   0   0     0    0    0   1.352     45  0.00
  615  615     0   0   0   0   0   0   0   0   0  92   8   0   0   0   0   0   0   0   0   0     0    0    0   0.287      9  0.00
  616  616     0   0   0   0   0   0   0 100   0   0   0   0   0   0   0   0   0   0   0   0     0    0    0   0.000      0  0.00
  617  617     0   0   0   0   0   8  83   0   0   8   0   0   0   0   0   0   0   0   0   0     0    0    0   0.566     18  0.00
  618  618     0   0   0   0   0  33  67   0   0   0   0   0   0   0   0   0   0   0   0   0     0    0    0   0.637     21  0.00
  619  619     0   8   0  92   0   0   0   0   0   0   0   0   0   0   0   0   0   0   0   0     0    0    0   0.287      9  0.00
  620  620     8  50  17  17   0   0   0   0   8   0   0   0   0   0   0   0   0   0   0   0     0    0    0   1.358     45  0.00
  621  621     0   0   0   0 100   0   0   0   0   0   0   0   0   0   0   0   0   0   0   0     0    0    0   0.000      0  0.00
  622  622    67  17   0   0   0   0   0   0  17   0   0   0   0   0   0   0   0   0   0   0     0    0    0   0.868     28  0.00
  623  623    50   0   8  33   0   0   0   0   0   0   0   8   0   0   0   0   0   0   0   0     0    0    0   1.127     37  0.00
  624  624     0   0   0   0   0   0   8   0   0   0   8   0   0  17   0   0   0   0  58   8     0    0    0   1.234     41  0.00
  625  625     0   0   0   0   0   0   0   9   0   0  36   0   0   0   9   9  27   0   9   0     0    0    0   1.594     53  0.00
  626  626     0   0   0   0   0   0   0   0  71   0   0   0   0   0   0   0   0  29   0   0     0    0    0   0.598     19  0.00
  627  627     0   0   0   0   0   0   0  83   0   0   0   0   0   0   0   0   0   0   0  17     0    0    0   0.451     15  0.00
  628  628    58   0  33   0   0   0   0   0   0   0   0   8   0   0   0   0   0   0   0   0     0    0    0   0.888     29  0.00
  629  629     0   0   0   0   0   0   0   0   0 100   0   0   0   0   0   0   0   0   0   0     0    0    0   0.000      0  0.00
  630  630     0   0   0   0   0   0   0   0   0   0 100   0   0   0   0   0   0   0   0   0     0    0    0   0.000      0  0.00
  631  631    60   0  10   0   0   0   0   0   0   0  10   0   0   0   0  10   0  10   0   0     0    0    0   1.228     40  0.00
  632  632     0   0   0   0   0   0   0  20  80   0   0   0   0   0   0   0   0   0   0   0     0    0    0   0.500     16  0.00
  633  633    10  10   0   0   0   0   0   0  10   0  40   0   0   0  10   0   0  20   0   0     0    0    0   1.609     53  0.00
  634  634     0   0   0   0   0  60   0   0   0   0   0  40   0   0   0   0   0   0   0   0     0    0    0   0.673     22  0.00
  635  635    40   0  60   0   0   0   0   0   0   0   0   0   0   0   0   0   0   0   0   0     0    0    0   0.673     22  0.00
  636  636     0   0   0   0   0   0   0   0   0   0   0   0   0   0  70  10  20   0   0   0     0    0    0   0.802     26  0.00
  637  637    50  10  40   0   0   0   0   0   0   0   0   0   0   0   0   0   0   0   0   0     0    0    0   0.943     31  0.00
  638  638     0   0   0   0   0   0   0   0   0   0   0 100   0   0   0   0   0   0   0   0     0    0    0   0.000      0  0.00
  639  639     0   0   0   0   0   0   0   0   0   0   0   0   0   0   0   0 100   0   0   0     0    0    0   0.000      0  0.00
//
