ID Pseudo hssp file.
SEQ 
SEQ gi|13640120|ref|XP_006344.2| proteoglycan 2, bone marrow (natura...   229  1e-59
SEQ gi|119239|sp|P13727|EMBP_HUMAN EOSINOPHIL GRANULE MAJOR BASIC PR...   223  9e-58
SEQ gi|4506047|ref|NP_002719.1| proteoglycan 2, bone marrow (natural...   222  1e-57
SEQ gi|187415|gb|AAA36203.1| (M36805) major basic protein precursor ...   222  2e-57
SEQ gi|3913579|sp|P81448|EMBP_CRIGR EOSINOPHIL GRANULE MAJOR BASIC P...   221  3e-57
SEQ gi|6679457|ref|NP_032946.1| proteoglycan 2, bone marrow [Mus mus...   159  1e-38
SEQ gi|2143720|pir||S62731 eosinophil major basic protein precursor ...   157  5e-38
SEQ gi|13928848|ref|NP_113807.1| proteoglycan 2, bone marrow [Rattus...   156  9e-38
SEQ gi|5174531|ref|NP_006084.1| proteoglycan 3; prepro-major basic p...   150  6e-36
SEQ gi|119238|sp|P22032|EMB1_CAVPO EOSINOPHIL GRANULE MAJOR BASIC PR...   137  6e-32
SEQ gi|8394042|ref|NP_058610.1| proteoglycan 3; major basic protein ...   131  5e-30
SEQ gi|544241|sp|P35709|EMB2_CAVPO EOSINOPHIL GRANULE MAJOR BASIC PR...   127  5e-29
SEQ gi|1085594|pir||S40491 major basic protein - guinea pig               121  4e-27
SEQ gi|544648|gb|AAB29410.1| major basic protein, MBP=antibacterial ...    94  6e-19
SEQ gi|7494757|pir||T29754 hypothetical protein B0218.6 - Caenorhabd...    53  1e-06
SEQ gi|547847|sp|Q02988|LECA_PLEWA LECTIN PRECURSOR >gi|479197|pir||...    49  2e-05
SEQ gi|7507004|pir||T29200 hypothetical protein T03F1.10 - Caenorhab...    48  6e-05
SEQ gi|7494759|pir||T29756 hypothetical protein B0218.8 - Caenorhabd...    46  2e-04
SEQ gi|14573902|gb|AAA62570.2| (U21324) Hypothetical protein C35D10....    44  9e-04
SEQ 
## SEQUENCE PROFILE AND ENTROPY
 SeqNo PDBNo   V   L   I   M   F   W   Y   G   A   P   S   T   C   H   R   K   Q   E   N   D  NOCC NDEL NINS ENTROPY RELENT WEIGHT
    1    1     0   0   0   0   0   0   0   0   0   0   0   0   0   0 100   0   0   0   0   0     0    0    0   0.000      0  0.00
    2    2     0   0   0   0   0   0 100   0   0   0   0   0   0   0   0   0   0   0   0   0     0    0    0   0.000      0  0.00
    3    3    31  63   0   0   0   0   0   0   0   0   0   0   0   0   0   6   0   0   0   0     0    0    0   0.831     27  0.00
    4    4     6  72   0  17   0   0   6   0   0   0   0   0   0   0   0   0   0   0   0   0     0    0    0   0.855     28  0.00
    5    5    78   6   6   0  11   0   0   0   0   0   0   0   0   0   0   0   0   0   0   0     0    0    0   0.761     25  0.00
    6    6     0   0   0   0   0   0   0  16   0   5   5   0   0   0  74   0   0   0   0   0     0    0    0   0.826     27  0.00
    7    7     5   0   0   0   0   0   0   0  11   0  47  16   0   0  16   0   0   0   5   0     0    0    0   1.484     49  0.00
    8    8     0  32   0   0   0   0   0   0  42  26   0   0   0   0   0   0   0   0   0   0     0    0    0   1.080     36  0.00
    9    9    11   0   0   0   0   0   0   0   0   0   5   0   0   0  16  16  32  21   0   0     0    0    0   1.667     55  0.00
   10   10     0   0   0   0   0   0   0   0   0   0  10  65  15   0   0   0   0   0   5   5     0    0    0   1.094     36  0.00
   11   11     0   0   0   0  95   5   0   0   0   0   0   0   0   0   0   0   0   0   0   0     0    0    0   0.199      6  0.00
   12   12     5   0   0   0   0   0   0   0   5   0  30   5   0   0   0   5  15   0  25  10     0    0    0   1.822     60  0.00
   13   13     0   0   0   0   0   0   0   0   0   0   5  10   0   0   0  20  40  20   0   5     0    0    0   1.540     51  0.00
   14   14     0   0   0   0   0   0   0   0 100   0   0   0   0   0   0   0   0   0   0   0     0    0    0   0.000      0  0.00
   15   15     0   0   0   0   0  30   0   0   0   0   0   0   0   0   0   0  50  20   0   0     0    0    0   1.030     34  0.00
   16   16     0  10   0   0  35  15   0   0   5   0  20   0   0   0   5   0   0   5   5   0     0    0    0   1.803     60  0.00
   17   17    45   0  20   0   0   0   5   0   0   0   0  30   0   0   0   0   0   0   0   0     0    0    0   1.192     39  0.00
   18   18     0   0   0   0   0   0   0   0   0   0   0   0 100   0   0   0   0   0   0   0     0    0    0   0.000      0  0.00
   19   19     0   0   0   0   0   0   0   0   0   0   6   0   0   0  59   0  35   0   0   0     0    0    0   0.846     28  0.00
   20   20     0   0   0   0   0   0   0   0  15   0  10   0   0   0  65   5   0   5   0   0     0    0    0   1.094     36  0.00
   21   21     0   5   0   0   0   0   0   0   0   0   0  15  80   0   0   0   0   0   0   0     0    0    0   0.613     20  0.00
   22   22     0  16   0   0   5   0  79   0   0   0   0   0   0   0   0   0   0   0   0   0     0    0    0   0.633     21  0.00
   23   23     0   0   0   0   0   0   0   5   0   5  11   0   0   0  74   0   0   0   5   0     0    0    0   0.927     30  0.00
   24   24     0   0   0   0   0   0   0 100   0   0   0   0   0   0   0   0   0   0   0   0     0    0    0   0.000      0  0.00
   25   25     0   0   0   0   0   0   0   0   0   0   0  15   0  20   0   0   0   0  65   0     0    0    0   0.886     29  0.00
   26   26     0 100   0   0   0   0   0   0   0   0   0   0   0   0   0   0   0   0   0   0     0    0    0   0.000      0  0.00
   27   27    50   0   0   0   0   0   0   0  50   0   0   0   0   0   0   0   0   0   0   0     0    0    0   0.693     23  0.00
   28   28     0   0   0   0   0   0   0   0   0   0 100   0   0   0   0   0   0   0   0   0     0    0    0   0.000      0  0.00
   29   29    10   0  90   0   0   0   0   0   0   0   0   0   0   0   0   0   0   0   0   0     0    0    0   0.325     10  0.00
   30   30     0   0   0   0   0   0   0   0   0   0   0   0   0 100   0   0   0   0   0   0     0    0    0   0.000      0  0.00
   31   31     0   0   0   0   0   0   0   0   0   0  50   0   0   0   0   0   0   0  45   5     0    0    0   0.856     28  0.00
   32   32     0   0   0   0  65   0  10   0  10   0   5   5   0   0   0   0   0   5   0   0     0    0    0   1.190     39  0.00
   33   33     0   0  15   0   0   0   0   0  15   0  20   0   0   0   0   0   0   0  45   5     0    0    0   1.400     46  0.00
   34   34    15   0  35   0  25   0   0   0   0   0   0   0   0   0   0   0   0  10   0  15     0    0    0   1.513     50  0.00
   35   35     0   0   0   0   0   0   0   0   0   0   0   0   0   0   0   0   0   0 100   0     0    0    0   0.000      0  0.00
   36   36     0   5   0   0  15   0  55   0   5   0   5  10   0   0   0   0   0   0   0   5     0    0    0   1.443     48  0.00
   37   37     0   0   0   0  20   0   0   5   0   0   5   0   0   0  45   0  25   0   0   0     0    0    0   1.327     44  0.00
   38   38    30   5  65   0   0   0   0   0   0   0   0   0   0   0   0   0   0   0   0   0     0    0    0   0.791     26  0.00
   39   39     0   0   0   5   0   0   0   0   0   0  15   5   0   0   0   0  75   0   0   0     0    0    0   0.800     26  0.00
   40   40     0   0   0   0   0   0   0   5   0   0  30   0  50   0   5   0   0   5   5   0     0    0    0   1.307     43  0.00
   41   41     0   5   5   0  10   0   0   0   5   0  40  15   5   0   0   0  15   0   0   0     0    0    0   1.765     58  0.00
   42   42    45   0   5   0   0   0   0   0  20   0  20  10   0   0   0   0   0   0   0   0     0    0    0   1.383     46  0.00
   43   43     0   0   0   5   5   0   0   0  15   0  35   0   0   0  25   0  15   0   0   0     0    0    0   1.583     52  0.00
   44   44     0   0   5   0   0   0   0  30  30   0   0   5   0   0   0  25   0   0   5   0     0    0    0   1.518     50  0.00
   45   45     5  55  20   0   5   0  10   0   0   0   0   0   0   0   0   0   0   0   5   0     0    0    0   1.330     44  0.00
   46   46     0   0   5   5   5   0   0   0   0   0   5   0   0   0   0   0   0   0  80   0     0    0    0   0.778     25  0.00
   47   47    20   0   0   0   0   0   0   0   0   0   5   0   0   0   0   0  55   0   5  15     0    0    0   1.235     41  0.00
   48   48     0   0   0   0   0   0   0  60  25   0  10   0   0   0   0   0   0   0   5   0     0    0    0   1.033     34  0.00
   49   49     0   0   5   0   0   0   5  15   0   0   5   0   0   0   0   0  70   0   0   0     0    0    0   0.984     32  0.00
   50   50    90   0   0   0   0   0   0   0  10   0   0   0   0   0   0   0   0   0   0   0     0    0    0   0.325     10  0.00
   51   51     0   0   0   0   0  95   5   0   0   0   0   0   0   0   0   0   0   0   0   0     0    0    0   0.199      6  0.00
   52   52     5  10  85   0   0   0   0   0   0   0   0   0   0   0   0   0   0   0   0   0     0    0    0   0.518     17  0.00
   53   53     0   0   0   0   0   0   0 100   0   0   0   0   0   0   0   0   0   0   0   0     0    0    0   0.000      0  0.00
   54   54     0   0   0   0   0   0   0  80  20   0   0   0   0   0   0   0   0   0   0   0     0    0    0   0.500     16  0.00
   55   55     0   0   5   0   0   0   0   0   0   0   5   0   0   0  47   5  32   0   5   0     0    0    0   1.338     44  0.00
   56   56     0  32  47   0   0   5   0   0  11   0   0   5   0   0   0   0   0   0   0   0     0    0    0   1.265     42  0.00
   57   57    10   0   0   0   0   0   0   0   0   5  15  35   0   0  30   5   0   0   0   0     0    0    0   1.543     51  0.00
   58   58     0   0   0   0   0   0   0  75  15   0   5   0   0   0   0   0   0   0   0   5     0    0    0   0.800     26  0.00
   59   59     0   0   0   0   0  21   0   0   0  16  37   0   5   0   0  21   0   0   0   0     0    0    0   1.470     49  0.00
   60   60     0   0   0   0   5   5   5  65   0   0   5   0   0   0   0   0   0   0   0  15     0    0    0   1.164     38  0.00
   61   61    16   5   0   0   5   0   0   0   0   0   0   0   0   5  63   5   0   0   0   0     0    0    0   1.202     40  0.00
   62   62     0   0   0   0   0  11   0   0   0   0   0  16  63   5   0   0   0   0   0   5     0    0    0   1.129     37  0.00
   63   63     0   0   0   0   0   0   0   0   0   0   0   0   0   0  53  32   0   0  16   0     0    0    0   0.993     33  0.00
   64   64     5   0   0   0   0   0   0   0   0   0   5   0   0   5  65   5   0   0  15   0     0    0    0   1.164     38  0.00
   65   65     0   0   0   0  85  15   0   0   0   0   0   0   0   0   0   0   0   0   0   0     0    0    0   0.423     14  0.00
   66   66    20   0   0   0   0   0  15   0   0   0   0   0  10   5  15   0  30   0   5   0     0    0    0   1.782     59  0.00
   67   67     0   0   0   0   0 100   0   0   0   0   0   0   0   0   0   0   0   0   0   0     0    0    0   0.000      0  0.00
   68   68    55   5  10   5   0   0   0   0   0   0   0  25   0   0   0   0   0   0   0   0     0    0    0   1.205     40  0.00
   69   69     0   0   0   0   0   0   0   0   0   0   0   0   0   0   0   0   0   0   0 100     0    0    0   0.000      0  0.00
   70   70     0   0   0   0   0   0   0  85   0   0   0   0   0   0  15   0   0   0   0   0     0    0    0   0.423     14  0.00
   71   71     0   0   0   0   0   0   0   0   0   0  75  25   0   0   0   0   0   0   0   0     0    0    0   0.562     18  0.00
   72   72    16   5   0   0   0   0   0   0   0   0  16   0   5   5  32   0   5   0  11   5     0    0    0   1.959     65  0.00
   73   73     0   0   0   0  16  84   0   0   0   0   0   0   0   0   0   0   0   0   0   0     0    0    0   0.436     14  0.00
   74   74     0   0   0   0   0   0   0   0   0   0   0   0   0   0   0   0   0   0  80  20     0    0    0   0.500     16  0.00
   75   75     0   0   0   0  75   0  20   0   0   0   5   0   0   0   0   0   0   0   0   0     0    0    0   0.687     22  0.00
   76   76     0   0   0   0   0   5   0   5  65   0   0   0   0   0   0   0  20   0   0   5     0    0    0   1.051     35  0.00
   77   77     0   0   0   0   0   0  80   0   0   0   0   0   0   0   0   5   0   0  15   0     0    0    0   0.613     20  0.00
   78   78     0   0   0   0   0  80  15   0   0   0   0   5   0   0   0   0   0   0   0   0     0    0    0   0.613     20  0.00
   79   79     0   0   0   0   0   0   0   0  70   0   5   0   0   0   5  15   0   0   5   0     0    0    0   0.984     32  0.00
   80   80    15   0   5   0   0   0   0   0  50  10   0   0   0   0  15   0   5   0   0   0     0    0    0   1.446     48  0.00
   81   81     0   0   0   0   0   5   0  60   0   0   0   0   0  30   0   0   0   0   0   5     0    0    0   0.967     32  0.00
   82   82     0   0   0   0   0   0   0   0   0   0   0   0   0   0   0   0  95   5   0   0     0    0    0   0.199      6  0.00
   83   83     0   0   0   0   0   0   0   0   0  95   5   0   0   0   0   0   0   0   0   0     0    0    0   0.199      6  0.00
   84   84     0   0   0   0   5  50   0  10   0   0  10  10   5   0  10   0   0   0   0   0     0    0    0   1.567     52  0.00
   85   85     0   0   0   0   0   0   0  20   0  15  30   5   0   0  10   0   5   0  15   0     0    0    0   1.782     59  0.00
   86   86     0   0   0   0   0   0   0  25   0   5   0  10   0   5  30   0  20   0   5   0     0    0    0   1.709     57  0.00
   87   87     0   0   0   0   0   0   0  75   0   0   5   0   0   0  15   0   5   0   0   0     0    0    0   0.800     26  0.00
   88   88     0   0   0   0   0   0   0  85   0   0  10   0   0   0   0   0   0   0   0   5     0    0    0   0.518     17  0.00
   89   89     0   0   0   0   0   0   0   0  15   0   5   0   0  35  40   0   0   0   5   0     0    0    0   1.318     43  0.00
   90   90     0   0   0   0   0   0   0   0   0   0   0   0 100   0   0   0   0   0   0   0     0    0    0   0.000      0  0.00
   91   91    75   0   5  15   0   0   0   0   5   0   0   0   0   0   0   0   0   0   0   0     0    0    0   0.800     26  0.00
   92   92     0   5   0   0   0   0   0   0  35   0   0  40   0   0   0   0  15   0   0   5     0    0    0   1.318     43  0.00
   93   93     0  95   0   0   5   0   0   0   0   0   0   0   0   0   0   0   0   0   0   0     0    0    0   0.199      6  0.00
   94   94     0   0   0   0   5   0   0   0   0   0   5   0  74   0   0   0   5  11   0   0     0    0    0   0.927     30  0.00
   95   95     5   0   0   0   0   0   0   0  16   0   0  74   0   0   0   0   0   0   5   0     0    0    0   0.826     27  0.00
   96   96     0   0   0   0   0   0   5  16   0   0   0   5   0   0  58  11   5   0   0   0     0    0    0   1.310     43  0.00
   97   97     0   0   0   0   0   0   0  74   0   5   0  16   0   0   0   0   5   0   0   0     0    0    0   0.826     27  0.00
   98   98     0   0   0   0   0   0   0  84  11   0   5   0   0   0   0   0   0   0   0   0     0    0    0   0.537     17  0.00
   99   99     0   5   0   0   0   0  42   0   0   0   0   0   0  37   0  16   0   0   0   0     0    0    0   1.179     39  0.00
  100  100     0   0   0   0   0 100   0   0   0   0   0   0   0   0   0   0   0   0   0   0     0    0    0   0.000      0  0.00
  101  101     0   0   0   0   5   0   0   0   0   0   0   0   0   0  74   0  16   0   5   0     0    0    0   0.826     27  0.00
  102  102     0   5   0   0   0   0   0   0   0   0   5  16   0   0  68   0   0   0   0   5     0    0    0   1.016     33  0.00
  103  103     0   0   0   0   5   0   0   0  53   0  32   5   0   0   0   0   0   5   0   0     0    0    0   1.167     38  0.00
  104  104     0   0   0   0   0   0   0  11   0   5   5   0   0  58   0   0   5   0  16   0     0    0    0   1.310     43  0.00
  105  105     0   0   0   0   0   0   0   0   0   0   0   0 100   0   0   0   0   0   0   0     0    0    0   0.000      0  0.00
  106  106     5  32   0   0   0   0   0  26   0   0   0  21   0   0   0   5   0   0   0  11     0    0    0   1.590     53  0.00
  107  107     5   0   0   0   0   0   0   0  11   0   5   5   0   0  32  32   5   0   5   0     0    0    0   1.740     58  0.00
  108  108     0   0   0   0   0   0   0   0   5   0   0   0   0   5  63  16  11   0   0   0     0    0    0   1.129     37  0.00
  109  109     5  58   0   0   5   0   0   0   0   0   0   0   0   0  32   0   0   0   0   0     0    0    0   0.990     33  0.00
  110  110     0   0   0   0   0   0   0   0   5  95   0   0   0   0   0   0   0   0   0   0     0    0    0   0.206      6  0.00
  111  111     0   0   0   0 100   0   0   0   0   0   0   0   0   0   0   0   0   0   0   0     0    0    0   0.000      0  0.00
  112  112    16   0  79   0   0   0   0   0   0   0   5   0   0   0   0   0   0   0   0   0     0    0    0   0.633     21  0.00
  113  113     0   0   0   0   0   0   0   0   0   0   0   0 100   0   0   0   0   0   0   0     0    0    0   0.000      0  0.00
  114  114     0   0   0   0   0   0   0   0  11   0  72  11   0   0   0   6   0   0   0   0     0    0    0   0.884     29  0.00
  115  115     0   0   0   0  13   0  88   0   0   0   0   0   0   0   0   0   0   0   0   0     0    0    0   0.377     12  0.00
//
