ID Pseudo hssp file.
SEQ 
SEQ gi|134125|sp|P24239|RUVC_ECOLI CROSSOVER JUNCTION ENDODEOXYRIBON...   257  6e-68
SEQ gi|999741|pdb|1HJR|A Chain A, Holliday Junction Resolvase (E.C.3...   255  2e-67
SEQ gi|1173332|sp|P44633|RUVC_HAEIN CROSSOVER JUNCTION ENDODEOXYRIBO...   205  4e-52
SEQ gi|13431842|sp|P57894|RUVC_PASMU CROSSOVER JUNCTION ENDODEOXYRIB...   195  2e-49
SEQ gi|11279724|pir||H82149 crossover junction endodeoxyribonuclease...   192  2e-48
SEQ gi|2498881|sp|Q51424|RUVC_PSEAE CROSSOVER JUNCTION ENDODEOXYRIBO...   141  5e-33
SEQ gi|11279725|pir||C81857 crossover junction endodeoxyribonuclease...   119  1e-26
SEQ gi|11279726|pir||E81085 crossover junction endodeoxyribonuclease...   119  2e-26
SEQ gi|11361034|pir||H82623 holliday junction resolvase, endodeoxyri...   119  3e-26
SEQ gi|6094207|sp|O83530|RUVC_TREPA CROSSOVER JUNCTION ENDODEOXYRIBO...   102  3e-21
SEQ gi|13473342|ref|NP_104909.1| RuvC ; Holliday junction nuclease [...    99  3e-20
SEQ gi|13424922|gb|AAK25200.1| (AE005987) Holliday junction resolvas...    86  2e-16
SEQ gi|6685954|sp|Q9Z7T3|RUVC_CHLPN CROSSOVER JUNCTION ENDODEOXYRIBO...    86  2e-16
SEQ gi|6685941|sp|O84510|RUVC_CHLTR CROSSOVER JUNCTION ENDODEOXYRIBO...    83  2e-15
SEQ gi|7472021|pir||F75519 Holliday junction resolvase - Deinococcus...    83  2e-15
SEQ gi|6685947|sp|Q9WZ45|RUVC_THEMA CROSSOVER JUNCTION ENDODEOXYRIBO...    83  3e-15
SEQ gi|13431872|sp|Q9PJN9|RUVC_CHLMU CROSSOVER JUNCTION ENDODEOXYRIB...    81  9e-15
SEQ gi|13431870|sp|Q9L289|RUVC_STRCO CROSSOVER JUNCTION ENDODEOXYRIB...    81  9e-15
SEQ gi|7449103|pir||E71721 crossover junction endodeoxyribonuclease ...    79  3e-14
SEQ gi|6685957|sp|Q9ZE29|RUVC_RICPR CROSSOVER JUNCTION ENDODEOXYRIBO...    79  3e-14
SEQ gi|3914945|sp|O52751|RUVC_ANASP CROSSOVER JUNCTION ENDODEOXYRIBO...    71  7e-12
SEQ gi|13346822|gb|AAK19838.1|AF331924_3 (AF038651) crossover juncti...    70  2e-11
SEQ gi|3914941|sp|O25544|RUVC_HELPY CROSSOVER JUNCTION ENDODEOXYRIBO...    69  2e-11
SEQ gi|6685959|sp|Q9ZKX3|RUVC_HELPJ CROSSOVER JUNCTION ENDODEOXYRIBO...    69  2e-11
SEQ gi|11279728|pir||F81271 crossover junction endodeoxyribonuclease...    67  2e-10
SEQ gi|2498880|sp|Q50627|RUVC_MYCTU CROSSOVER JUNCTION ENDODEOXYRIBO...    63  2e-09
SEQ gi|730697|sp|P40834|RUVC_MYCLE CROSSOVER JUNCTION ENDODEOXYRIBON...    58  5e-08
SEQ 
## SEQUENCE PROFILE AND ENTROPY
 SeqNo PDBNo   V   L   I   M   F   W   Y   G   A   P   S   T   C   H   R   K   Q   E   N   D  NOCC NDEL NINS ENTROPY RELENT WEIGHT
    1    1     0   0   0   0   0   0   0   0  57   0  43   0   0   0   0   0   0   0   0   0     0    0    0   0.683     22  0.00
    2    2     8  31  62   0   0   0   0   0   0   0   0   0   0   0   0   0   0   0   0   0     0    0    0   0.859     28  0.00
    3    3    25   0  75   0   0   0   0   0   0   0   0   0   0   0   0   0   0   0   0   0     0    0    0   0.562     18  0.00
    4    4     4  71   7  18   0   0   0   0   0   0   0   0   0   0   0   0   0   0   0   0     0    0    0   0.855     28  0.00
    5    5     0   0   0   0   0   0   0 100   0   0   0   0   0   0   0   0   0   0   0   0     0    0    0   0.000      0  0.00
    6    6    18   7  75   0   0   0   0   0   0   0   0   0   0   0   0   0   0   0   0   0     0    0    0   0.712     23  0.00
    7    7     0   0   0   0   0   0   0   0   0   0   0   0   0   0   0   0   0   0   0 100     0    0    0   0.000      0  0.00
    8    8     0   0   0   0   0   0   0   0   0 100   0   0   0   0   0   0   0   0   0   0     0    0    0   0.000      0  0.00
    9    9     0   0   0   0   0   0   0  93   7   0   0   0   0   0   0   0   0   0   0   0     0    0    0   0.257      8  0.00
   10   10     0  39   0   0   0   0   4   0   0   0  46  11   0   0   0   0   0   0   0   0     0    0    0   1.082     36  0.00
   11   11     0   7   4   0   0   0   0  11   7   0   0  14   0   0  50   0   4   4   0   0     0    0    0   1.598     53  0.00
   12   12    39   0  11   0   0   0   0   0   0   0   4   0   0   0  25  14   0   0   7   0     0    0    0   1.538     51  0.00
   13   13     4  14   0   0   0   0   0   0   4   0   0  46  29   0   4   0   0   0   0   0     0    0    0   1.349     45  0.00
   14   14     0   0   0   0   0   0   0 100   0   0   0   0   0   0   0   0   0   0   0   0     0    0    0   0.000      0  0.00
   15   15     4  14   7   0  14  14  46   0   0   0   0   0   0   0   0   0   0   0   0   0     0    0    0   1.498     49  0.00
   16   16     0   0   0   0   0   0   0  61  29   0  11   0   0   0   0   0   0   0   0   0     0    0    0   0.900     30  0.00
   17   17    61  11  21   0   4   0   0   0   4   0   0   0   0   0   0   0   0   0   0   0     0    0    0   1.110     37  0.00
   18   18    29   4  68   0   0   0   0   0   0   0   0   0   0   0   0   0   0   0   0   0     0    0    0   0.740     24  0.00
   19   19     0   0   0   0   0   0   0   0  14   0   7   0   0   0  29   4   7  29   0  11     0    0    0   1.729     57  0.00
   20   20    25   4   0   0   0   0   0   7  11   0   7   0   0   7   0   7  21   7   4   0     0    0    0   2.097     69  0.00
   21   21    14   4   0   0   0   0   4   4  11   0   4   7   0   0  18   0   7  21   0   7     0    0    0   2.197     73  0.00
   22   22     4   0   0   0   0   0   0  61   4   0  18   0   0   0   0   4   4   0   7   0     0    0    0   1.275     42  0.00
   23   23     0   0   0   0   0   0   0   7   0   0   7  11   4   0  54   4   0   0  14   0     0    0    0   1.467     48  0.00
   24   24     0   0   0   0   0   0   4   4   0   4  11   4   0  11  11  21  25   0   0   7     0    0    0   2.059     68  0.00
   25   25    11  54   7   4   0   0   0   0   4   0   0   0   4  11   4   0   0   0   4   0     0    0    0   1.597     53  0.00
   26   26     4   0  11   0   7   0   4   0   0   0  21  11   0  11  11   4   4  11   4   0     0    0    0   2.310     77  0.00
   27   27     7  11   0   4   4   0  39   0   7  11   0   0   4  14   0   0   0   0   0   0     0    0    0   1.858     62  0.00
   28   28    21  46  18   0   4   0   7   0   0   0   0   0   0   4   0   0   0   0   0   0     0    0    0   1.420     47  0.00
   29   29     0   0   0   0   4   0   4  29  25   0  11  11   0   4   0   0   0   4   0  11     0    0    0   1.898     63  0.00
   30   30    14   0   0   0   7   0   7   0  14   0  43   0   0  11   0   4   0   0   0   0     0    0    0   1.654     55  0.00
   31   31     7   0   0   0   0   0   0  82   0   4   0   0   0   0   0   0   0   0   0   7     0    0    0   0.658     21  0.00
   32   32    29   7   0   0   7   0   0   0   7   0   0  14  29   0   0   7   0   0   0   0     0    0    0   1.748     58  0.00
   33   33    21   7  71   0   0   0   0   0   0   0   0   0   0   0   0   0   0   0   0   0     0    0    0   0.759     25  0.00
   34   34     4   4   0   0   0   0   0   0   0   0   4   7   0   0  46  25   0   4   7   0     0    0    0   1.556     51  0.00
   35   35     0   7  11   0   0   0   0   0   0   0   7  68   0   0   0   0   4   0   0   4     0    0    0   1.117     37  0.00
   36   36     0   0   0   0   0   0   0   7   0  25  14   7   0   7   0  18  11  11   0   0     0    0    0   1.976     65  0.00
   37   37    19   4   0   0   0   0   0   0  15   7  26   7   0   0   0   7   4   0   4   7     0    0    0   2.083     69  0.00
   38   38     0   4   0   0   0   0   0   4   7   0   7  11   0   0   0   7   4   4   4  48     0    0    0   1.785     59  0.00
   39   39     0   0   0   0   0   4   0   0  18  14   4   4   0   0   7   0   4  21   4  21     0    0    0   2.029     67  0.00
   40   40     0  78  11   0   7   0   0   0   0   4   0   0   0   0   0   0   0   0   0   0     0    0    0   0.754     25  0.00
   41   41     4   0   0   0   0   0   0   7  29  36   4   0   0  11   0   0  11   0   0   0     0    0    0   1.631     54  0.00
   42   42     0   4   0   4   0   0   4   4   4   0  18  11   0  11   4   0   7  14   7  11     0    0    0   2.395     79  0.00
   43   43     0   0   0   0   0   0   0   0   0   0   0   0   0   0  86   4  11   0   0   0     0    0    0   0.490     16  0.00
   44   44     0  68  18   0   0   0  11   0   0   0   0   0   0   0   4   0   0   0   0   0     0    0    0   0.929     31  0.00
   45   45     4  21   0   0   0   0   0   0  14   0   0   4   7   4   7  36   4   0   0   0     0    0    0   1.829     61  0.00
   46   46    11  14   0   0   7   0   4   0   7   0   0   7   0   7  14   0  18   4   0   7     0    0    0   2.283     76  0.00
   47   47     7  43  46   0   0   0   0   0   4   0   0   0   0   0   0   0   0   0   0   0     0    0    0   1.027     34  0.00
   48   48    11   4   7   0  25   0  25   0   0   0   7   0   4   7   0   0   0   4   7   0     0    0    0   2.043     68  0.00
   49   49     0   4   0   4   0   0   0   0  18   0  11   7   0   0  11   4   4  25   0  14     0    0    0   2.075     69  0.00
   50   50     0   0   7   0   0   0   0  39  14   0   4   4   0   7   0   0   4  14   0   7     0    0    0   1.846     61  0.00
   51   51    36  39  21   0   4   0   0   0   0   0   0   0   0   0   0   0   0   0   0   0     0    0    0   1.184     39  0.00
   52   52     4   4   0   0   0   0   0  11   4   0  18  21   0   4   4   0   4  14   4  11     0    0    0   2.227     74  0.00
   53   53     0   4   0   0   0   0   0   4   7   0   0  11   7   4   4  11   7  43   0   0     0    0    0   1.883     62  0.00
   54   54    43  11  32   0   0  14   0   0   0   0   0   0   0   0   0   0   0   0   0   0     0    0    0   1.245     41  0.00
   55   55     7  39  46   4   4   0   0   0   0   0   0   0   0   0   0   0   0   0   0   0     0    0    0   1.150     38  0.00
   56   56     0  11   0   0   0   0   0   0   0   0   4  29   0   4   4   4   7  11   0  29     0    0    0   1.859     62  0.00
   57   57     7   0   4   0   0   0   0   0   7   0   0   7   0   0  14   0  32  21   4   4     0    0    0   1.895     63  0.00
   58   58     0   4   0   0  21   0  39   0   4   0   0   4   0  21   0   0   0   7   0   0     0    0    0   1.573     52  0.00
   59   59     0   0   0   4   0   0   0   4   4   0  14   4   0   7  11   7  39   7   0   0     0    0    0   1.926     64  0.00
   60   60     7   0   0   0   4   0   0   0   0  89   0   0   0   0   0   0   0   0   0   0     0    0    0   0.409     13  0.00
   61   61     0   0   0   0   0   0   0   0   0   0   0   4   0   4   0  11  11   7  21  43     0    0    0   1.598     53  0.00
   62   62    14   0   7   7   4   0  14   0  21   0   0   0   0   0   0   0   7  25   0   0     0    0    0   1.917     63  0.00
   63   63    36   4   4   7  21   0   0   0  21   0   0   0   7   0   0   0   0   0   0   0     0    0    0   1.643     54  0.00
   64   64    11   0   0   0   0   0   0   0  86   0   4   0   0   0   0   0   0   0   0   0     0    0    0   0.490     16  0.00
   65   65    21  11  64   4   0   0   0   0   0   0   0   0   0   0   0   0   0   0   0   0     0    0    0   0.972     32  0.00
   66   66     0   0   0   0   0   0   0   0   0   0   0   0   0   0   0   0   0 100   0   0     0    0    0   0.000      0  0.00
   67   67     0   0   0   0   0   0   0   0   0   0   0  14   0   0  14  11  32  14   0  14     0    0    0   1.716     57  0.00
   68   68    54   7  14   0   0   0   0   0   0   0   0  11   0   0   0   0  14   0   0   0     0    0    0   1.318     44  0.00
   69   69     0   0   4   0  86   0  11   0   0   0   0   0   0   0   0   0   0   0   0   0     0    0    0   0.490     16  0.00
   70   70    29  11   0  25  21   0   0   0   0   0  11   0   0   0   0   0   0   4   0   0     0    0    0   1.632     54  0.00
   71   71     4   0   0   0   0   0   4   7  32   0   4   0   0   7   7   0  11   0  25   0     0    0    0   1.873     62  0.00
   72   72     7   4   0   0   0   0  11   4   0   0   0  11   0   4  11  46   4   0   0   0     0    0    0   1.739     58  0.00
   73   73     0   0   0   4   0   0   0   0   0   0   0   0   0   0   0   0   4   0  89   4     0    0    0   0.458     15  0.00
   74   74    21   0   0   0   0   0   0   0  39  29   4   0   0   0   0   0   0   0   7   0     0    0    0   1.363     45  0.00
   75   75    11   0   0   0   0   0   0   0   7   0   7  11   0   0   4  11  15   0   4  30     0    0    0   2.005     66  0.00
   76   76     4   0   0   0   0   0   0   0   4   0  64  29   0   0   0   0   0   0   0   0     0    0    0   0.880     29  0.00
   77   77    25   0   0   0   0   0   0   0  39   0   7  29   0   0   0   0   0   0   0   0     0    0    0   1.260     42  0.00
   78   78     0  57  21  18   4   0   0   0   0   0   0   0   0   0   0   0   0   0   0   0     0    0    0   1.077     35  0.00
   79   79     4   0   0   7   0   0   0  14   0   0   0   0   4   0   0  68   0   0   4   0     0    0    0   1.087     36  0.00
   80   80    14  71   0   0   0   0   0   0   0   0   0  14   0   0   0   0   0   0   0   0     0    0    0   0.796     26  0.00
   81   81     0   0   0   0   0   0   0  64  36   0   0   0   0   0   0   0   0   0   0   0     0    0    0   0.652     21  0.00
   82   82     0   0   0  11   0   0   7   0   0   0   0   0   0   7   0   0  71   4   0   0     0    0    0   0.976     32  0.00
   83   83     0   0   0   0  11   0   0   0  89   0   0   0   0   0   0   0   0   0   0   0     0    0    0   0.340     11  0.00
   84   84     4   0   0   0   4   0   0   7   0   0   4   0   0   0  82   0   0   0   0   0     0    0    0   0.707     23  0.00
   85   85     0   0   0   0   0   0   0  93   7   0   0   0   0   0   0   0   0   0   0   0     0    0    0   0.257      8  0.00
   86   86    50   0   7   0   0   0   0   0  36   0   4   4   0   0   0   0   0   0   0   0     0    0    0   1.141     38  0.00
   87   87    14  25  14   0   0   0   0   0  46   0   0   0   0   0   0   0   0   0   0   0     0    0    0   1.259     42  0.00
   88   88     0  25  36  14   4   0   0   0   7   0  11   0   0   0   0   0   4   0   0   0     0    0    0   1.658     55  0.00
   89   89    25  54   4   0   0   0   0   0   7   0  11   0   0   0   0   0   0   0   0   0     0    0    0   1.228     40  0.00
   90   90     4   7   0   0   0   0   0   0  75   0   0   0   4   0   0  11   0   0   0   0     0    0    0   0.882     29  0.00
   91   91     4  14  18   4   0   0   0   0  50   7   0   0   4   0   0   0   0   0   0   0     0    0    0   1.478     49  0.00
   92   92    32  11   0   4   0   0   0   7  36   0  11   0   0   0   0   0   0   0   0   0     0    0    0   1.519     50  0.00
   93   93     0  11   0   0   0   0   0   0   0   0   7   0   0   0  21   4  18  18  21   0     0    0    0   1.822     60  0.00
   94   94     0   0   4   0   0   0   7   0  14   0   0   0   0  14  29   4  21   4   4   0     0    0    0   1.909     63  0.00
   95   95     0   0   7   0   0   0   0  29   0   0   0   0   0  11   0   7   0  14  11  21     0    0    0   1.822     60  0.00
   96   96    11  57  21   0   0   0   0  11   0   0   0   0   0   0   0   0   0   0   0   0     0    0    0   1.129     37  0.00
   97   97     4   7   0   0   0   0   0   0   0  54  11   0   0   0   0   0   0   0   7  18     0    0    0   1.377     45  0.00
   98   98    71   0   7   7  11   0   4   0   0   0   0   0   0   0   0   0   0   0   0   0     0    0    0   0.976     32  0.00
   99   99     4   0   0   0  32   0   4   0  21   0  14   0   0  18   0   0   7   0   0   0     0    0    0   1.707     56  0.00
  100  100     0   4   0   4   7   0   0   0   4   0   0   0   0   0   0   0   0  82   0   0     0    0    0   0.707     23  0.00
  101  101     0   0   0   0  11   0  79   0   0   0   0   0   0  11   0   0   0   0   0   0     0    0    0   0.668     22  0.00
  102  102     0   0   0   0   0   0   0   4  46   0   4  39   0   0   0   7   0   0   0   0     0    0    0   1.150     38  0.00
  103  103     0   0   0   0   0   0   0   0  36  61   0   4   0   0   0   0   0   0   0   0     0    0    0   0.790     26  0.00
  104  104     0  18   0   4   0   0   0   0   4   0  18   0   0   0  29   0   0   0  29   0     0    0    0   1.569     52  0.00
  105  105     4  14   0   0   0   0   0   0   7   0   0  14   0   0   0   0  43  18   0   0     0    0    0   1.534     51  0.00
  106  106    75   0  14   0   0   0   0   0  11   0   0   0   0   0   0   0   0   0   0   0     0    0    0   0.733     24  0.00
  107  107     0   0   0   0   0   0   0   0   0   0   0   0   0   0   0 100   0   0   0   0     0    0    0   0.000      0  0.00
  108  108     4   7   0   0   0   0   0   0  11   0   0   0   0   0   0  46  32   0   0   0     0    0    0   1.268     42  0.00
  109  109     0   0   0   0   0   0   0   0  68   0   7  25   0   0   0   0   0   0   0   0     0    0    0   0.798     26  0.00
  110  110    68  18   7   0   0   0   0   0   7   0   0   0   0   0   0   0   0   0   0   0     0    0    0   0.948     31  0.00
  111  111    54   0   4   0   0   0   0   0   0   0   7  36   0   0   0   0   0   0   0   0     0    0    0   1.010     33  0.00
  112  112     0   0   0   0   0   0   0 100   0   0   0   0   0   0   0   0   0   0   0   0     0    0    0   0.000      0  0.00
  113  113     4   0  21   0   0   0  14   0   0   0   4  14   0   0   4  21   0   0  18   0     0    0    0   1.881     62  0.00
  114  114     0   0   0   0   0   0   0  93   7   0   0   0   0   0   0   0   0   0   0   0     0    0    0   0.257      8  0.00
  115  115     0   0   0   0   0   0   0   7  11   0  21   0   0  14  14  18   4   0  11   0     0    0    0   1.980     66  0.00
  116  116     0   0   0   0   0   0   0   4  96   0   0   0   0   0   0   0   0   0   0   0     0    0    0   0.154      5  0.00
  117  117     0   0   0   0   0   0   0   7  14   0  14   4   0   0   0   0   0  14   4  43     0    0    0   1.624     54  0.00
  118  118     0   0   0   0   0   0   0   0   0   0   0   0   0   0   0 100   0   0   0   0     0    0    0   0.000      0  0.00
  119  119     4   0   4   0   0   0   0   0  14   0  18   0   0   0   7  14  11  29   0   0     0    0    0   1.887     63  0.00
  120  120     0   0   0   0   0   0   0   0   0   0   0   0   0   0   0   0  96   4   0   0     0    0    0   0.154      5  0.00
  121  121    75   0  21   4   0   0   0   0   0   0   0   0   0   0   0   0   0   0   0   0     0    0    0   0.665     22  0.00
  122  122     0   7   4   0   0   0   0   7  11   0   0  11   0   4   0   0  57   0   0   0     0    0    0   1.413     47  0.00
  123  123     7   7   0   7  14   0  11   0  11   0   0   0   0  29   0   0   0  11   0   4     0    0    0   2.038     68  0.00
  124  124     0   4   0  89   0   0   0   0   4   0   0   0   0   0   0   0   0   0   4   0     0    0    0   0.458     15  0.00
  125  125    86   0  14   0   0   0   0   0   0   0   0   0   0   0   0   0   0   0   0   0     0    0    0   0.410     13  0.00
  126  126     7   0   0   4   0   0   0   4   4   0  11  22   0   0  11  33   4   0   0   0     0    0    0   1.870     62  0.00
  127  127     7   0   4   0   0   0   0   0   4   0   0  11   0  11  37  15  11   0   0   0     0    0    0   1.820     60  0.00
  128  128     0  56  22  15   4   0   0   0   0   0   4   0   0   0   0   0   0   0   0   0     0    0    0   1.188     39  0.00
  129  129     0  93   7   0   0   0   0   0   0   0   0   0   0   0   0   0   0   0   0   0     0    0    0   0.264      8  0.00
  130  130     0   0   0   0   0   0   0   0   0   9   0   9   0   0  18  55   0   0   9   0     0    0    0   1.295     43  0.00
  131  131     0  88   0   0   0   0   0   0   0   0   0   0   0   0   0  13   0   0   0   0     0    0    0   0.377     12  0.00
  132  132     0   0   0   0   0   0   0   0  13  38  25  13   0   0   0   0  13   0   0   0     0    0    0   1.494     49  0.00
  133  133     0   0   0   0   0   0   0  13  38   0   0  13   0   0   0   0  13  13   0  13     0    0    0   1.667     55  0.00
  134  134     0   0   0   0  13   0   0   0   0   0   0   0   0   0  13  38   0   0  38   0     0    0    0   1.255     41  0.00
  135  135     0  13   0   0   0   0   0   0   0  75   0   0   0   0   0   0   0   0   0  13     0    0    0   0.736     24  0.00
  136  136     0   0   0   0   0   0   0   0   0   0   0  13   0   0   0   0  88   0   0   0     0    0    0   0.377     12  0.00
  137  137     0   0  13   0   0   0   0   0  63   0  13   0   0   0   0   0   0  13   0   0     0    0    0   1.074     35  0.00
  138  138     0   0   0   0   0   0   0   0   0   0   0   0   0  13   0   0   0   0   0  88     0    0    0   0.377     12  0.00
  139  139     0   0   0   0   0   0   0   0 100   0   0   0   0   0   0   0   0   0   0   0     0    0    0   0.000      0  0.00
  140  140     0   0   0   0   0   0   0   0  88   0  13   0   0   0   0   0   0   0   0   0     0    0    0   0.377     12  0.00
  141  141     0   0   0   0   0   0   0   0   0   0   0   0   0   0   0   0   0   0   0 100     0    0    0   0.000      0  0.00
  142  142     0   0   0   0   0   0   0   0 100   0   0   0   0   0   0   0   0   0   0   0     0    0    0   0.000      0  0.00
  143  143     0 100   0   0   0   0   0   0   0   0   0   0   0   0   0   0   0   0   0   0     0    0    0   0.000      0  0.00
  144  144     0   0   0   0   0   0   0   0 100   0   0   0   0   0   0   0   0   0   0   0     0    0    0   0.000      0  0.00
  145  145    13   0  88   0   0   0   0   0   0   0   0   0   0   0   0   0   0   0   0   0     0    0    0   0.377     12  0.00
  146  146     0   0   0   0   0   0   0   0 100   0   0   0   0   0   0   0   0   0   0   0     0    0    0   0.000      0  0.00
  147  147     0  13  88   0   0   0   0   0   0   0   0   0   0   0   0   0   0   0   0   0     0    0    0   0.377     12  0.00
  148  148     0   0   0   0   0   0   0   0   0   0   0  75  25   0   0   0   0   0   0   0     0    0    0   0.562     18  0.00
  149  149     0   0   0   0   0   0   0   0   0   0   0   0   0 100   0   0   0   0   0   0     0    0    0   0.000      0  0.00
  150  150     0   0   0   0   0   0   0   0  63   0   0   0  38   0   0   0   0   0   0   0     0    0    0   0.662     22  0.00
  151  151     0   0   0   0   0   0   0   0   0   0   0   0   0 100   0   0   0   0   0   0     0    0    0   0.000      0  0.00
  152  152    50   0   0   0   0   0   0   0   0   0  25  13   0  13   0   0   0   0   0   0     0    0    0   1.213     40  0.00
  153  153     0  13  13   0   0   0   0   0   0   0  50   0   0   0  13   0  13   0   0   0     0    0    0   1.386     46  0.00
  154  154     0   0   0   0   0   0   0   0  13   0   0   0   0   0   0   0  88   0   0   0     0    0    0   0.377     12  0.00
  155  155     0   0   0   0   0   0   0   0   0   0  25  13   0  25   0   0   0   0  38   0     0    0    0   1.321     44  0.00
  156  156     0   0   0   0   0   0   0   0  86   0  14   0   0   0   0   0   0   0   0   0     0    0    0   0.410     13  0.00
  157  157     0  20   0  60   0   0   0   0   0   0   0   0   0   0   0   0  20   0   0   0     0    0    0   0.950     31  0.00
  158  158     0   0   0   0   0   0   0   0   0   0   0   0   0   0  25   0  75   0   0   0     0    0    0   0.562     18  0.00
//
