ID Pseudo hssp file.
SEQ 
SEQ gi|4504671|ref|NP_000870.1| interleukin 5 (colony-stimulating fa...   207  3e-53
SEQ gi|1311008|pdb|1HUL|A Chain A, Mol_id: 1; Molecule: Interleukin-...   205  1e-52
SEQ gi|288310|emb|CAA31210.1| (X12705) B cell differentiation factor...   204  3e-52
SEQ gi|1352453|sp|P48093|IL5_MACMU INTERLEUKIN-5 PRECURSOR (IL-5) (T...   204  4e-52
SEQ gi|1170538|sp|P46685|IL5_CERTO INTERLEUKIN-5 PRECURSOR (IL-5) (T...   201  2e-51
SEQ gi|585311|sp|Q08125|IL5_RAT INTERLEUKIN-5 PRECURSOR (IL-5) (T-CE...   162  2e-39
SEQ gi|2498484|sp|Q62575|IL5_MERUN INTERLEUKIN-5 PRECURSOR (IL-5) (T...   160  4e-39
SEQ gi|6754336|ref|NP_034688.1| interleukin 5 [Mus musculus] >gi|124...   160  5e-39
SEQ gi|4160563|emb|CAA09587.1| (AJ011299) interleukin-5 [Rattus norv...   159  6e-39
SEQ gi|10334680|gb|AAG16722.1|AF148211_1 (AF148211) interleukin-5 [S...   156  1e-37
SEQ gi|3913909|sp|O02699|IL5_HORSE INTERLEUKIN-5 PRECURSOR (IL-5) (T...   152  1e-36
SEQ gi|3913910|sp|O08987|IL5_CAVPO INTERLEUKIN-5 PRECURSOR (IL-5) (T...   151  2e-36
SEQ gi|6166232|sp|O77515|IL5_FELCA INTERLEUKIN-5 PRECURSOR (IL-5) (T...   145  1e-34
SEQ gi|3342392|gb|AAC27616.1| (AF068770) interleukin 5 [Felis catus]      145  1e-34
SEQ gi|1708454|sp|P52173|IL5_BOVIN INTERLEUKIN-5 PRECURSOR (IL-5) (T...   142  1e-33
SEQ gi|2498485|sp|Q28586|IL5_SHEEP INTERLEUKIN-5 PRECURSOR (IL-5) (T...   142  2e-33
SEQ gi|4469327|emb|CAB38328.1| (AJ133452) Interleukin 5 [Sus scrofa]...   141  3e-33
SEQ gi|10720032|sp|Q9XT91|IL5_MACEU INTERLEUKIN-5 PRECURSOR (IL-5) (...   129  1e-29
SEQ gi|5690204|gb|AAD46991.1|AF091133_1 (AF091133) interleukin-5; IL...   128  2e-29
SEQ gi|2961561|gb|AAC05752.1| (AF051372) interleukin-5 [Felis catus]      126  1e-28
SEQ 
## SEQUENCE PROFILE AND ENTROPY
 SeqNo PDBNo   V   L   I   M   F   W   Y   G   A   P   S   T   C   H   R   K   Q   E   N   D  NOCC NDEL NINS ENTROPY RELENT WEIGHT
    1    1     0   0 100   0   0   0   0   0   0   0   0   0   0   0   0   0   0   0   0   0     0    0    0   0.000      0  0.00
    2    2     0   0   0   0   0   0   0   0   0 100   0   0   0   0   0   0   0   0   0   0     0    0    0   0.000      0  0.00
    3    3     6   0   0  59   0   0   0   0   6   0   0  29   0   0   0   0   0   0   0   0     0    0    0   1.005     33  0.00
    4    4     0   0   0   0   0   0   0   0   0   0  65   0   0   6   0   0   0   0  29   0     0    0    0   0.808     26  0.00
    5    5     0   0   0   0   0   0   0   0  44   0   0  22   0   0  33   0   0   0   0   0     0    0    0   1.061     35  0.00
    6    6    24  76   0   0   0   0   0   0   0   0   0   0   0   0   0   0   0   0   0   0     0    0    0   0.549     18  0.00
    7    7   100   0   0   0   0   0   0   0   0   0   0   0   0   0   0   0   0   0   0   0     0    0    0   0.000      0  0.00
    8    8     0   0   0   0   0   0   0   0  38   0   0   5   0   0   5  52   0   0   0   0     0    0    0   0.996     33  0.00
    9    9     0   0   0   0   0   0   0   0   0   0   0   0   0   0   0   0   0 100   0   0     0    0    0   0.000      0  0.00
   10   10     0   0   0   0   0   0   0   0   0   0   0 100   0   0   0   0   0   0   0   0     0    0    0   0.000      0  0.00
   11   11     0 100   0   0   0   0   0   0   0   0   0   0   0   0   0   0   0   0   0   0     0    0    0   0.000      0  0.00
   12   12     0   0  19   0   0   0   0   0  38   0   5  38   0   0   0   0   0   0   0   0     0    0    0   1.196     39  0.00
   13   13     0  76   0   0   0   0   0   0   0   0   0   0   0   0   0   0  24   0   0   0     0    0    0   0.549     18  0.00
   14   14     0  95   5   0   0   0   0   0   0   0   0   0   0   0   0   0   0   0   0   0     0    0    0   0.191      6  0.00
   15   15     0   0   0   0   0   0   0   0   0   0  95   5   0   0   0   0   0   0   0   0     0    0    0   0.191      6  0.00
   16   16     0   0   5   0   0   0   0   0  10   0   5  81   0   0   0   0   0   0   0   0     0    0    0   0.685     22  0.00
   17   17     0   0   0   0   0   0   0   0   0   0   0   0   0 100   0   0   0   0   0   0     0    0    0   0.000      0  0.00
   18   18     0   0   0   0   0   0   0   0   0   0   0   0   0   0  95   0   5   0   0   0     0    0    0   0.191      6  0.00
   19   19     0   0   0   0   0   0   0   0  24   0   0  76   0   0   0   0   0   0   0   0     0    0    0   0.549     18  0.00
   20   20     0  95   0   0   0   5   0   0   0   0   0   0   0   0   0   0   0   0   0   0     0    0    0   0.191      6  0.00
   21   21     0 100   0   0   0   0   0   0   0   0   0   0   0   0   0   0   0   0   0   0     0    0    0   0.000      0  0.00
   22   22     0   0  71   0   0   0   0   0   0   0   0  24   0   0   0   5   0   0   0   0     0    0    0   0.727     24  0.00
   23   23     0   0   0   0   0   0   0  52  24   0  24   0   0   0   0   0   0   0   0   0     0    0    0   1.022     34  0.00
   24   24     0   0   0   0   0   0   0   0   0   0   0   0   0   0   0   0   0   0  62  38     0    0    0   0.665     22  0.00
   25   25     0   0   0   0   0   0   0  43   0   0   0   0   0   0   0   0   0  57   0   0     0    0    0   0.683     22  0.00
   26   26     0   0   0   0   0   0   0   0   0   0   0  62   0   0   0   0   0   0  38   0     0    0    0   0.665     22  0.00
   27   27    10  76   0  14   0   0   0   0   0   0   0   0   0   0   0   0   0   0   0   0     0    0    0   0.709     23  0.00
   28   28     0   0   0  38   0   0   0   0   0   0   0   0   0   0  62   0   0   0   0   0     0    0    0   0.665     22  0.00
   29   29     0  24  76   0   0   0   0   0   0   0   0   0   0   0   0   0   0   0   0   0     0    0    0   0.549     18  0.00
   30   30     0   0   0   0   0   0   0   0   0  86  14   0   0   0   0   0   0   0   0   0     0    0    0   0.410     13  0.00
   31   31    57   0   5   0   0   0   0   0   0   0   0  38   0   0   0   0   0   0   0   0     0    0    0   0.832     27  0.00
   32   32     0   0   0   0   0   0   0   0   0 100   0   0   0   0   0   0   0   0   0   0     0    0    0   0.000      0  0.00
   33   33    33   0   0   0   0   0   0   0   5   0   0  24   0   0   0   0  10  24   0   5     0    0    0   1.563     52  0.00
   34   34     0   0   0   0   0   0   0   0   0   5   0   0   0  90   0   0   0   0   5   0     0    0    0   0.381     12  0.00
   35   35     0   0   0   0   0   0   0   0   0   0   0  14   0   0   0  67   5   0  14   0     0    0    0   0.971     32  0.00
   36   36     0   0   0   0   0   0   0   0   0   0   0   0   0   5   0   0   0   0  95   0     0    0    0   0.191      6  0.00
   37   37     0   0   0   0   0   0   0   0   0   0   0   0   0 100   0   0   0   0   0   0     0    0    0   0.000      0  0.00
   38   38     0   0   0   0   0   0   0   0   0   5   0   0   0   0   0   0  95   0   0   0     0    0    0   0.191      6  0.00
   39   39     0 100   0   0   0   0   0   0   0   0   0   0   0   0   0   0   0   0   0   0     0    0    0   0.000      0  0.00
   40   40     0   0   0   0   0   0   0   0   0   0   0   0 100   0   0   0   0   0   0   0     0    0    0   0.000      0  0.00
   41   41     0   0  71   0   0   0   0   0   0   0   0  29   0   0   0   0   0   0   0   0     0    0    0   0.598     19  0.00
   42   42     0   0   0   0   0   0   0  24   0   0   0   0   0   0   0   5   0  71   0   0     0    0    0   0.727     24  0.00
   43   43     0   0   0   0   0   0   0   0   0   0   0   0   0   0   0   0   0 100   0   0     0    0    0   0.000      0  0.00
   44   44    38   0  62   0   0   0   0   0   0   0   0   0   0   0   0   0   0   0   0   0     0    0    0   0.665     22  0.00
   45   45     0   0   0   0 100   0   0   0   0   0   0   0   0   0   0   0   0   0   0   0     0    0    0   0.000      0  0.00
   46   46     0   0   0   0   0   0   0   0   0   0   0   0   0   0   5   0  95   0   0   0     0    0    0   0.191      6  0.00
   47   47     0   0   0   0   0   0   0 100   0   0   0   0   0   0   0   0   0   0   0   0     0    0    0   0.000      0  0.00
   48   48     0  24  76   0   0   0   0   0   0   0   0   0   0   0   0   0   0   0   0   0     0    0    0   0.549     18  0.00
   49   49     0   0   0   0   0   0   0  29   0   0   0   0   0   0   0   0   0   5   0  67     0    0    0   0.773     25  0.00
   50   50     0   0  24   0   0   0   0   0   0   0   0  76   0   0   0   0   0   0   0   0     0    0    0   0.549     18  0.00
   51   51     0 100   0   0   0   0   0   0   0   0   0   0   0   0   0   0   0   0   0   0     0    0    0   0.000      0  0.00
   52   52     0   0   0   0   0   0   0   0   0   0   0   0   0   0   0  71   0  29   0   0     0    0    0   0.598     19  0.00
   53   53     0   0   0   0   0   0   0   0   0   0  29   0   0   0   0   0   0   0  71   0     0    0    0   0.598     19  0.00
   54   54     0   0   0   0   0   0   0   0   0   0   0   0   0   0  14   0  86   0   0   0     0    0    0   0.410     13  0.00
   55   55     0   0   0   0   0   0   0   0   0   0   0 100   0   0   0   0   0   0   0   0     0    0    0   0.000      0  0.00
   56   56    62   5   0   0   0   0   0   0  29   0   0   5   0   0   0   0   0   0   0   0     0    0    0   0.945     31  0.00
   57   57     0   0   0   0   0   0   0   0   0  14   0   0   0   5  29   0  48   5   0   0     0    0    0   1.279     42  0.00
   58   58     0   0   0   0   0   0   0  95   0   0   0   0   0   0   0   0   0   5   0   0     0    0    0   0.191      6  0.00
   59   59     0   0   0   0   0   0   0  52   0   0   0   0   0   0   0   0   0  10   5  33     0    0    0   1.074     35  0.00
   60   60     5   0   0   0   0   0   0   0  48   0   0  48   0   0   0   0   0   0   0   0     0    0    0   0.852     28  0.00
   61   61    95   5   0   0   0   0   0   0   0   0   0   0   0   0   0   0   0   0   0   0     0    0    0   0.191      6  0.00
   62   62     0   0   0   0   0   0   0   0  10   0   0   0   0   0   0  10   0  76   0   5     0    0    0   0.800     26  0.00
   63   63     0   0  10   5   0   0   0   0   0   0   0  14   0   0  29  43   0   0   0   0     0    0    0   1.368     45  0.00
   64   64     0  81  14   0   0   0   0   0   0   5   0   0   0   0   0   0   0   0   0   0     0    0    0   0.594     19  0.00
   65   65     0   5   0   0  95   0   0   0   0   0   0   0   0   0   0   0   0   0   0   0     0    0    0   0.191      6  0.00
   66   66     0   0   0   0   0   0   0   0   0   0   0   0   0   0  19  29  52   0   0   0     0    0    0   1.012     33  0.00
   67   67     0   0   0   0   0   0   0   0   0   0   0   0   0   0   0   0   0   0 100   0     0    0    0   0.000      0  0.00
   68   68     0 100   0   0   0   0   0   0   0   0   0   0   0   0   0   0   0   0   0   0     0    0    0   0.000      0  0.00
   69   69     0   0   0   0   0   0   0   0   0   0 100   0   0   0   0   0   0   0   0   0     0    0    0   0.000      0  0.00
   70   70     0  95   0   0   0   0   0   0   0   0   5   0   0   0   0   0   0   0   0   0     0    0    0   0.191      6  0.00
   71   71     0   5  95   0   0   0   0   0   0   0   0   0   0   0   0   0   0   0   0   0     0    0    0   0.191      6  0.00
   72   72     0   0   0   0   0   0   0   0   0   0   0   0   0   0   0 100   0   0   0   0     0    0    0   0.000      0  0.00
   73   73     0   0   0   0   0   0   0  10   0   0   0   0   0   0   0  57   0  33   0   0     0    0    0   0.910     30  0.00
   74   74     0   0   0   0   0   0  76   0   0   0   0   0   0  24   0   0   0   0   0   0     0    0    0   0.549     18  0.00
   75   75     0   0 100   0   0   0   0   0   0   0   0   0   0   0   0   0   0   0   0   0     0    0    0   0.000      0  0.00
   76   76     0   0   0   0   0   0   0   5   0   0   0   5   0   0   0   0   0   5   0  86     0    0    0   0.567     18  0.00
   77   77     0  19   0   0   0   0   0  38   5   0   0   0   0   0  38   0   0   0   0   0     0    0    0   1.196     39  0.00
   78   78     0   0   0   0   0   0   0   0   0   0   0   0   0   0   0   5  95   0   0   0     0    0    0   0.191      6  0.00
   79   79     0   0   0   0   0   0   0   0   0   0   0   0   0   0   0  95   0   5   0   0     0    0    0   0.191      6  0.00
   80   80     0   0   0   0   0   0   0   0   0   0   0   0   0   0  10  62   5  24   0   0     0    0    0   1.007     33  0.00
   81   81     0   0   0   0   0   0   0   0   0   0   0   0   0   0   5  81   5   0  10   0     0    0    0   0.685     22  0.00
   82   82     0   0   0   0   5   0   0   0   0   0   0   0  95   0   0   0   0   0   0   0     0    0    0   0.191      6  0.00
   83   83     0   0   0   0   0   0   0  95   5   0   0   0   0   0   0   0   0   0   0   0     0    0    0   0.191      6  0.00
   84   84     0   0   0   0   0   0   0  43   0   0   0   0   0   0   0   0   0  57   0   0     0    0    0   0.683     22  0.00
   85   85     0   0   0   0   0   0   0   0   0   0   0   0   0   0   0  10   0  90   0   0     0    0    0   0.314     10  0.00
   86   86     0   0   0   0   0   0   0   0   0   0   0   0   0   0  90  10   0   0   0   0     0    0    0   0.314     10  0.00
   87   87     0   0   0   0   0  38   0   0   0   0   0   0   0   0  62   0   0   0   0   0     0    0    0   0.665     22  0.00
   88   88     0   0   0   0   0   0   0   0   0   0   0   0   0   0  81  19   0   0   0   0     0    0    0   0.487     16  0.00
   89   89    76   0   0   0   0   0   0   0   5   0   0  19   0   0   0   0   0   0   0   0     0    0    0   0.668     22  0.00
   90   90     0   0   0   0   0   0   0   0   0   0   0  10   0   0  24  33   0   5  29   0     0    0    0   1.435     47  0.00
   91   91     0   0   0   0   0   0   0   0   0   0   0   0   0  10   0  10  71   0  10   0     0    0    0   0.912     30  0.00
   92   92     0   0   0   0 100   0   0   0   0   0   0   0   0   0   0   0   0   0   0   0     0    0    0   0.000      0  0.00
   93   93     0 100   0   0   0   0   0   0   0   0   0   0   0   0   0   0   0   0   0   0     0    0    0   0.000      0  0.00
   94   94     0   0   0   0   0   0   0   0   0   0   0   0   0   0   0   0   0   0  10  90     0    0    0   0.314     10  0.00
   95   95     0   0   0   0   0   0 100   0   0   0   0   0   0   0   0   0   0   0   0   0     0    0    0   0.000      0  0.00
   96   96     0 100   0   0   0   0   0   0   0   0   0   0   0   0   0   0   0   0   0   0     0    0    0   0.000      0  0.00
   97   97     0   0   0   0   0   0   0   0   0   0   0   0   0   0   0   0  95   5   0   0     0    0    0   0.191      6  0.00
   98   98    24   5   0   0   5   0   0   0   0   0   0   0   0   0   0   0   0  67   0   0     0    0    0   0.902     30  0.00
   99   99     0   0   0   0 100   0   0   0   0   0   0   0   0   0   0   0   0   0   0   0     0    0    0   0.000      0  0.00
  100  100     0 100   0   0   0   0   0   0   0   0   0   0   0   0   0   0   0   0   0   0     0    0    0   0.000      0  0.00
  101  101     0   0   0   0   0   0   0  90   5   0   0   0   0   0   5   0   0   0   0   0     0    0    0   0.381     12  0.00
  102  102    90   5   0   0   0   0   0   0   0   0   0   5   0   0   0   0   0   0   0   0     0    0    0   0.381     12  0.00
  103  103     0   5  38  57   0   0   0   0   0   0   0   0   0   0   0   0   0   0   0   0     0    0    0   0.832     27  0.00
  104  104     0   0   0   0   0   0   0   5   0   0  19   0   0   0   0   0   0   0  76   0     0    0    0   0.668     22  0.00
  105  105     0   0   5   0   0   0   0   0   0   0   0  95   0   0   0   0   0   0   0   0     0    0    0   0.191      6  0.00
  106  106     0   0   0   0   0   0   0   0   0   0   0   0   0   0   0   0   0 100   0   0     0    0    0   0.000      0  0.00
  107  107     0   0   0   0   0 100   0   0   0   0   0   0   0   0   0   0   0   0   0   0     0    0    0   0.000      0  0.00
  108  108     0   0 100   0   0   0   0   0   0   0   0   0   0   0   0   0   0   0   0   0     0    0    0   0.000      0  0.00
//
