ID Pseudo hssp file.
SEQ 
SEQ gi|7465970|pir||D65135 hypothetical 32.8 kD protein in mrcA-pckA...   388  e-107
SEQ gi|3220017|sp|P45803|HSLO_ECOLI 33 KDA CHAPERONIN (HEAT SHOCK PR...   388  e-107
SEQ gi|14277737|pdb|1HW7|A Chain A, Hsp33, Heat Shock Protein With R...   388  e-107
SEQ gi|14488804|pdb|1I7F|A Chain A, Crystal Structure Of The Hsp33 D...   372  e-102
SEQ gi|1176869|sp|P44877|HSLO_HAEIN 33 KDA CHAPERONIN (HEAT SHOCK PR...   225  4e-58
SEQ gi|14194824|sp|Q9KNK2|HSLO_VIBCH 33 KDA CHAPERONIN (HEAT SHOCK P...   225  5e-58
SEQ gi|14194816|sp|Q9CKQ9|HSLO_PASMU 33 KDA CHAPERONIN (HEAT SHOCK P...   218  6e-56
SEQ gi|14194820|sp|Q9HTZ6|HSLO_PSEAE 33 KDA CHAPERONIN (HEAT SHOCK P...   139  2e-32
SEQ gi|11352964|pir||D81961 conserved hypothetical protein NMA0441 [...   120  2e-26
SEQ gi|14194821|sp|Q9JWC8|HSLO_NEIMA 33 KDA CHAPERONIN (HEAT SHOCK P...   120  2e-26
SEQ gi|14194814|sp|P58097|HSLO_CAUCR 33 KDA CHAPERONIN (HEAT SHOCK P...   117  1e-25
SEQ gi|14194822|sp|Q9JXK1|HSLO_NEIMB 33 KDA CHAPERONIN (HEAT SHOCK P...   116  2e-25
SEQ gi|13474702|ref|NP_106271.1| heat shock protein HSP33 [Mesorhizo...    82  7e-15
SEQ gi|14194823|sp|Q9KGH4|HSLO_BACHD 33 KDA CHAPERONIN (HEAT SHOCK P...    57  2e-07
SEQ gi|11360791|pir||E82646 conserved hypothetical protein XF1714 [i...    57  3e-07
SEQ gi|7674076|sp|P56925|HSLO_DEIRA 33 KDA CHAPERONIN (HEAT SHOCK PR...    53  3e-06
SEQ gi|12725001|gb|AAK06057.1|AE006426_3 (AE006426) HYPOTHETICAL PRO...    51  2e-05
SEQ gi|14194815|sp|Q9CE86|HSLO_LACLA 33 KDA CHAPERONIN (HEAT SHOCK P...    51  2e-05
SEQ 
## SEQUENCE PROFILE AND ENTROPY
 SeqNo PDBNo   V   L   I   M   F   W   Y   G   A   P   S   T   C   H   R   K   Q   E   N   D  NOCC NDEL NINS ENTROPY RELENT WEIGHT
    1    1     0   0   0   0   0   0   0   0   0   0   0   0   0  67   0   0   0   0  33   0     0    0    0   0.637     21  0.00
    2    2     0   0   0   0   0   0   0   0   0   0   0   0   0   0   0   0   0   0   9  91     0    0    0   0.305     10  0.00
    3    3     9   0   0   9   0   0   0   0   0   0   9   0   0   0   0  18  55   0   0   0     0    0    0   1.295     43  0.00
    4    4     9  82   0   0   0   0   0   0   0   0   9   0   0   0   0   0   0   0   0   0     0    0    0   0.600     20  0.00
    5    5     0   0   0   0   0   0  18   0   0   0   9   9   0  55   0   0   9   0   0   0     0    0    0   1.295     43  0.00
    6    6     0   0   0   0   0   0   0   0   7   0   0   0   0   0  93   0   0   0   0   0     0    0    0   0.257      8  0.00
    7    7     0   0   0   0  43   0  57   0   0   0   0   0   0   0   0   0   0   0   0   0     0    0    0   0.683     22  0.00
    8    8     0  71  21   0   0   0   0   0   0   0   0   0   0   0   0   0   7   0   0   0     0    0    0   0.759     25  0.00
    9    9     0   7   7   0  86   0   0   0   0   0   0   0   0   0   0   0   0   0   0   0     0    0    0   0.509     16  0.00
   10   10     0   0   0   0   0   0   0   0   0   7   0   0   0   0   0   7  14  43   0  29     0    0    0   1.376     45  0.00
   11   11     0   0   0   0   0   0   0   0   0   0   0   0   0  14   0   0   0   0  43  43     0    0    0   1.004     33  0.00
   12   12     0  14   0  21  36   0   0   0   7   0   0   7   0   0  14   0   0   0   0   0     0    0    0   1.631     54  0.00
   13   13     7   0   0   0   0   0   0   0  50  29   7   0   0   0   0   0   0   0   0   7     0    0    0   1.270     42  0.00
   14   14   100   0   0   0   0   0   0   0   0   0   0   0   0   0   0   0   0   0   0   0     0    0    0   0.000      0  0.00
   15   15     0   0   0   0   0   0   0   0   0   0   0   0   0   0 100   0   0   0   0   0     0    0    0   0.000      0  0.00
   16   16     0   0   0   0   0   0   0 100   0   0   0   0   0   0   0   0   0   0   0   0     0    0    0   0.000      0  0.00
   17   17     0  20   7   0   0   0   0   0   0   0   0   0   0   0  13   0   0  60   0   0     0    0    0   1.078     35  0.00
   18   18     7  40   0   7   0  13   0   0   0   0   0   7   0  27   0   0   0   0   0   0     0    0    0   1.529     51  0.00
   19   19   100   0   0   0   0   0   0   0   0   0   0   0   0   0   0   0   0   0   0   0     0    0    0   0.000      0  0.00
   20   20     0   0   0   0   0   0   0   0   0   0   7  33   0   0  40   0  13   0   0   7     0    0    0   1.362     45  0.00
   21   21    33  67   0   0   0   0   0   0   0   0   0   0   0   0   0   0   0   0   0   0     0    0    0   0.637     21  0.00
   22   22     0   0   0   0   0   0   0  13   0   0  33   0   0   0   0   0   0  27  20   7     0    0    0   1.490     49  0.00
   23   23     0   0   0   0   0   0   0   0   7   7   0   0   0   0   7   7   7  40  20   7     0    0    0   1.772     59  0.00
   24   24    20   0   0   7   0   0   0   0   7   0   7  60   0   0   0   0   0   0   0   0     0    0    0   1.170     39  0.00
   25   25     0  40   7   0  13  27  13   0   0   0   0   0   0   0   0   0   0   0   0   0     0    0    0   1.437     47  0.00
   26   26     0   0   0   0   0   0   0   0   0   0  13  13   0   0   0   0  60   0   0  13     0    0    0   1.112     37  0.00
   27   27     0   0   0   0   0   0   0   0   7   0   0   0   0  20   0   0  40  13   7  13     0    0    0   1.587     52  0.00
   28   28    13   0  67   7   0   0   0   0   0   0   0  13   0   0   0   0   0   0   0   0     0    0    0   0.988     32  0.00
   29   29    20  67   7   0   0   0   0   0   0   0   0   0   0   0   0   0   7   0   0   0     0    0    0   0.953     31  0.00
   30   30     0   0   0   0   0   0   0   0   7   0  13   7   0   0   0  20   0  40  13   0     0    0    0   1.587     52  0.00
   31   31     0   0   0   0   0   0   0   0   0   0   7  13   0   0  13  13  20   0  33   0     0    0    0   1.675     55  0.00
   32   32     0   0   0   0   0   0   0   0   0   0   0   7   0  67   0  20   7   0   0   0     0    0    0   0.953     31  0.00
   33   33     0   0   0   0   0   0   0   0   0   7   0   0   0   7   0   0  13   7  20  47     0    0    0   1.488     49  0.00
   34   34     0   0   0   0   0   0 100   0   0   0   0   0   0   0   0   0   0   0   0   0     0    0    0   0.000      0  0.00
   35   35     0   0   0   0   0   0   0   0   0 100   0   0   0   0   0   0   0   0   0   0     0    0    0   0.000      0  0.00
   36   36     0   0   0   0   0   0   0   0  33   0   0   0   0   0   0  13  33  20   0   0     0    0    0   1.323     44  0.00
   37   37     7   0   0   0   7   0   0   0  33  53   0   0   0   0   0   0   0   0   0   0     0    0    0   1.063     35  0.00
   38   38    67   0  27   0   0   0   0   0   7   0   0   0   0   0   0   0   0   0   0   0     0    0    0   0.803     26  0.00
   39   39     0   0   0   0   0   0   0   0  20   0   7   0   0   0  20  33  20   0   0   0     0    0    0   1.512     50  0.00
   40   40     0   0   0   0   0   0   0   0   0   0   0   0   0   7  33   0   7   0  47   7     0    0    0   1.263     42  0.00
   41   41    33  47   0   0   0   0   0   0  20   0   0   0   0   0   0   0   0   0   0   0     0    0    0   1.044     34  0.00
   42   42     0  93   7   0   0   0   0   0   0   0   0   0   0   0   0   0   0   0   0   0     0    0    0   0.245      8  0.00
   43   43     0   0   0   0   0   0   0  60  40   0   0   0   0   0   0   0   0   0   0   0     0    0    0   0.673     22  0.00
   44   44     0   0   0   0   0   0   0   0   0   0   0   0   0   0   0   0   0 100   0   0     0    0    0   0.000      0  0.00
   45   45     0  60   0  20   0   0   0   0  20   0   0   0   0   0   0   0   0   0   0   0     0    0    0   0.950     31  0.00
   46   46     7  67   0  13   0   0   0   0   0   0   0   0  13   0   0   0   0   0   0   0     0    0    0   0.988     32  0.00
   47   47    67   0   0   0   0   0   0   0  33   0   0   0   0   0   0   0   0   0   0   0     0    0    0   0.637     21  0.00
   48   48     0  13   0   0   0   0   0   0  87   0   0   0   0   0   0   0   0   0   0   0     0    0    0   0.393     13  0.00
   49   49     0   0   0   0   0   0   0  20  20   0   0  60   0   0   0   0   0   0   0   0     0    0    0   0.950     31  0.00
   50   50    27   0   0   0   0   0   0   0  13   0  53   0   0   0   0   0   0   0   7   0     0    0    0   1.137     37  0.00
   51   51     0 100   0   0   0   0   0   0   0   0   0   0   0   0   0   0   0   0   0   0     0    0    0   0.000      0  0.00
   52   52     7  87   0   0   7   0   0   0   0   0   0   0   0   0   0   0   0   0   0   0     0    0    0   0.485     16  0.00
   53   53     0   0   0   0   0   0   0  13   7   0  20  53   7   0   0   0   0   0   0   0     0    0    0   1.287     42  0.00
   54   54     0   0   0   0   0   0   0  27  53   0   7   7   0   0   0   0   0   0   7   0     0    0    0   1.229     41  0.00
   55   55     0   0   0   0   0   0   0   0   0   0  13  60   0   7   0   0   0   0  20   0     0    0    0   1.078     35  0.00
   56   56     0  93   0   0   0   0   0   0   0   0   0   7   0   0   0   0   0   0   0   0     0    0    0   0.245      8  0.00
   57   57     0   0   0   0   0   0   0   0   0   0   0   0   0   0   0 100   0   0   0   0     0    0    0   0.000      0  0.00
   58   58     6   0   0   0  61   0   0  17   0   0   0   0   0   0   0   0   0   0  17   0     0    0    0   1.059     35  0.00
   59   59     0   0   0   0   0   0   0   0   5   0   0   0   0   0   0   0   0  37   5  53     0    0    0   1.016     33  0.00
   60   60     0   0   0   0   0   0   0  79   5   0   5  11   0   0   0   0   0   0   0   0     0    0    0   0.734     24  0.00
   61   61     0   5   0   0   0   0   0   0   0   0   5  16   0   0  16  21   0   0   5  32     0    0    0   1.740     58  0.00
   62   62     5  37  53   0   5   0   0   0   0   0   0   0   0   0   0   0   0   0   0   0     0    0    0   1.016     33  0.00
   63   63     5   0  26   0   0   0   0   0   0   0   5  63   0   0   0   0   0   0   0   0     0    0    0   0.951     31  0.00
   64   64    84  16   0   0   0   0   0   0   0   0   0   0   0   0   0   0   0   0   0   0     0    0    0   0.436     14  0.00
   65   65     0   0   0   0   0   0   0   0   0   0   0   5   0   0   5  16  74   0   0   0     0    0    0   0.826     27  0.00
   66   66    42  37   5   0   0   0   0   0  11   0   0   5   0   0   0   0   0   0   0   0     0    0    0   1.279     42  0.00
   67   67     0  11   0   0   0   0   0   0   0   0   0   0   0   5  11   0  63   5   0   5     0    0    0   1.229     41  0.00
   68   68     0   0   0   0   0   0   0  84   0   0  11   5   0   0   0   0   0   0   0   0     0    0    0   0.537     17  0.00
   69   69     0   0   0   0   0   0   0   5   0   0   5   0   0   0   5   5  11   0   5  63     0    0    0   1.302     43  0.00
   70   70     0   0   0   0   0   0   0  95   0   0   0   5   0   0   0   0   0   0   0   0     0    0    0   0.206      6  0.00
   71   71     0   0   0   0   0   0   0   0  21  63   0   0   0   0  16   0   0   0   0   0     0    0    0   0.910     30  0.00
   72   72    28  33   6  33   0   0   0   0   0   0   0   0   0   0   0   0   0   0   0   0     0    0    0   1.249     41  0.00
   73   73     0   0   0   0   0   0   0  21   0   5   5   0   0   0  16  21   0   0  26   5     0    0    0   1.764     58  0.00
   74   74     0  47   0  21   0   5   5   0   5  11   0   5   0   0   0   0   0   0   0   0     0    0    0   1.539     51  0.00
   75   75    11  32  21   0   0   0   0   0  37   0   0   0   0   0   0   0   0   0   0   0     0    0    0   1.297     43  0.00
   76   76    63  11  16   5   5   0   0   0   0   0   0   0   0   0   0   0   0   0   0   0     0    0    0   1.129     37  0.00
   77   77    26   0  32   0   0   0   0   0  42   0   0   0   0   0   0   0   0   0   0   0     0    0    0   1.080     36  0.00
   78   78    11   0   0   0   0   0   0   0   0   0   0   0   0   0   0   0   0  32  42  16     0    0    0   1.257     41  0.00
   79   79     0   0   0   0   5   0   5  47  26   0   5   0  11   0   0   0   0   0   0   0     0    0    0   1.407     46  0.00
   80   80     0   0   0   0   0   0   0   0   5   0  16  16   0   0   0   0   5   0  37  21     0    0    0   1.589     53  0.00
   81   81     0   0   0   0   0   0   0   0   5   0  32  21   0   5   0   0   0   0  32   5     0    0    0   1.521     50  0.00
   82   82     0   0   0   0   0   0   0   0   0   5  11   0   0   0  11   0  11   0  37  26     0    0    0   1.585     52  0.00
   83   83     0   0   0   0   0   0   0  32   0   0   5   0   0   0  21   0  42   0   0   0     0    0    0   1.211     40  0.00
   84   84     0   0   0   0   0   0   0   5   5   0   0  21   0  11   5   0  53   0   0   0     0    0    0   1.368     45  0.00
   85   85    39  22  11  22   0   0   0   0   0   0   0   6   0   0   0   0   0   0   0   0     0    0    0   1.440     48  0.00
   86   86     0   0   0   0   0   0   0   0   0   0   0   0   0   0  89  11   0   0   0   0     0    0    0   0.336     11  0.00
   87   87     0   0   0   0   0   0   0  68  32   0   0   0   0   0   0   0   0   0   0   0     0    0    0   0.624     20  0.00
   88   88    32  16   0   0   0   0  32   0   0   0   0  21   0   0   0   0   0   0   0   0     0    0    0   1.347     44  0.00
   89   89    26   0   0   0   0   0   0   0  68   0   0   0   5   0   0   0   0   0   0   0     0    0    0   0.766     25  0.00
   90   90     0   0   0   0   0   0   0   0   0   0   0   0   0   5  79  16   0   0   0   0     0    0    0   0.633     21  0.00
   91   91    37   5   0   5  11   5   5   0   0   0   0   0   0   0   0   0   5  16  11   0     0    0    0   1.908     63  0.00
   92   92     0   0   0   0   0   0   0   0   5   0   5  16   0   5  11   5  32   5   0  16     0    0    0   1.959     65  0.00
   93   93     0   0   0   0   5   0   0  37  37   5   0   0   0   0   0  11   0   5   0   0     0    0    0   1.438     47  0.00
   94   94     0  11   0   0   0   0   0   0   0   0   0   0   0   0   0   0   0  58   5  26     0    0    0   1.060     35  0.00
   95   95    11  11  63   0   0   0   0   0   0   0   0   0   0   0   5   0   0   0   0  11     0    0    0   1.156     38  0.00
   96   96     0   5   0   0   0   0  11   5  21  32  16   5   0   0   0   0   0   0   5   0     0    0    0   1.840     61  0.00
   97   97     0   0   0   0   0   0   0   0   5   5   0   0   0   5   0  11   0  47   0  26     0    0    0   1.407     46  0.00
   98   98     0   0   0   0   0   0   0   5   0   0   5   0   0   5   5  11   0   5  32  32     0    0    0   1.740     58  0.00
   99   99     0   0   0  11   0   0   0   5  47   5   0  11   0   0   0   0   0  21   0   0     0    0    0   1.466     48  0.00
  100  100     0   0   0   0   0   0   0  11   0   0  53   0   0   0   0   0   0   0   0  37     0    0    0   0.943     31  0.00
  101  101    21  63   0   5   0   0   0   0   5   0   0   0   0   0   0   0   5   0   0   0     0    0    0   1.083     36  0.00
  102  102     0   0   0   0   0   0   0  16  21   0   0   0   0  11  11  32  11   0   0   0     0    0    0   1.694     56  0.00
  103  103     0   0   0   0   0   0   0   5   0  11   0  37   0   0   5   0   5  11   5  21     0    0    0   1.790     59  0.00
  104  104     0  68   5  11  11   0   0   0   5   0   0   0   0   0   0   0   0   0   0   0     0    0    0   1.044     34  0.00
  105  105    53  32   5   5   0   0   0   0   0   0   0   0   0   0   0   0   0   0   0   5     0    0    0   1.167     38  0.00
  106  106     0   0   0   0   0   0   0  89   0   5   0   0   0   5   0   0   0   0   0   0     0    0    0   0.409     13  0.00
  107  107     0   0   0   0   0   0   0   5   0   0   5   0   0   0   0  16   0  21  47   5     0    0    0   1.438     48  0.00
  108  108     0   0   0   0   0   0   0  95   5   0   0   0   0   0   0   0   0   0   0   0     0    0    0   0.206      6  0.00
  109  109    26   5   0   0  11   0  26  16   0   0   5   0   0   5   0   0   0   5   0   0     0    0    0   1.851     61  0.00
  110  110    42  53   0   0   5   0   0   0   0   0   0   0   0   0   0   0   0   0   0   0     0    0    0   0.857     28  0.00
  111  111    68   0   5   0   0   0   0   0  16   0   5   5   0   0   0   0   0   0   0   0     0    0    0   1.016     33  0.00
  112  112    21  26  47   5   0   0   0   0   0   0   0   0   0   0   0   0   0   0   0   0     0    0    0   1.188     39  0.00
  113  113    16   0   0   0   0   0   0   0   0   0   0  84   0   0   0   0   0   0   0   0     0    0    0   0.436     14  0.00
  114  114    11  21  47   0   0   0   0   0   0   0   0   0   0   0   5  16   0   0   0   0     0    0    0   1.365     45  0.00
  115  115     0   5   0   0   0   0   0   0  11   0   0  26   0   0   0   0  16   5   5  32     0    0    0   1.709     57  0.00
  116  116     0   5   5  11   0   0   0   0   0  68   0   0   0   0   0   0  11   0   0   0     0    0    0   1.044     34  0.00
  117  117     5   0   0   0   0   0   0  21   5   0  26   5   0   0   0  26   0   0   0  11     0    0    0   1.733     57  0.00
  118  118     0  16   0   0   0   0   0   0   0   0   0   0   0   5   0  11   5  37   5  21     0    0    0   1.689     56  0.00
  119  119     0   5   0   5   0   0   0  68   0   0   0   5   0   0   5  11   0   0   0   0     0    0    0   1.117     37  0.00
  120  120     0   0   0   0   0   0   0   0   0   0   0   0   0   0   0   0  26  63   0  11     0    0    0   0.879     29  0.00
  121  121     0   0   0   0   0   0   0   0   0  32   0   0   0   5  63   0   0   0   0   0     0    0    0   0.809     27  0.00
  122  122     0   0   0   0   5  16  74   0   0   0   0   0   0   5   0   0   0   0   0   0     0    0    0   0.826     27  0.00
  123  123     0   0   0   0   0   0   0   0   0   0  11  11   0   0   0   0  79   0   0   0     0    0    0   0.661     22  0.00
  124  124     0   0   0   0   0   0   0  95   0   0   5   0   0   0   0   0   0   0   0   0     0    0    0   0.206      6  0.00
  125  125    63   5  11   0   0   0   0   0   0   0  11   0   0   0   0   0  11   0   0   0     0    0    0   1.156     38  0.00
  126  126    79   0  16   0   0   0   0   0   0   0   0   5   0   0   0   0   0   0   0   0     0    0    0   0.633     21  0.00
  127  127     0   0   0   0   0   0   0  32  16  26   5   0   0   0   5   0   5   0   0  11     0    0    0   1.709     57  0.00
  128  128     0  95   5   0   0   0   0   0   0   0   0   0   0   0   0   0   0   0   0   0     0    0    0   0.206      6  0.00
  129  129     5   0  11   0   0   0   0   0   0   0   0   0   0   0   0   0   5  58   0  21     0    0    0   1.191     39  0.00
  130  130     0   0   0   0   0   0   0  63   5   0  11  11   0   0   0  11   0   0   0   0     0    0    0   1.156     38  0.00
  131  131     5   0   0   0   0   0   0  26   5  11   0   0   0   0   0   0   0  11   0  42     0    0    0   1.499     50  0.00
  132  132     0   0   0   0   0   0   0  16   0   0   0  53   0   0   0   0   0  21  11   0     0    0    0   1.194     39  0.00
  133  133     0  58  42   0   0   0   0   0   0   0   0   0   0   0   0   0   0   0   0   0     0    0    0   0.681     22  0.00
  134  134     0   0   0   0   0   0   0  16  63   0   0  16   0   0   0   0   0   5   0   0     0    0    0   1.028     34  0.00
  135  135     0   5   0   0   0   0   0   0  32   0   0   0   0   0   0   0  21  37   0   5     0    0    0   1.370     45  0.00
  136  136     5   0   0  16   0   0   0   0  11   0   0   0  42   0   0   0   0   0   0  26     0    0    0   1.399     46  0.00
  137  137     5  74   0   0  11   0   0   0  11   0   0   0   0   0   0   0   0   0   0   0     0    0    0   0.854     28  0.00
  138  138    16   0   0   0   0   0   0   0  11   0  11   5   0   0   5   0   0  53   0   0     0    0    0   1.413     47  0.00
  139  139     0   0   5   0   0  11   5   5   0   0   0   5   0   0   5   0   5   0  21  37     0    0    0   1.863     62  0.00
  140  140     0   0   0   0   0   0 100   0   0   0   0   0   0   0   0   0   0   0   0   0     0    0    0   0.000      0  0.00
  141  141     0   5   0  16  74   0   0   0   0   0   0   0   5   0   0   0   0   0   0   0     0    0    0   0.826     27  0.00
  142  142    17  11   0  22   0   0   0   6  11   0   0   0   0   0  11  17   0   6   0   0     0    0    0   1.985     66  0.00
  143  143     0   0   0   0   0   0   0   0   5   0  21   0   0   0  58   0  11   0   5   0     0    0    0   1.191     39  0.00
  144  144     0   0   0   0   0   0   0   0   0   0 100   0   0   0   0   0   0   0   0   0     0    0    0   0.000      0  0.00
  145  145     0   0   0   0   0   0   0   0   0   0   0   0   0   0   0   0   0 100   0   0     0    0    0   0.000      0  0.00
  146  146     0   0   0   0   0   0   0   0   0   0   0   0   0   0   0   0 100   0   0   0     0    0    0   0.000      0  0.00
  147  147     0  63  11   0   0   0   0   0   0   0   0  26   0   0   0   0   0   0   0   0     0    0    0   0.879     29  0.00
  148  148     0   0   0   0   0   0   0   0   0  68   0   0   0   0   0   5  11   0   0  16     0    0    0   0.943     31  0.00
  149  149     0   0   0   0   0   0   0   0   0   0  16  79   0   0   0   0   0   0   5   0     0    0    0   0.633     21  0.00
  150  150     0   0   0   0   0   0   0   0   5   0  16   0   0  16  47   0  11   0   0   5     0    0    0   1.484     49  0.00
  151  151    26  42  26   0   5   0   0   0   0   0   0   0   0   0   0   0   0   0   0   0     0    0    0   1.222     40  0.00
  152  152    16  11  11   0  26  11   0  16   0   0   0   0   0   0  11   0   0   0   0   0     0    0    0   1.882     62  0.00
  153  153    16  42  42   0   0   0   0   0   0   0   0   0   0   0   0   0   0   0   0   0     0    0    0   1.020     34  0.00
  154  154     0   6   0   0   0   0   0   6  11   0  22   0   0   0  44   0   0   0  11   0     0    0    0   1.504     50  0.00
  155  155    28   0   0   0   0   0   0   0  28   0   0  33   0   0   0   0   0   0  11   0     0    0    0   1.322     44  0.00
  156  156     0   0   0   0   0   0   6  59   0   0  18   0   0   0   0   0   0  12   6   0     0    0    0   1.203     40  0.00
  157  157     0   0   0   0   0   0   0   6   0   6   0   0   0   0   0   6   6  17   6  56     0    0    0   1.428     47  0.00
  158  158    33   0   0   0   7   0   7   0  20   0  13   0   0   7   0   0   0   7   0   7     0    0    0   1.859     62  0.00
  159  159     0   0   0   0   0   0   0   6   0   0   0   0   0   0   6   0   0  19  13  56     0    0    0   1.244     41  0.00
  160  160     0   0   0   0   0   0   0  75   0   0   6  13   0   0   0   0   0   6   0   0     0    0    0   0.822     27  0.00
  161  161    19   0   0   0   0   0   0   0   0   0   0   0   0   0  13  50  19   0   0   0     0    0    0   1.234     41  0.00
  162  162     5   5   0   0   0   5   0   5   5  37   0   0   0   0  11  11   0  16   0   0     0    0    0   1.908     63  0.00
  163  163    11   0  11   0   0   0   0   0  68   0   0   0   5   0   5   0   0   0   0   0     0    0    0   1.044     34  0.00
  164  164     0   0   0   0   0   0   0   0  95   0   0   0   0   0   5   0   0   0   0   0     0    0    0   0.206      6  0.00
  165  165     0   0   0   0   0   0   0  83  17   0   0   0   0   0   0   0   0   0   0   0     0    0    0   0.451     15  0.00
  166  166     0   0   0   0   0   0   0 100   0   0   0   0   0   0   0   0   0   0   0   0     0    0    0   0.000      0  0.00
  167  167     0  29  12  41  18   0   0   0   0   0   0   0   0   0   0   0   0   0   0   0     0    0    0   1.283     42  0.00
  168  168     6  83   0  11   0   0   0   0   0   0   0   0   0   0   0   0   0   0   0   0     0    0    0   0.557     18  0.00
  169  169    17  67  11   0   0   0   0   0   6   0   0   0   0   0   0   0   0   0   0   0     0    0    0   0.974     32  0.00
  170  170     0   0   0   0   0   0   0   0   0   0   0   0   0   0   0   0 100   0   0   0     0    0    0   0.000      0  0.00
  171  171    33   6  17   0   6   0   0   0  17   0   0   0   0   0  17   0   6   0   0   0     0    0    0   1.744     58  0.00
  172  172     6  41   6  47   0   0   0   0   0   0   0   0   0   0   0   0   0   0   0   0     0    0    0   1.053     35  0.00
  173  173     0   0   0   0   0   0   0   0   6  94   0   0   0   0   0   0   0   0   0   0     0    0    0   0.215      7  0.00
  174  174     0   0   0   0   0   0   0   6  53   0   0   0   0   0   0   0   6  18   0  18     0    0    0   1.282     42  0.00
  175  175     0   0   0   0   0   0   0  18   0   0   6  12   0   0   0   0  29  18   0  18     0    0    0   1.697     56  0.00
  176  176    18   0   0   0   0   0   0   0   0   0  12   0   0   0   0   6   6   6  29  24     0    0    0   1.758     58  0.00
  177  177     0  18   0   0   0   0   0  18  47   6   0   0   0   0   0   0   0  12   0   0     0    0    0   1.385     46  0.00
  178  178     0   0   6   0   0   0   0   0   0   0  12   6   0   0  18   0  29  12   0  18     0    0    0   1.809     60  0.00
  179  179     0   0  18   0   0   0   0   0   6  12   0   0   0   0   0   0  35  29   0   0     0    0    0   1.452     48  0.00
  180  180     0   0   0   0   0   0   0   0   6   0   6  12   0   0   0   0   0  41   0  35     0    0    0   1.318     43  0.00
  181  181     0   0   6   0   0   0   0   0  24   0   6   0   0   0   0   0   0  18   0  47     0    0    0   1.335     44  0.00
  182  182     0   0  18   0  47  29   0   0   0   0   0   0   0   6   0   0   0   0   0   0     0    0    0   1.187     39  0.00
  183  183     0   0   0   0   0   0   0   0   0   0   0   6   0   0   0   0   6  53   0  35     0    0    0   1.038     34  0.00
  184  184     0   0   0   0   0   0   0   0   0   6   0   0   0  88   0   6   0   0   0   0     0    0    0   0.444     14  0.00
  185  185    24  53   0   0   0   0   0   0   0   0   0   6   0   0   6   0   0   0  12   0     0    0    0   1.262     42  0.00
  186  186     0   6  12   0   0   0   0   0  35   0  18  12   0   0   0   0   6   6   0   6     0    0    0   1.844     61  0.00
  187  187     0   0   0   0   0   0   0   0   6   0   0  65   0   0   0  12  12   0   6   0     0    0    0   1.119     37  0.00
  188  188     0  76   0   0   0   0   0   0   0   0  18   6   0   0   0   0   0   0   0   0     0    0    0   0.678     22  0.00
  189  189     0   0   6  12   6   6   0   0  35   0   0  35   0   0   0   0   0   0   0   0     0    0    0   1.487     49  0.00
  190  190     0   0   0   0   0   0   0   0  12  18   0   0   0   0  18   0   6  35   6   6     0    0    0   1.732     57  0.00
  191  191     0   0   0   0   0   0   0   0   0   6  12  76   0   0   0   0   0   6   0   0     0    0    0   0.790     26  0.00
  192  192    12  29  53   0   0   0   0   0   0   0   0   6   0   0   0   0   0   0   0   0     0    0    0   1.115     37  0.00
  193  193     0   6   0   0   0   0   0   6  12   0   6  24   0   0   0  47   0   0   0   0     0    0    0   1.447     48  0.00
  194  194     0   0   0   0   0   0   0   0  29   0   0  41   0   0   0   6   0  12   0  12     0    0    0   1.395     46  0.00
  195  195     0  12   0  12   0   0   0   0   0   0   0   0   0   0   0   0   0  71   0   6     0    0    0   0.916     30  0.00
  196  196     6  18   0   0   0   0   0   0   0   0   0   0   0   0   0   0   0  76   0   0     0    0    0   0.678     22  0.00
  197  197     0  76   0   0   0   0   0   6   0   0   0  12   0   0   0   0   0   6   0   0     0    0    0   0.790     26  0.00
  198  198     0  35   6   0  18   0   0   0  24   0  12   6   0   0   0   0   0   0   0   0     0    0    0   1.599     53  0.00
  199  199     0   0   6   0   0   0   0  35  12   0   0  29   0   0   0   0   0  12   0   6     0    0    0   1.564     52  0.00
  200  200     0  71   0   6   0   0   0   0   0   6   0   0   0   0   0   0   0  18   0   0     0    0    0   0.885     29  0.00
  201  201     0   0   0   0   0   0   0   0   0  65   0  12   0   0   0   0   0   0   0  24     0    0    0   0.874     29  0.00
  202  202     6  12   0   0   0   0   0   0  71   6   0   0   0   0   0   0   0   0   6   0     0    0    0   0.998     33  0.00
  203  203     0   0   0   0   0   0   0   0   0   0   6   0   0   0   0  12  18  35  29   0     0    0    0   1.452     48  0.00
  204  204     0   0   0   0   0   0   0   0   0   0   0  24   0  18   6   0   0  53   0   0     0    0    0   1.150     38  0.00
  205  205    53  29   6  12   0   0   0   0   0   0   0   0   0   0   0   0   0   0   0   0     0    0    0   1.115     37  0.00
  206  206     0 100   0   0   0   0   0   0   0   0   0   0   0   0   0   0   0   0   0   0     0    0    0   0.000      0  0.00
  207  207     0   0   0   0   0  35  41   0   6   0   0   0   0   6   0   0   0   0   0  12     0    0    0   1.318     43  0.00
  208  208     0   0   0   0   0   0   0   0   6   0   0   0   0   0  82   0   0   0  12   0     0    0    0   0.578     19  0.00
  209  209     0  88  12   0   0   0   0   0   0   0   0   0   0   0   0   0   0   0   0   0     0    0    0   0.362     12  0.00
  210  210     0   6   0   0  29   0  65   0   0   0   0   0   0   0   0   0   0   0   0   0     0    0    0   0.808     26  0.00
  211  211     0   0   0   0   0   0   0  18   0   0   0   0   0  71   0   0   0   0  12   0     0    0    0   0.804     26  0.00
  212  212     0   0   0   0   0   0   0   0   0   0   0   0   0   0   0   0   6  76   0  18     0    0    0   0.678     22  0.00
  213  213     0   0   0  12   0   0   0   0   0   0   0  18   0   6   0   0   0  53   0  12     0    0    0   1.313     43  0.00
  214  214     0   0   0   0   0   0   0  12   0  18   0  18   0   0   6   0   0  41   6   0     0    0    0   1.563     52  0.00
  215  215    71   0   0   0   0   0  12   0   0  18   0   0   0   0   0   0   0   0   0   0     0    0    0   0.804     26  0.00
  216  216     0   0   0   0   0   0   0   0   0   0   0  29   0   0  35  18   6   6   6   0     0    0    0   1.534     51  0.00
  217  217    53  24  12   0   0   0   0   0   0   0   0   0   0   0   0   0   0   0  12   0     0    0    0   1.181     39  0.00
  218  218     0  24   0   0  41   0  35   0   0   0   0   0   0   0   0   0   0   0   0   0     0    0    0   1.073     35  0.00
  219  219     0   0   0   0   0   0   0  18   0  12   0   6   0   0   0   0   0  29   0  35     0    0    0   1.452     48  0.00
  220  220     0   0   0   0   0   0   0   6   6  59   6   0   0   0   0   6   0  18   0   0     0    0    0   1.285     42  0.00
  221  221     6   0   0   6  12   0   0   0   0   0   0   0   0   0   0   6  53  18   0   0     0    0    0   1.395     46  0.00
  222  222     0   0   0   0   0   0   0   0   0  41   0  18   0   0   0   0   6   0   0  35     0    0    0   1.206     40  0.00
  223  223    41  24  18   0  18   0   0   0   0   0   0   0   0   0   0   0   0   0   0   0     0    0    0   1.318     43  0.00
  224  224     6   0   0   0   0   0   0   6   0   0  12   0   0   0   0   6   6  65   0   0     0    0    0   1.200     40  0.00
  225  225     0   0   0   0  88   0   0   0   6   0   0   0   0   0   0   0   0   0   0   6     0    0    0   0.444     14  0.00
  226  226     0   0   0   0  18   0   0   0   6   0  18   0   0   6   6  41   6   0   0   0     0    0    0   1.644     54  0.00
  227  227     0   0   0   0   0   0   0   0   0   0   0   0 100   0   0   0   0   0   0   0     0    0    0   0.000      0  0.00
  228  228     0   0   0   0   0   0   0  18   0   0  12  47   0   0   6   0   6   0   0  12     0    0    0   1.498     49  0.00
  229  229     0   0   0   0   0   0   0   0   0   0   0   0 100   0   0   0   0   0   0   0     0    0    0   0.000      0  0.00
//
