ID Pseudo hssp file.
SEQ 
SEQ gi|11498436|ref|NP_069664.1| conserved hypothetical protein [Arc...   299  1e-80
SEQ gi|9845227|gb|AAG00803.1| (AF202316) high molecular weight rubre...   144  7e-34
SEQ gi|7467668|pir||B71725 hypothetical protein RP149 - Rickettsia p...    51  1e-05
SEQ gi|7445882|pir||S76328 hypothetical protein - Synechocystis sp. ...    46  3e-04
SEQ gi|12721910|gb|AAK03606.1| (AE006189) unknown [Pasteurella multo...    45  6e-04
SEQ 
## SEQUENCE PROFILE AND ENTROPY
 SeqNo PDBNo   V   L   I   M   F   W   Y   G   A   P   S   T   C   H   R   K   Q   E   N   D  NOCC NDEL NINS ENTROPY RELENT WEIGHT
    1    1     0   0   0 100   0   0   0   0   0   0   0   0   0   0   0   0   0   0   0   0     0    0    0   0.000      0  0.00
    2    2     0   0   0   0   0   0   0   0   0   0   0   0   0   0   0   0   0   0   0 100     0    0    0   0.000      0  0.00
    3    3    67   0   0   0   0   0   0   0   0   0   0  33   0   0   0   0   0   0   0   0     0    0    0   0.637     21  0.00
    4    4     0   0   0   0   0   0   0   0   0   0   0   0   0   0   0  25   0  50   0  25     0    0    0   1.040     34  0.00
    5    5     0   0   0   0   0   0   0   0 100   0   0   0   0   0   0   0   0   0   0   0     0    0    0   0.000      0  0.00
    6    6     0  25   0  25  50   0   0   0   0   0   0   0   0   0   0   0   0   0   0   0     0    0    0   1.040     34  0.00
    7    7     0   0   0   0   0   0  50   0   0   0  25   0   0  25   0   0   0   0   0   0     0    0    0   1.040     34  0.00
    8    8     0   0   0   0   0   0   0   0   0   0   0  17   0   0  17  67   0   0   0   0     0    0    0   0.868     28  0.00
    9    9     0  33  50   0  17   0   0   0   0   0   0   0   0   0   0   0   0   0   0   0     0    0    0   1.011     33  0.00
   10   10     0   0   0   0   0   0   0   0  17  33  33  17   0   0   0   0   0   0   0   0     0    0    0   1.330     44  0.00
   11   11     0   0   0   0   0   0  50   0  17   0   0   0   0  17   0   0  17   0   0   0     0    0    0   1.242     41  0.00
   12   12     0   0   0   0   0   0   0 100   0   0   0   0   0   0   0   0   0   0   0   0     0    0    0   0.000      0  0.00
   13   13    33  67   0   0   0   0   0   0   0   0   0   0   0   0   0   0   0   0   0   0     0    0    0   0.637     21  0.00
   14   14     0   0   0   0   0   0  67   0   0   0   0  17   0   0   0   0   0   0  17   0     0    0    0   0.868     28  0.00
   15   15    17   0  83   0   0   0   0   0   0   0   0   0   0   0   0   0   0   0   0   0     0    0    0   0.451     15  0.00
   16   16    33   0  50   0   0   0   0   0   0   0   0   0  17   0   0   0   0   0   0   0     0    0    0   1.011     33  0.00
   17   17     0   0   0   0   0   0   0  17   0   0   0  83   0   0   0   0   0   0   0   0     0    0    0   0.451     15  0.00
   18   18    17   0   0   0   0   0   0   0  17   0  33  33   0   0   0   0   0   0   0   0     0    0    0   1.330     44  0.00
   19   19     0   0   0   0   0   0   0   0   0   0   0   0   0   0   0  33   0  33  33   0     0    0    0   1.099     36  0.00
   20   20     0   0   0   0   0   0   0  17   0   0  50   0  17   0   0  17   0   0   0   0     0    0    0   1.242     41  0.00
   21   21     0   0  17   0   0   0   0  33   0   0   0   0   0   0   0   0   0   0  50   0     0    0    0   1.011     33  0.00
   22   22     0   0   0   0   0   0   0  33  17   0   0   0   0   0   0   0   0  17  17  17     0    0    0   1.561     52  0.00
   23   23     0   0   0   0   0   0   0  17   0   0   0   0   0   0  50   0   0  33   0   0     0    0    0   1.011     33  0.00
   24   24     0  17   0   0  17   0   0   0  17   0   0   0   0   0   0  50   0   0   0   0     0    0    0   1.242     41  0.00
   25   25     0   0   0   0  17   0   0   0   0   0   0   0  50   0   0   0   0   0  33   0     0    0    0   1.011     33  0.00
   26   26     0   0   0   0   0   0   0 100   0   0   0   0   0   0   0   0   0   0   0   0     0    0    0   0.000      0  0.00
   27   27     0   0  17   0  33   0   0   0   0   0   0   0   0   0   0   0  50   0   0   0     0    0    0   1.011     33  0.00
   28   28    17   0  33   0   0   0   0   0   0   0   0  50   0   0   0   0   0   0   0   0     0    0    0   1.011     33  0.00
   29   29     0   0   0   0   0   0   0   0 100   0   0   0   0   0   0   0   0   0   0   0     0    0    0   0.000      0  0.00
   30   30     0   0   0   0   0   0   0   0   0   0  33  17   0   0   0   0   0   0  50   0     0    0    0   1.011     33  0.00
   31   31     0   0   0   0   0  17   0   0  17   0  17  50   0   0   0   0   0   0   0   0     0    0    0   1.242     41  0.00
   32   32    83   0   0   0  17   0   0   0   0   0   0   0   0   0   0   0   0   0   0   0     0    0    0   0.451     15  0.00
   33   33     0   0   0  17  50   0   0   0   0   0   0  17  17   0   0   0   0   0   0   0     0    0    0   1.242     41  0.00
   34   34     0   0   0   0   0   0   0   0   0   0  33   0   0   0   0   0  67   0   0   0     0    0    0   0.637     21  0.00
   35   35    33  33  17   0   0   0   0  17   0   0   0   0   0   0   0   0   0   0   0   0     0    0    0   1.330     44  0.00
   36   36     0   0   0   0   0   0   0   0   0   0  33  67   0   0   0   0   0   0   0   0     0    0    0   0.637     21  0.00
   37   37     0  17   0   0  17   0   0   0   0   0  50   0   0   0   0   0   0   0   0  17     0    0    0   1.242     41  0.00
   38   38     0   0   0   0   0   0   0   0   0   0   0  17   0   0   0  50   0  17   0  17     0    0    0   1.242     41  0.00
   39   39     0   0   0   0   0   0   0   0   0 100   0   0   0   0   0   0   0   0   0   0     0    0    0   0.000      0  0.00
   40   40    33   0   0   0   0   0   0   0   0  50  17   0   0   0   0   0   0   0   0   0     0    0    0   1.011     33  0.00
   41   41     0  33   0   0   0   0   0   0   0   0   0  33   0   0   0   0  33   0   0   0     0    0    0   1.099     36  0.00
   42   42    17   0  83   0   0   0   0   0   0   0   0   0   0   0   0   0   0   0   0   0     0    0    0   0.451     15  0.00
   43   43    17  17   0  17   0   0   0   0  50   0   0   0   0   0   0   0   0   0   0   0     0    0    0   1.242     41  0.00
   44   44    67   0   0   0  17   0   0   0   0   0   0   0   0   0   0   0   0   0  17   0     0    0    0   0.868     28  0.00
   45   45     0   0   0   0   0   0   0   0   0   0  17   0  83   0   0   0   0   0   0   0     0    0    0   0.451     15  0.00
   46   46    17  50  33   0   0   0   0   0   0   0   0   0   0   0   0   0   0   0   0   0     0    0    0   1.011     33  0.00
   47   47     0   0   0   0   0   0   0   0   0   0   0   0   0   0  17   0   0   0  83   0     0    0    0   0.451     15  0.00
   48   48     0   0   0   0   0   0   0   0   0   0   0  17   0   0   0  83   0   0   0   0     0    0    0   0.451     15  0.00
   49   49     0   0   0   0   0   0   0   0   0   0   0   0   0   0   0   0  17  33  33  17     0    0    0   1.330     44  0.00
   50   50     0   0   0   0   0   0   0   0   0   0  50   0   0   0   0   0   0   0  50   0     0    0    0   0.693     23  0.00
   51   51     0  17  17   0   0   0   0   0   0   0   0   0  17   0   0   0   0  17   0  33     0    0    0   1.561     52  0.00
   52   52     0   0   0  17   0   0   0   0   0   0  33  50   0   0   0   0   0   0   0   0     0    0    0   1.011     33  0.00
   53   53     0   0  17   0   0   0   0   0   0   0   0   0   0  67   0   0   0   0  17   0     0    0    0   0.868     28  0.00
   54   54     0   0   0   0   0   0   0   0   0  17   0   0   0   0  17   0   0  17  50   0     0    0    0   1.242     41  0.00
   55   55    17  17   0   0  17   0   0   0  33   0  17   0   0   0   0   0   0   0   0   0     0    0    0   1.561     52  0.00
   56   56    33  17  17   0  33   0   0   0   0   0   0   0   0   0   0   0   0   0   0   0     0    0    0   1.330     44  0.00
   57   57     0   0   0   0   0   0   0   0   0   0   0   0   0   0   0  50  50   0   0   0     0    0    0   0.693     23  0.00
   58   58     0   0   0   0   0   0   0   0  17   0   0  17   0   0   0   0  17  50   0   0     0    0    0   1.242     41  0.00
   59   59     0   0   0   0   0   0   0  17   0   0  67   0   0   0   0   0   0   0  17   0     0    0    0   0.868     28  0.00
   60   60     0   0   0   0   0   0   0  50   0   0   0   0   0   0   0  17  17   0   0  17     0    0    0   1.242     41  0.00
   61   61     0   0   0   0   0   0   0  17  33   0   0   0   0   0  17  17  17   0   0   0     0    0    0   1.561     52  0.00
   62   62     0  17   0   0  83   0   0   0   0   0   0   0   0   0   0   0   0   0   0   0     0    0    0   0.451     15  0.00
   63   63    17   0   0   0   0   0   0  33  33   0   0   0  17   0   0   0   0   0   0   0     0    0    0   1.330     44  0.00
   64   64    67  17  17   0   0   0   0   0   0   0   0   0   0   0   0   0   0   0   0   0     0    0    0   0.868     28  0.00
   65   65     0   0   0   0   0   0   0   0   0   0  83   0   0   0   0   0   0   0  17   0     0    0    0   0.451     15  0.00
   66   66    67   0  17   0  17   0   0   0   0   0   0   0   0   0   0   0   0   0   0   0     0    0    0   0.868     28  0.00
   67   67     0 100   0   0   0   0   0   0   0   0   0   0   0   0   0   0   0   0   0   0     0    0    0   0.000      0  0.00
   68   68     0   0   0   0   0   0   0   0  33   0  17   0   0   0   0   0  17  33   0   0     0    0    0   1.330     44  0.00
   69   69     0  40   0   0   0   0   0   0  20   0   0   0   0   0  20  20   0   0   0   0     0    0    0   1.332     44  0.00
   70   70     0   0   0   0   0   0   0   0   0   0   0   0   0   0   0   0   0  83   0  17     0    0    0   0.451     15  0.00
   71   71    33   0   0   0   0   0   0   0   0   0   0  33   0   0   0   0  17   0  17   0     0    0    0   1.330     44  0.00
   72   72     0   0   0   0   0   0   0   0  20  60   0   0   0   0   0   0  20   0   0   0     0    0    0   0.950     31  0.00
   73   73     0  33  17  33   0   0   0   0  17   0   0   0   0   0   0   0   0   0   0   0     0    0    0   1.330     44  0.00
   74   74     0   0   0   0   0   0   0   0   0   0  17   0   0   0   0   0  17  50   0  17     0    0    0   1.242     41  0.00
   75   75     0  33  17   0  50   0   0   0   0   0   0   0   0   0   0   0   0   0   0   0     0    0    0   1.011     33  0.00
   76   76     0   0  50   0  17   0   0   0  17   0  17   0   0   0   0   0   0   0   0   0     0    0    0   1.242     41  0.00
   77   77     0   0   0   0   0   0   0  60   0   0   0   0   0   0   0  20  20   0   0   0     0    0    0   0.950     31  0.00
   78   78     0   0   0   0   0   0   0   0   0   0   0   0   0  33  33  17  17   0   0   0     0    0    0   1.330     44  0.00
   79   79     0   0   0   0  83   0   0   0   0  17   0   0   0   0   0   0   0   0   0   0     0    0    0   0.451     15  0.00
   80   80     0   0   0   0   0   0   0  67  17   0   0   0   0   0   0   0  17   0   0   0     0    0    0   0.868     28  0.00
   81   81     0   0   0   0  80   0   0   0   0   0   0   0   0   0  20   0   0   0   0   0     0    0    0   0.500     16  0.00
   82   82     0   0   0  20   0   0   0   0   0   0   0   0   0   0  60  20   0   0   0   0     0    0    0   0.950     31  0.00
   83   83    20   0   0   0   0   0   0  20   0   0  20   0   0   0   0  40   0   0   0   0     0    0    0   1.332     44  0.00
   84   84     0   0   0   0   0   0   0  33   0   0  50   0   0   0   0  17   0   0   0   0     0    0    0   1.011     33  0.00
   85   85     0   0   0   0   0   0   0   0   0   0  50   0  17   0  17   0   0   0   0  17     0    0    0   1.242     41  0.00
   86   86     0   0   0  17   0   0   0   0   0   0   0   0   0   0   0  17  17  50   0   0     0    0    0   1.242     41  0.00
   87   87     0   0   0  17  50   0   0   0   0  17   0   0   0   0   0   0   0   0   0  17     0    0    0   1.242     41  0.00
   88   88     0   0   0   0   0   0   0   0   0   0   0   0   0   0   0   0   0  67  17  17     0    0    0   0.868     28  0.00
   89   89     0   0   0   0   0   0   0   0   0   0   0   0   0   0  17  67   0   0  17   0     0    0    0   0.868     28  0.00
   90   90     0   0   0   0 100   0   0   0   0   0   0   0   0   0   0   0   0   0   0   0     0    0    0   0.000      0  0.00
   91   91     0   0  17   0   0   0   0   0  17   0   0   0   0   0   0   0   0  17   0  50     0    0    0   1.242     41  0.00
   92   92    17   0   0   0   0   0   0  50  17   0   0   0   0   0   0  17   0   0   0   0     0    0    0   1.242     41  0.00
   93   93    50  17  33   0   0   0   0   0   0   0   0   0   0   0   0   0   0   0   0   0     0    0    0   1.011     33  0.00
   94   94     0   0   0   0   0  17   0  17   0   0   0   0   0   0   0   0   0  33  17  17     0    0    0   1.561     52  0.00
   95   95     0   0   0   0   0   0  80   0   0   0   0   0   0  20   0   0   0   0   0   0     0    0    0   0.500     16  0.00
   96   96     0   0   0   0   0   0   0   0   0   0   0   0   0   0   0  80   0  20   0   0     0    0    0   0.500     16  0.00
   97   97     0  33   0   0   0   0   0   0  17   0   0  33   0   0   0  17   0   0   0   0     0    0    0   1.330     44  0.00
   98   98     0   0   0   0   0   0   0  50   0  17  17   0   0   0   0   0  17   0   0   0     0    0    0   1.242     41  0.00
   99   99     0   0   0   0   0   0   0   0   0   0   0   0   0   0   0  50   0  33   0  17     0    0    0   1.011     33  0.00
  100  100     0   0   0   0   0   0   0  17   0  17   0  67   0   0   0   0   0   0   0   0     0    0    0   0.868     28  0.00
  101  101    17   0   0   0   0   0   0  67   0   0   0   0   0   0   0   0   0   0   0  17     0    0    0   0.868     28  0.00
  102  102    33  17   0   0   0   0   0   0  17   0   0   0  33   0   0   0   0   0   0   0     0    0    0   1.330     44  0.00
  103  103     0   0   0   0   0   0   0   0   0 100   0   0   0   0   0   0   0   0   0   0     0    0    0   0.000      0  0.00
  104  104     0  60   0   0   0   0  20   0   0  20   0   0   0   0   0   0   0   0   0   0     0    0    0   0.950     31  0.00
  105  105    50  17  17   0   0   0   0   0   0   0  17   0   0   0   0   0   0   0   0   0     0    0    0   1.242     41  0.00
  106  106     0  33   0   0   0   0   0   0  17   0   0  33   0   0   0   0   0   0  17   0     0    0    0   1.330     44  0.00
  107  107     0   0   0   0   0   0   0   0   0   0   0   0   0   0   0  33  33   0   0  33     0    0    0   1.099     36  0.00
  108  108     0   0   0   0   0   0   0   0  17   0   0   0   0  50   0   0   0   0  17  17     0    0    0   1.242     41  0.00
  109  109     0   0   0   0   0   0   0   0  50   0   0  33  17   0   0   0   0   0   0   0     0    0    0   1.011     33  0.00
  110  110    33  50   0   0   0   0   0   0   0   0   0   0  17   0   0   0   0   0   0   0     0    0    0   1.011     33  0.00
  111  111     0   0   0   0   0   0   0  17  67   0   0   0   0  17   0   0   0   0   0   0     0    0    0   0.868     28  0.00
  112  112    33   0  17   0   0   0  33   0   0   0   0   0   0   0   0   0   0   0  17   0     0    0    0   1.330     44  0.00
  113  113    17  33  33   0   0   0   0   0   0   0   0   0   0   0   0   0   0  17   0   0     0    0    0   1.330     44  0.00
  114  114     0   0   0   0   0   0   0   0   0   0   0  17  17   0   0   0   0  67   0   0     0    0    0   0.868     28  0.00
  115  115     0   0   0   0   0   0   0  17  50   0   0   0  17   0   0   0   0   0  17   0     0    0    0   1.242     41  0.00
  116  116     0   0   0   0   0   0   0   0   0   0  17  17   0   0  17  50   0   0   0   0     0    0    0   1.242     41  0.00
  117  117    50  17  17   0   0   0  17   0   0   0   0   0   0   0   0   0   0   0   0   0     0    0    0   1.242     41  0.00
  118  118    67   0   0   0   0   0   0   0  17   0   0   0   0   0   0   0   0   0  17   0     0    0    0   0.868     28  0.00
  119  119     0   0   0   0   0   0   0  17   0   0  17   0   0   0   0  33  17   0   0  17     0    0    0   1.561     52  0.00
  120  120     0   0  17   0   0   0  17   0   0   0  17  17   0   0   0   0   0  33   0   0     0    0    0   1.561     52  0.00
  121  121    40   0   0   0   0   0   0   0   0   0   0   0  40   0  20   0   0   0   0   0     0    0    0   1.055     35  0.00
  122  122     0   0   0   0   0   0   0   0  17   0   0   0   0   0   0   0   0   0  17  67     0    0    0   0.868     28  0.00
  123  123    33   0  17   0   0   0   0   0  33   0   0   0   0  17   0   0   0   0   0   0     0    0    0   1.330     44  0.00
  124  124     0   0   0   0   0   0   0 100   0   0   0   0   0   0   0   0   0   0   0   0     0    0    0   0.000      0  0.00
  125  125     0   0   0   0   0   0   0   0   0   0   0  67   0   0   0   0   0   0   0  33     0    0    0   0.637     21  0.00
  126  126     0   0   0   0   0   0   0   0   0   0   0   0   0 100   0   0   0   0   0   0     0    0    0   0.000      0  0.00
  127  127    17   0   0   0   0   0   0   0   0   0  33  50   0   0   0   0   0   0   0   0     0    0    0   1.011     33  0.00
  128  128    17  33  33  17   0   0   0   0   0   0   0   0   0   0   0   0   0   0   0   0     0    0    0   1.330     44  0.00
  129  129     0   0   0   0 100   0   0   0   0   0   0   0   0   0   0   0   0   0   0   0     0    0    0   0.000      0  0.00
  130  130    50  17  33   0   0   0   0   0   0   0   0   0   0   0   0   0   0   0   0   0     0    0    0   1.011     33  0.00
  131  131    17   0   0   0   0   0   0  83   0   0   0   0   0   0   0   0   0   0   0   0     0    0    0   0.451     15  0.00
  132  132     0   0   0   0   0   0   0   0   0   0   0  17   0   0   0   0   0  83   0   0     0    0    0   0.451     15  0.00
  133  133    50  17   0   0   0   0   0   0  33   0   0   0   0   0   0   0   0   0   0   0     0    0    0   1.011     33  0.00
  134  134    33   0  33   0   0   0   0   0   0   0   0  17   0   0   0   0   0  17   0   0     0    0    0   1.330     44  0.00
  135  135     0   0   0   0   0   0   0  17   0   0   0   0   0   0   0   0   0  17  17  50     0    0    0   1.242     41  0.00
  136  136     0   0  17   0   0   0   0   0  67   0   0  17   0   0   0   0   0   0   0   0     0    0    0   0.868     28  0.00
  137  137     0   0   0   0   0   0   0   0  33   0   0   0   0   0   0   0  33  33   0   0     0    0    0   1.099     36  0.00
  138  138    83   0  17   0   0   0   0   0   0   0   0   0   0   0   0   0   0   0   0   0     0    0    0   0.451     15  0.00
  139  139     0  50   0   0  17   0   0   0   0   0   0   0   0   0   0  17   0   0  17   0     0    0    0   1.242     41  0.00
  140  140     0  17   0   0   0   0   0   0   0   0   0   0   0   0   0  33   0  17  33   0     0    0    0   1.330     44  0.00
  141  141     0   0   0   0   0   0   0   0   0   0   0   0   0   0   0   0  17  33  17  33     0    0    0   1.330     44  0.00
  142  142    17   0   0   0   0   0   0  33  33   0   0   0   0   0   0   0  17   0   0   0     0    0    0   1.330     44  0.00
  143  143     0   0   0   0   0   0   0   0   0   0   0   0   0   0   0  17   0  67   0  17     0    0    0   0.868     28  0.00
  144  144    40   0   0   0   0   0   0   0   0  60   0   0   0   0   0   0   0   0   0   0     0    0    0   0.673     22  0.00
  145  145     0  80   0  20   0   0   0   0   0   0   0   0   0   0   0   0   0   0   0   0     0    0    0   0.500     16  0.00
  146  146     0  25   0   0   0   0   0   0   0   0   0  75   0   0   0   0   0   0   0   0     0    0    0   0.562     18  0.00
  147  147     0   0   0   0   0   0 100   0   0   0   0   0   0   0   0   0   0   0   0   0     0    0    0   0.000      0  0.00
  148  148     0   0   0   0   0   0   0   0 100   0   0   0   0   0   0   0   0   0   0   0     0    0    0   0.000      0  0.00
  149  149     0   0   0   0   0   0  33   0   0   0   0   0   0   0   0   0   0   0   0  67     0    0    0   0.637     21  0.00
  150  150     0   0   0   0   0   0 100   0   0   0   0   0   0   0   0   0   0   0   0   0     0    0    0   0.000      0  0.00
  151  151     0   0   0   0   0   0   0   0   0   0   0   0   0 100   0   0   0   0   0   0     0    0    0   0.000      0  0.00
  152  152     0  67   0   0   0   0   0   0   0   0   0   0   0   0   0   0  33   0   0   0     0    0    0   0.637     21  0.00
  153  153    33   0   0  67   0   0   0   0   0   0   0   0   0   0   0   0   0   0   0   0     0    0    0   0.637     21  0.00
  154  154     0   0   0   0   0   0   0   0   0   0   0   0   0   0   0 100   0   0   0   0     0    0    0   0.000      0  0.00
  155  155     0   0   0   0   0   0   0   0   0   0   0   0   0   0  33  67   0   0   0   0     0    0    0   0.637     21  0.00
  156  156     0   0   0   0   0   0   0 100   0   0   0   0   0   0   0   0   0   0   0   0     0    0    0   0.000      0  0.00
  157  157     0   0   0   0   0   0   0   0   0   0   0  33   0   0   0  67   0   0   0   0     0    0    0   0.637     21  0.00
  158  158     0   0   0   0   0   0   0   0   0   0   0 100   0   0   0   0   0   0   0   0     0    0    0   0.000      0  0.00
  159  159     0   0   0   0   0   0   0   0   0 100   0   0   0   0   0   0   0   0   0   0     0    0    0   0.000      0  0.00
  160  160     0   0   0   0   0   0   0   0   0   0   0   0   0   0  67  33   0   0   0   0     0    0    0   0.637     21  0.00
  161  161     0   0   0   0   0   0   0   0   0   0   0 100   0   0   0   0   0   0   0   0     0    0    0   0.000      0  0.00
  162  162     0   0   0   0   0   0   0   0 100   0   0   0   0   0   0   0   0   0   0   0     0    0    0   0.000      0  0.00
  163  163     0   0   0   0   0   0   0   0   0  33   0  67   0   0   0   0   0   0   0   0     0    0    0   0.637     21  0.00
  164  164    67   0   0   0   0   0   0   0   0   0   0  33   0   0   0   0   0   0   0   0     0    0    0   0.637     21  0.00
  165  165     0   0   0   0  33   0  67   0   0   0   0   0   0   0   0   0   0   0   0   0     0    0    0   0.637     21  0.00
  166  166     0   0   0   0 100   0   0   0   0   0   0   0   0   0   0   0   0   0   0   0     0    0    0   0.000      0  0.00
  167  167     0   0   0   0   0   0   0   0   0   0   0   0   0   0   0   0   0 100   0   0     0    0    0   0.000      0  0.00
  168  168     0   0   0   0   0   0   0   0   0   0 100   0   0   0   0   0   0   0   0   0     0    0    0   0.000      0  0.00
//
