ID Pseudo hssp file.
SEQ 
SEQ gi|6324569|ref|NP_014638.1| RNA polymerase II subunit, homologou...   220  6e-57
SEQ gi|5453932|ref|NP_006225.1| polymerase (RNA) II (DNA directed) p...   109  1e-23
SEQ gi|6755362|ref|NP_035423.1| RNA polymerase II 4 (14 kDa subunit)...   109  1e-23
SEQ gi|11595485|emb|CAC18368.1| (AJ277932) RPB11a protein [Homo sapi...   109  1e-23
SEQ gi|11595478|emb|CAC18331.1| (AJ277741) RPB11b2alpha protein [Hom...   106  7e-23
SEQ gi|11595474|emb|CAC18329.1| (AJ277739) RPB11b1alpha protein [Hom...   106  8e-23
SEQ gi|2822158|gb|AAB97936.1| (AC004084) similar to DNA-DIRECTED RNA...   105  2e-22
SEQ gi|3219850|sp|P87123|RPBY_SCHPO DNA-DIRECTED RNA POLYMERASE II 1...   102  1e-21
SEQ gi|11387116|sp|Q9VJE4|RPBY_DROME DNA-DIRECTED RNA POLYMERASE II ...   101  3e-21
SEQ gi|745556|prf||2016335A RNA polymerase II:SUBUNIT=14kD [Homo sap...    94  4e-19
SEQ gi|3219858|sp|Q38859|RPBY_ARATH DNA-DIRECTED RNA POLYMERASE II 1...    93  1e-18
SEQ gi|11387118|sp|Q9XVH6|RPBY_CAEEL PROBABLE DNA-DIRECTED RNA POLYM...    91  5e-18
SEQ gi|12718487|emb|CAC28816.1| (AL513466) related to DNA-directed R...    83  1e-15
SEQ gi|11595476|emb|CAC18330.1| (AJ277740) RPB11b1beta protein [Homo...    58  5e-08
SEQ gi|2500635|sp|Q09177|RPC9_SCHPO DNA-DIRECTED RNA POLYMERASES I A...    49  2e-05
SEQ gi|7490484|pir||T37744 DNA-directed RNA polymerase I and III 14 ...    49  2e-05
SEQ gi|2144183|pir||JC4847 DNA-directed RNA polymerase (EC 2.7.7.6) ...    47  6e-05
SEQ gi|11387068|sp|O27372|RPOL_METTH DNA-DIRECTED RNA POLYMERASE SUB...    46  2e-04
SEQ gi|464673|sp|P34476|RPC9_CAEEL PROBABLE DNA-DIRECTED RNA POLYMER...    46  2e-04
SEQ gi|13811975|ref|NP_113104.1| dna directed RNA polymerase II 13.6...    45  3e-04
SEQ gi|6677791|ref|NP_033113.1| RNA polymerase 1-3 (16 kDa subunit) ...    45  4e-04
SEQ gi|13813435|gb|AAK40631.1| (AE006664) DNA-directed RNA polymeras...    44  6e-04
SEQ gi|7705740|ref|NP_057056.1| RNA polymerase I 16 kDa subunit [Hom...    44  8e-04
SEQ 
## SEQUENCE PROFILE AND ENTROPY
 SeqNo PDBNo   V   L   I   M   F   W   Y   G   A   P   S   T   C   H   R   K   Q   E   N   D  NOCC NDEL NINS ENTROPY RELENT WEIGHT
    1    1     0   0   0 100   0   0   0   0   0   0   0   0   0   0   0   0   0   0   0   0     0    0    0   0.000      0  0.00
    2    2     0   0   0   0   0   0   0   0   0   0   0   0   0   0   0   0   0   0 100   0     0    0    0   0.000      0  0.00
    3    3     0   0   0   0   0   0   0   0  93   0   0   0   0   0   0   0   7   0   0   0     0    0    0   0.245      8  0.00
    4    4     0   0   0   0   0   0   0   0   0 100   0   0   0   0   0   0   0   0   0   0     0    0    0   0.000      0  0.00
    5    5     0   0   0   0   0   0   0   0   7  60   0   0   0   0   0   0   0  13   0  20     0    0    0   1.078     35  0.00
    6    6     0   0   0   0   0   0   0   0  60   0   0   7   0   0  33   0   0   0   0   0     0    0    0   0.853     28  0.00
    7    7     0   0   0   0  87   0  13   0   0   0   0   0   0   0   0   0   0   0   0   0     0    0    0   0.393     13  0.00
    8    8     0   0   0   0   0   0   0   0   0   0   0   0   0   0   0   0   7  93   0   0     0    0    0   0.245      8  0.00
    9    9     0  27   0   0   0   0   0   0   0   0  67   0   0   0   7   0   0   0   0   0     0    0    0   0.803     26  0.00
   10   10     0   0   7   0  93   0   0   0   0   0   0   0   0   0   0   0   0   0   0   0     0    0    0   0.245      8  0.00
   11   11     7  87   0   0   0   0   0   0   0   0   0   0   0   0   0   0   0   7   0   0     0    0    0   0.485     16  0.00
   12   12     6  82   0  12   0   0   0   0   0   0   0   0   0   0   0   0   0   0   0   0     0    0    0   0.578     19  0.00
   13   13     0   6   0   0  50   0   6  13  13   6   0   0   0   0   0   0   6   0   0   0     0    0    0   1.560     52  0.00
   14   14     0   0   0   6   0   0   0   0   0   0   0   0   0   0   0   0   6  76   0  12     0    0    0   0.790     26  0.00
   15   15     0   0   0   0   0   0   0 100   0   0   0   0   0   0   0   0   0   0   0   0     0    0    0   0.000      0  0.00
   16   16     0   6   0   0   0   0   0   0   0   0   0   6   0   0   0   0   6  76   0   6     0    0    0   0.872     29  0.00
   17   17     0   0   0   0   0   0   0   0   0   8  15   0   0   0  15  62   0   0   0   0     0    0    0   1.072     35  0.00
   18   18     0   0   0   0   0   0   0   0   0   0   0   0   0   0   0 100   0   0   0   0     0    0    0   0.000      0  0.00
   19   19    12  12  59   0   6   0   0   0   0   0   0  12   0   0   0   0   0   0   0   0     0    0    0   1.234     41  0.00
   20   20     0   0   6   0   0   0   6   0  11   0   6  50   0   0   0  17   0   6   0   0     0    0    0   1.532     51  0.00
   21   21     0  16  63   0   0   0  11   0   0   0   0   0   0   0   0   5   0   5   0   0     0    0    0   1.129     37  0.00
   22   22     0   5   0   0   0   0   0   0   0   0   0   0   0   0   0   5   0  26  42  21     0    0    0   1.353     45  0.00
   23   23     5  11   0  11   0   0   0   0   0  16   0   0   0   0   5  47   0   0   5   0     0    0    0   1.584     52  0.00
   24   24    11   0   0   0  11   0   0   0   0   0   0   0   0   0   0   5   0   0   0  74     0    0    0   0.854     28  0.00
   25   25     0   0   0   0   0   0   0   0   0   0  16  74   0   0   0   0  11   0   0   0     0    0    0   0.753     25  0.00
   26   26     0   0   0   0   0   0   0   5  11   0   0   0   0   0   0  74   5   0   5   0     0    0    0   0.927     30  0.00
   27   27    53   0   5   5   0   0   0   0  21   0   5   0   0   0   0   0   0   0   5   5     0    0    0   1.441     48  0.00
   28   28     0   0   5   0   0   0   0   0   0  68   5   5   0   0  11   5   0   0   0   0     0    0    0   1.117     37  0.00
   29   29     0   0   0   0   0   0   0   0   0   0   5   0   0   5   0   0   5   0  86   0     0    0    0   0.567     18  0.00
   30   30     0   0   0   0   0   0   4   0  61   0   9   9   9   0   0   0   0   4   4   0     0    0    0   1.348     45  0.00
   31   31    26   9   0   4   0   0   0   0  17   0   4   0  35   0   0   4   0   0   0   0     0    0    0   1.643     54  0.00
   32   32    13  35   9   0   0   0   0   0   0   0   4  22   0   0   0   0   0  13   0   4     0    0    0   1.715     57  0.00
   33   33     4   9  13   0  74   0   0   0   0   0   0   0   0   0   0   0   0   0   0   0     0    0    0   0.838     27  0.00
   34   34    13   4   4   0   0   0   0   0   0   0   0  63   0   0   0   4   8   4   0   0     0    0    0   1.290     43  0.00
   35   35     4  17  50  13  17   0   0   0   0   0   0   0   0   0   0   0   0   0   0   0     0    0    0   1.336     44  0.00
   36   36     0   4   0   4   0   0   4   0   0   0   4   0   0   8   0   0   8  29  38   0     0    0    0   1.671     55  0.00
   37   37     0   0   0   0   0   0   0   8   0   0   0   0   0   0   4  67   0  17   4   0     0    0    0   1.041     34  0.00
   38   38     0   0   0   0   0   0   0   0   0   0   0   0   0   0   0   0   0 100   0   0     0    0    0   0.000      0  0.00
   39   39     0   0   0   0   0   0   0   0   0   0   0   4   0   0   0   0   0   0   0  96     0    0    0   0.173      5  0.00
   40   40     0   0   0   0   0   0   0   0   4   0   0   0   0  96   0   0   0   0   0   0     0    0    0   0.173      5  0.00
   41   41     0   0   0   0   0   0   0   0   0   0   0 100   0   0   0   0   0   0   0   0     0    0    0   0.000      0  0.00
   42   42     0  88   8   4   0   0   0   0   0   0   0   0   0   0   0   0   0   0   0   0     0    0    0   0.456     15  0.00
   43   43     0   0   0   0   0   0   0  88   8   0   0   0   4   0   0   0   0   0   0   0     0    0    0   0.456     15  0.00
   44   44     0   0   0   0   0   0   0   0   0   0   0   0   0   0   0   0   0   4  96   0     0    0    0   0.173      5  0.00
   45   45     4  17  42  13   0   0   0   0   4   0  17   0   4   0   0   0   0   0   0   0     0    0    0   1.619     54  0.00
   46   46     8  38  54   0   0   0   0   0   0   0   0   0   0   0   0   0   0   0   0   0     0    0    0   0.907     30  0.00
   47   47     4   0   0   0   0   0   0   0  13   0   0   0   0   0  42  42   0   0   0   0     0    0    0   1.122     37  0.00
   48   48     0   0   4   4   4   0  21   4   8   0  38   0   0   4   0   0   0   4   8   0     0    0    0   1.903     63  0.00
   49   49    13   0  13   4   0   0   0   0   0   0   0   4   0   4   0   4  48   9   0   0     0    0    0   1.642     54  0.00
   50   50     0  83  17   0   0   0   0   0   0   0   0   0   0   0   0   0   0   0   0   0     0    0    0   0.462     15  0.00
   51   51     0  52   0  22   0   0   0   0   0   0   4   0   0   4   4   4   0   4   4   0     0    0    0   1.489     49  0.00
   52   52     0   0   0   0   0   0   0   0   0   0   4   0   0   0  13  57   9   4  13   0     0    0    0   1.339     44  0.00
   53   53     0   0   4   4   0   0   0   0   4   0   0   0   0   4   0   0   0   0  17  65     0    0    0   1.128     37  0.00
   54   54     0   0   0   0   0   0   0   0   0  65   4   0   0   0   9   4   0  13   0   4     0    0    0   1.166     38  0.00
   55   55     0   0   0   0   0   0   0   4   0   0   0   0   0   4   9  13  30  26  13   0     0    0    0   1.729     57  0.00
   56   56   100   0   0   0   0   0   0   0   0   0   0   0   0   0   0   0   0   0   0   0     0    0    0   0.000      0  0.00
   57   57     0  65   0   0   0   0   0   0   0   0   4   4   0   0   0   4   0  22   0   0     0    0    0   1.019     34  0.00
   58   58     4   0   0   4  87   0   0   0   4   0   0   0   0   0   0   0   0   0   0   0     0    0    0   0.531     17  0.00
   59   59     0   0   0   0   0   0   0   0  74   0   0   0  26   0   0   0   0   0   0   0     0    0    0   0.574     19  0.00
   60   60     0   0   0   0   0   0   0  78  17   0   4   0   0   0   0   0   0   0   0   0     0    0    0   0.632     21  0.00
   61   61     0   0   0   0   0   0 100   0   0   0   0   0   0   0   0   0   0   0   0   0     0    0    0   0.000      0  0.00
   62   62     0   0   0   0   0   0   4   0   0   0  13  13   0   0   0  61   4   0   4   0     0    0    0   1.243     41  0.00
   63   63    52   4  22   0   0   0   0   0   0   0   0   9   0   0   0   4   4   0   4   0     0    0    0   1.429     47  0.00
   64   64     0   4   0   0   0   0   0   0   4  70   0   9   0   0   0   0   0   9   0   4     0    0    0   1.086     36  0.00
   65   65     0   0   0   0   0   0   0   0   0   0   0   0   0 100   0   0   0   0   0   0     0    0    0   0.000      0  0.00
   66   66     0   0   0   0   0   0   0   0   0 100   0   0   0   0   0   0   0   0   0   0     0    0    0   0.000      0  0.00
   67   67     0  61   4   0   9   0   0   0   0   0  22   0   0   0   0   0   0   0   4   0     0    0    0   1.119     37  0.00
   68   68     9   4   0   0   9   0   0   0   0   0   4   0   0   0   0   4   0  61   4   4     0    0    0   1.409     47  0.00
   69   69     0   0   0   0   0   0   4   4  17   4   9   0   0  43   0   0   0   4   4   9     0    0    0   1.773     59  0.00
   70   70     0   0   0   0   0   0   0   0   0   0   0   0   0   0   9  70   4   9   9   0     0    0    0   1.026     34  0.00
   71   71     4   4  61   9  17   0   0   0   0   4   0   0   0   0   0   0   0   0   0   0     0    0    0   1.228     40  0.00
   72   72     4   9  43   0   9   0   0   0   0   0   0   0   0   0   0   9   4   0  22   0     0    0    0   1.604     53  0.00
   73   73     9  35  43   0  13   0   0   0   0   0   0   0   0   0   0   0   0   0   0   0     0    0    0   1.208     40  0.00
   74   74     0   0   0   0   0   0   4   0   0   0   0   0   0   0  87   9   0   0   0   0     0    0    0   0.470     15  0.00
   75   75    43   0  57   0   0   0   0   0   0   0   0   0   0   0   0   0   0   0   0   0     0    0    0   0.685     22  0.00
   76   76     0   4   0   0   0   0   0   0   0   0   0   0   0   4   4   4  83   0   0   0     0    0    0   0.703     23  0.00
   77   77     0   0   0   0   0   0   0   0   4   0   0  96   0   0   0   0   0   0   0   0     0    0    0   0.179      5  0.00
   78   78     4   0   0   0   0   0   0   4   9   0   0  57   0   0   9   4   0   0   4   9     0    0    0   1.505     50  0.00
   79   79     0   0   0   0   0   0   0  18   5  41  14   0   0   0   0   0   0  14   5   5     0    0    0   1.641     54  0.00
   80   80     0   0   0   0   5   0   0  18   5   0  18   5   0   0   0   0   5   0   5  41     0    0    0   1.688     56  0.00
   81   81     0   9  14   0   0   0  45   0   0   0   5  18   5   0   0   0   0   0   0   5     0    0    0   1.580     52  0.00
   82   82     0   0   0   0   0   0   0   0   0  14  45  23   0   0   0   0   0   0   5  14     0    0    0   1.379     46  0.00
   83   83     0   0   0   0   0   0   0   0  26  74   0   0   0   0   0   0   0   0   0   0     0    0    0   0.574     19  0.00
   84   84    22   4   0   4   0   0   0   0   4   0   0   0   0   0   9  22  35   0   0   0     0    0    0   1.652     55  0.00
   85   85     0   4   0   0   0   0   0   0   0   0   0   0   0   0   0   4   9  57   0  26     0    0    0   1.158     38  0.00
   86   86    22   0   0   0   0   0   0   0  61   9   4   0   0   0   0   0   0   4   0   0     0    0    0   1.119     37  0.00
   87   87     0  43   4   0  48   0   4   0   0   0   0   0   0   0   0   0   0   0   0   0     0    0    0   0.988     32  0.00
   88   88     9   4   0   4   0   0   0   0   4   0   0  35   0   0   9  17   9   4   4   0     0    0    0   1.990     66  0.00
   89   89     0   0   0   0   0   4   0   4   4   0   0   4   0   0   4  22   4   0  43   9     0    0    0   1.724     57  0.00
   90   90     0   0   0   0   0   0   0  17  83   0   0   0   0   0   0   0   0   0   0   0     0    0    0   0.462     15  0.00
   91   91     0  17  52   0   4   0   0   0   9   0   0   0  17   0   0   0   0   0   0   0     0    0    0   1.297     43  0.00
   92   92     0   0   0   0   0   0   0   0   0   0   0  39   0   0   0  13   4  13  22   9     0    0    0   1.579     52  0.00
   93   93     0   0   0   0   0   0   0   0   0   0  17   4   0   0   0   0   4  17   4  52     0    0    0   1.357     45  0.00
   94   94     4  74  17   0   0   0   0   0   0   0   0   0   0   0   4   0   0   0   0   0     0    0    0   0.800     26  0.00
   95   95     9   9  50   9   0   0   5   0   0   0   0   0   0   0   5   0   0   9   0   5     0    0    0   1.640     54  0.00
   96   96     5   0   0   0   0   0   0   5   9   0  27   9   0   0   0   5   9   0  18  14     0    0    0   2.011     67  0.00
   97   97     9   9   5   9   0   0   0   0   0   0   0   0   5   5   5   9   0  41   0   5     0    0    0   1.940     64  0.00
   98   98     0  59   0   0   5   0   5   0   0   0   0   0  23   0   5   0   0   0   5   0     0    0    0   1.210     40  0.00
   99   99     0   0   0   0   0   0   0  14   0   0  50   0   0   0   5   0   9   5   0  18     0    0    0   1.427     47  0.00
  100  100     0  36   0   0   0   0   9   0  23   0   0   5   0  14   0   0   5   9   0   0     0    0    0   1.693     56  0.00
  101  101    23  50  14   0   9   0   0   0   0   0   0   0   0   0   5   0   0   0   0   0     0    0    0   1.313     43  0.00
  102  102     0   9   0   0   0   0   0   5   0   0   0   9   5   0  14  18   5  36   0   0     0    0    0   1.807     60  0.00
  103  103    10   0   0   0   0   0   0   5   0   0   5  14   0   0  10   5   0  43   5   5     0    0    0   1.814     60  0.00
  104  104     5  10   0   0   0   0   0   0   0   0   0   0   0   0  33  24   5   5  19   0     0    0    0   1.683     56  0.00
  105  105     0  10   5   0  86   0   0   0   0   0   0   0   0   0   0   0   0   0   0   0     0    0    0   0.501     16  0.00
  106  106     0   0   0   7   0   0   0   0   0   0   7   0   0   0  13   7   7  53   0   7     0    0    0   1.507     50  0.00
  107  107     0   0   0   0   0   0   0   0  10   0  10  50   0   0  10  10   0  10   0   0     0    0    0   1.498     49  0.00
  108  108     0   0   0   0   0   0   0   0   0   0  29   0   0   0   0   0   0  71   0   0     0    0    0   0.598     19  0.00
  109  109     0  17   0   0   0  67  17   0   0   0   0   0   0   0   0   0   0   0   0   0     0    0    0   0.868     28  0.00
  110  110     0   0   0   0   0   0   0  20  20   0   0   0   0   0   0   0   0  20  40   0     0    0    0   1.332     44  0.00
  111  111     0 100   0   0   0   0   0   0   0   0   0   0   0   0   0   0   0   0   0   0     0    0    0   0.000      0  0.00
  112  112     0   0   0   0   0   0   0   0   0   0   0   0   0   0  25  25  50   0   0   0     0    0    0   1.040     34  0.00
  113  113     0   0   0  33   0   0   0   0   0   0   0  67   0   0   0   0   0   0   0   0     0    0    0   0.637     21  0.00
  114  114     0  67  33   0   0   0   0   0   0   0   0   0   0   0   0   0   0   0   0   0     0    0    0   0.637     21  0.00
//
