ID Pseudo hssp file.
SEQ 
SEQ gi|2145684|pir||S72805 hypothetical protein B1549_F2_87 - Mycoba...   108  3e-23
SEQ gi|6808391|emb|CAB70628.1| (AL137242) conserved hypothetical pro...   102  2e-21
SEQ gi|13880969|gb|AAK45627.1| (AE007009) 4-hydroxyphenylpyruvate di...    99  3e-20
SEQ gi|13815730|gb|AAK42570.1| (AE006842) Lactoylglutathione lyase (...    84  1e-15
SEQ gi|12834221|dbj|BAB22828.1| (AK003511) putative [Mus musculus]         76  3e-13
SEQ gi|13471389|ref|NP_102955.1| hypothetical protein [Mesorhizobium...    74  1e-12
SEQ gi|7448629|pir||A71452 glyoxalase I related protein PH0272 [simi...    74  1e-12
SEQ gi|14010616|gb|AAK52053.1|AF364548_1 (AF364548) methylmalonyl-Co...    74  1e-12
SEQ gi|14211939|ref|NP_115990.1| methylmalonyl-CoA epimerase [Homo s...    74  1e-12
SEQ gi|11499800|ref|NP_071043.1| conserved hypothetical protein [Arc...    73  2e-12
SEQ gi|7471344|pir||B75324 conserved hypothetical protein - Deinococ...    72  3e-12
SEQ gi|7498202|pir||T20356 hypothetical protein D2030.5 - Caenorhabd...    69  2e-11
SEQ gi|10174085|dbj|BAB05187.1| (AP001512) BH1468~unknown conserved ...    69  4e-11
SEQ gi|14520466|ref|NP_125941.1| LACTOYLGLUTATHIONE LYASE METHYLGLYO...    68  7e-11
SEQ gi|10580083|gb|AAG19015.1| (AE005001) Vng0478c [Halobacterium sp...    67  1e-10
SEQ gi|13423390|gb|AAK23908.1| (AE005867) lactoylglutathione lyase, ...    66  3e-10
SEQ gi|1731067|sp|P54540|YQJC_BACSU HYPOTHETICAL 15.7 KDA PROTEIN IN...    56  3e-07
SEQ gi|3334416|sp|Q55810|Y090_SYNY3 HYPOTHETICAL 38.6 KDA PROTEIN SL...    49  4e-05
SEQ 
## SEQUENCE PROFILE AND ENTROPY
 SeqNo PDBNo   V   L   I   M   F   W   Y   G   A   P   S   T   C   H   R   K   Q   E   N   D  NOCC NDEL NINS ENTROPY RELENT WEIGHT
    1    1     0   0   0 100   0   0   0   0   0   0   0   0   0   0   0   0   0   0   0   0     0    0    0   0.000      0  0.00
    2    2     0   0   0   0   0   0   0   0   0   0 100   0   0   0   0   0   0   0   0   0     0    0    0   0.000      0  0.00
    3    3     0   0   0   0   0   0   0   0   0   0   0   0   0   0   0   0   0   0 100   0     0    0    0   0.000      0  0.00
    4    4     0   0   0   0   0   0   0   0   0   0   0   0   0   0   0   0   0 100   0   0     0    0    0   0.000      0  0.00
    5    5     0   0   0   0   0   0   0   0   0   0   0   0   0   0   0   0   0   0   0 100     0    0    0   0.000      0  0.00
    6    6     0  40   0  60   0   0   0   0   0   0   0   0   0   0   0   0   0   0   0   0     0    0    0   0.673     22  0.00
    7    7    20   0   0   0  80   0   0   0   0   0   0   0   0   0   0   0   0   0   0   0     0    0    0   0.500     16  0.00
    8    8     0   0  40   0   0   0   0   0   0   0   0   0   0   0   0  60   0   0   0   0     0    0    0   0.673     22  0.00
    9    9     0   0   0   0   0   0   0   0   0   0   0  20  20   0  40  20   0   0   0   0     0    0    0   1.332     44  0.00
   10   10     5  53  42   0   0   0   0   0   0   0   0   0   0   0   0   0   0   0   0   0     0    0    0   0.857     28  0.00
   11   11     0   0   0   0   0   0   0   0   0   0   0   0   0   0   0   0   0   0  26  74     0    0    0   0.576     19  0.00
   12   12     0   0   0   0   0   0   0   0   0   0   0   0   0 100   0   0   0   0   0   0     0    0    0   0.000      0  0.00
   13   13    79   0  21   0   0   0   0   0   0   0   0   0   0   0   0   0   0   0   0   0     0    0    0   0.515     17  0.00
   14   14     5   0   0   0   0   0   0  63  32   0   0   0   0   0   0   0   0   0   0   0     0    0    0   0.809     27  0.00
   15   15    21  11  63   0   0   0   5   0   0   0   0   0   0   0   0   0   0   0   0   0     0    0    0   1.010     33  0.00
   16   16     5   0   0   0   0   0   0   0  95   0   0   0   0   0   0   0   0   0   0   0     0    0    0   0.206      6  0.00
   17   17    63   0   0   0   0   0   0   0   5   0   0  21  11   0   0   0   0   0   0   0     0    0    0   1.010     33  0.00
   18   18     0   0   0   0   5   0   0   5  11  37   0   5   0   5   0  21   0   5   0   5     0    0    0   1.863     62  0.00
   19   19     0   0   0   0   0   0   0   0   0   5  16   0   0   0   0   0   5   0  21  53     0    0    0   1.267     42  0.00
   20   20     0  68  16   0   5   0   0   0  11   0   0   0   0   0   0   0   0   0   0   0     0    0    0   0.943     31  0.00
   21   21     0   0   0   0   0   0   0   0  11   0   0   5   0   0   0  16   0  32   5  32     0    0    0   1.566     52  0.00
   22   22     5   0   0   0   0   0   0   0  16   0   0   0   0   0   0  16  11  37   0  16     0    0    0   1.634     54  0.00
   23   23     5   5   0   0   0   0   0   5  68   0  11   5   0   0   0   0   0   0   0   0     0    0    0   1.117     37  0.00
   24   24    21   5  32   0   0   0   0   5  11   0  21   0   0   0   5   0   0   0   0   0     0    0    0   1.722     57  0.00
   25   25     0   0   0   0   0   0   0   0  16   5  16   0   0   0   0  37   5  21   0   0     0    0    0   1.589     53  0.00
   26   26    11   5  11   5  37  16   5   0   0   5   0   5   0   0   0   0   0   0   0   0     0    0    0   1.908     63  0.00
   27   27     0   0   0   0   0  16  84   0   0   0   0   0   0   0   0   0   0   0   0   0     0    0    0   0.436     14  0.00
   28   28    13   0   0   0   0   0   0   0   0   0   0   6   0  13  25  13  19  13   0   0     0    0    0   1.873     62  0.00
   29   29     0   0   0   0   0   0   0   6  18   0   0   0   0   0   0   0   6  24  24  24     0    0    0   1.661     55  0.00
   30   30    16  16   5   0   0   0   0  21   5   0   5  21   0  11   0   0   0   0   0   0     0    0    0   1.941     64  0.00
   31   31     0  74   0   0  21   0   5   0   0   0   0   0   0   0   0   0   0   0   0   0     0    0    0   0.708     23  0.00
   32   32     0   0   0   0   0   0   0  95   0   0   0   0   0   0   0   5   0   0   0   0     0    0    0   0.206      6  0.00
   33   33     5  16   0  16  21  11   0   0  32   0   0   0   0   0   0   0   0   0   0   0     0    0    0   1.667     55  0.00
   34   34     0   0  11   0   0   0   0   0   6   6   0   6   0   6   0  33  17  17   0   0     0    0    0   1.850     61  0.00
   35   35    50  22   0   0   6   0   0   0   0   0   6   0   0   0   0   0   6  11   0   0     0    0    0   1.407     46  0.00
   36   36    17  17  11   0   6   0   0   0   6   0  22   6   0   0   0   0   0  17   0   0     0    0    0   1.956     65  0.00
   37   37     0   0   0   0   6   0   0   6   0   0   0   0   0  41   0   0   0  41   0   6     0    0    0   1.231     41  0.00
   38   38    11   0  11   6   0   0   6   0  11   6   0  11   0   0  11   6   6  17   0   0     0    0    0   2.322     77  0.00
   39   39    21   0   0   0   0   5   0   0   0   5   0   0   0   0   0   0   5  63   0   0     0    0    0   1.083     36  0.00
   40   40    16   5   5   0   0   0   0   0  11  16   0   5   0   0   0   0   0  32   5   5     0    0    0   1.959     65  0.00
   41   41    26  21   5   5   5   0   0   5   0   0   0   5   0   0   0   0   5   0  21   0     0    0    0   1.937     64  0.00
   42   42     0   0   0   0   0   0   0   0   5  68   0   0   0   0   0   0   0  11   0  16     0    0    0   0.943     31  0.00
   43   43     0   0   0   0   0   0   0   5   0   0   5   0   0   5   0   0   0  53   0  32     0    0    0   1.167     38  0.00
   44   44     0   5   0   0   0   0   0   0   0   0   5   0   0  21   5   0  58   5   0   0     0    0    0   1.264     42  0.00
   45   45     0   0   0   0   0   0   0  63   0   0   0   0   0   5   0  26   0   0   0   5     0    0    0   0.951     31  0.00
   46   46    72   6  17   0   0   0   0   0   0   0   0   6   0   0   0   0   0   0   0   0     0    0    0   0.855     28  0.00
   47   47    33   0   0   0   0   0  13   7   0   0  13   7   0   0  20   7   0   0   0   0     0    0    0   1.767     58  0.00
   48   48    27   0   0   0   7   0   0   0   7   0   7  13   7   0   7   0   0  27   0   0     0    0    0   1.876     62  0.00
   49   49    33   7   7   0  13   0   0   0  27   0   0   0   0   0   0   0   7   7   0   0     0    0    0   1.709     57  0.00
   50   50     7   7   0  20  40   0   0   7  13   0   0   0   0   0   0   0   0   0   0   7     0    0    0   1.679     56  0.00
   51   51    33  40   0  13   0   0   0   0   0   0   0   0   0   0   0   0   7   0   7   0     0    0    0   1.362     45  0.00
   52   52     7  13   0   0   0   0   0   7  27   0   7   0   0   0   7   7   0   7  20   0     0    0    0   2.026     67  0.00
   53   53    17  11   6   0   0   0   0  11   0  22  11   0   0   0   0  22   0   0   0   0     0    0    0   1.860     62  0.00
   54   54    16   0   5   0   0   0   0  16  21   5   5   0   0   0   5   0   0   0  21   5     0    0    0   2.014     67  0.00
   55   55     6   0   0   0   0   0   0  18  35   0   6   0   0   6   0   0   0   6  18   6     0    0    0   1.813     60  0.00
   56   56    23   0   0   0  15   0   0   8   0   0   8   8   0   0   0  31   0   8   0   0     0    0    0   1.778     59  0.00
   57   57    11  33  33   0   0   0   0   0  11   0  11   0   0   0   0   0   0   0   0   0     0    0    0   1.465     48  0.00
   58   58    11   0   0   0   0   0   0  11   0  11   0  11   0   0   0  33   0  11   0  11     0    0    0   1.831     61  0.00
   59   59    33   0  22   0   0   0   0  22   0   0   0   0   0   0   0   0   0  11  11   0     0    0    0   1.523     50  0.00
   60   60     0   0   0   0   0   0   0  70   0   0   0   0   0  10   0   0   0   0  10  10     0    0    0   0.940     31  0.00
   61   61     0   0   0  10   0   0   0   0  20   0   0  10   0   0   0  10   0  50   0   0     0    0    0   1.359     45  0.00
   62   62     6   0   0   0   0   0   0   0   6   0  31  44   0   0   0   0   0   0  13   0     0    0    0   1.332     44  0.00
   63   63     0   6   0   0   0   0  12   0   0   0   6   0   0   0  24  24  29   0   0   0     0    0    0   1.626     54  0.00
   64   64    17   6  61  11   6   0   0   0   0   0   0   0   0   0   0   0   0   0   0   0     0    0    0   1.165     38  0.00
   65   65     0   0   0   0   0   0   0   0   0   0   0   0   0   0   0   0  22  72   6   0     0    0    0   0.730     24  0.00
   66   66     5  95   0   0   0   0   0   0   0   0   0   0   0   0   0   0   0   0   0   0     0    0    0   0.206      6  0.00
   67   67     0  68  11  16   0   0   0   0   0   0   0   0   0   0   0   0   0   0   5   0     0    0    0   0.943     31  0.00
   68   68     0   0   0   5   0   0   0   0  16   0   0   0   5  16   0   0   0  58   0   0     0    0    0   1.209     40  0.00
   69   69     0   0   0   0   0   0   0   0  21  79   0   0   0   0   0   0   0   0   0   0     0    0    0   0.515     17  0.00
   70   70     5  37  11   0   5   0   5   0   0   0   0  37   0   0   0   0   0   0   0   0     0    0    0   1.438     47  0.00
   71   71     0   0   0   0   0   0   0  26   0   0  16  16   0   0  11   0   0   0  21  11     0    0    0   1.736     57  0.00
   72   72     0   0   0   0   0   0   0   0   5   5   5   0   0   0   5   0   0  63   5  11     0    0    0   1.302     43  0.00
   73   73     0   0   0   5   0   0   0   5   0   0  16   0   0   0   0  11   0  11   0  53     0    0    0   1.413     47  0.00
   74   74     0   0   0   0   0   0   0   0   0   0  95   5   0   0   0   0   0   0   0   0     0    0    0   0.206      6  0.00
   75   75     5   0   0   0   0   0   0   0  11  63   0  16   0   0   0   0   5   0   0   0     0    0    0   1.129     37  0.00
   76   76    26   0  74   0   0   0   0   0   0   0   0   0   0   0   0   0   0   0   0   0     0    0    0   0.576     19  0.00
   77   77     0   0   0   0   0   0   0  11  63   0   0   5   0  11   0   0  11   0   0   0     0    0    0   1.156     38  0.00
   78   78     0   5   0   0   0   0   0  21  11   0   0   5   0   0   5  53   0   0   0   0     0    0    0   1.368     45  0.00
   79   79     0   0   0   0  84  11   5   0   0   0   0   0   0   0   0   0   0   0   0   0     0    0    0   0.537     17  0.00
   80   80     0  74  26   0   0   0   0   0   0   0   0   0   0   0   0   0   0   0   0   0     0    0    0   0.576     19  0.00
   81   81     0   0   0   0   0   0   0   0  28   0   6   0   0   0   0   0  22  28   6  11     0    0    0   1.611     53  0.00
   82   82     0   0   0   0   0   0   0   0   0   0   5   0   0   0   5  84   0   0   5   0     0    0    0   0.610     20  0.00
   83   83     0   0   0   0   0   0   0   0   0   0   0   8   0  15  46  15   0   0  15   0     0    0    0   1.418     47  0.00
   84   84     0   0   0   0   0   0   0  53   0   0   0   0   0   5   5   0   0   0  37   0     0    0    0   1.016     33  0.00
   85   85     0   0   0   0   0   0   0  50   0  20   0   0   0   0   0  30   0   0   0   0     0    0    0   1.030     34  0.00
   86   86     0   0   0   0   0   0   0   0  25   0  13   0   0   0  13  13  13  13   0  13     0    0    0   1.906     63  0.00
   87   87     0   0   0   0   0   0   0  31  13  19   0   0   0   0   0   0   6  31   0   0     0    0    0   1.474     49  0.00
   88   88     0   0   0   0   0   0   0 100   0   0   0   0   0   0   0   0   0   0   0   0     0    0    0   0.000      0  0.00
   89   89     5  21  47  21   0   0   0   0   0   0   0   0   0   0   0   0   5   0   0   0     0    0    0   1.320     44  0.00
   90   90     0   0   0   0   0   0   0   0   0   0   0   0   0  84   0   0  16   0   0   0     0    0    0   0.436     14  0.00
   91   91     0   0   0   0   0   0   0   0   0   0   0   0   0  89   0   0  11   0   0   0     0    0    0   0.336     11  0.00
   92   92    16  37  37   5   0   0   0   0   0   0   0   5   0   0   0   0   0   0   0   0     0    0    0   1.337     44  0.00
   93   93     0   0   0   0   0   0   0   0  74   0   0   0  26   0   0   0   0   0   0   0     0    0    0   0.576     19  0.00
   94   94     5   0  42   0  26   5  11   0   0   0   0   0  11   0   0   0   0   0   0   0     0    0    0   1.499     50  0.00
   95   95     0   5   0   0   0   0   0  16   5   0   5   0   0   0  32   5   0  26   5   0     0    0    0   1.782     59  0.00
   96   96    79   0   0   0   0   0   0   0   0   0   0  16   5   0   0   0   0   0   0   0     0    0    0   0.633     21  0.00
   97   97     0   0   0   0   0   0   0   0   5   0  16   5   0   0   5   5   0  32   5  26     0    0    0   1.782     59  0.00
   98   98     0   0   0   0   0   0   0   0   0   0  11   0   5   5   0   0   0   0  37  42     0    0    0   1.279     42  0.00
   99   99     5  21  74   0   0   0   0   0   0   0   0   0   0   0   0   0   0   0   0   0     0    0    0   0.708     23  0.00
  100  100     0   5   0   0   0   0   5   0   0   0  11   5   0   5   0   0   0  32  11  26     0    0    0   1.809     60  0.00
  101  101     0   0   0   0   0   0   0   0  42   0  11   0   0   0  16   0   0  32   0   0     0    0    0   1.257     41  0.00
  102  102     5   5   0   5   0   0   0   0  42   0   0   5   0   0   5  16   5   5   0   5     0    0    0   1.895     63  0.00
  103  103    21  37  11   0   0   0   0   0   5   0   5   5   5   0  11   0   0   0   0   0     0    0    0   1.790     59  0.00
  104  104     0   0   0  11   0   0   0   0  16   0   5   0   0   0   5  11  11  26   5  11     0    0    0   2.056     68  0.00
  105  105     0   0   0   0   0   0   0   0  16   0   0  11   0   5  16   5   5  26   0  16     0    0    0   1.928     64  0.00
  106  106    11  74   5   0   0   0   0   0  11   0   0   0   0   0   0   0   0   0   0   0     0    0    0   0.854     28  0.00
  107  107     5   0   0   0   0   0   0   0   0   0   5   5   0   0  37  47   0   0   0   0     0    0    0   1.187     39  0.00
  108  108     0   0   0   0   0   0   0  11  16   0   5   5   0   0   0  11  11  26   0  16     0    0    0   1.955     65  0.00
  109  109     0   0   0   0   0   0   0   0  16   0   0   0   0   0  11  47  16   5   5   0     0    0    0   1.484     49  0.00
  110  110     0   0   0   0   0   0   0  84   0   0   0   0   0   5   0  11   0   0   0   0     0    0    0   0.537     17  0.00
  111  111    42  11  16   0   0   0  16   0  16   0   0   0   0   0   0   0   0   0   0   0     0    0    0   1.476     49  0.00
  112  112     0   0   0   0   0   0   0   0   0   0   0   5   0   0  53  11  21   0   5   5     0    0    0   1.368     45  0.00
  113  113    16  47   0   5  11   0   0   0   0   0  11   5   0   0   5   0   0   0   0   0     0    0    0   1.584     52  0.00
  114  114    16  47  37   0   0   0   0   0   0   0   0   0   0   0   0   0   0   0   0   0     0    0    0   1.013     33  0.00
  115  115     0   0   0   0   0   0  24  12   0   0  18   0   0   0   0   0   0   0   6  41     0    0    0   1.430     47  0.00
  116  116     0   0   0   0   0   0   0   6   0   0   0   6   0   0   6   0   0  50   0  33     0    0    0   1.195     39  0.00
  117  117     0   0   0   0   6   0   0   0   0   0   6  17   0   0   0  22   0  44   6   0     0    0    0   1.475     49  0.00
  118  118     6   0   0   0   0   0   0   0  11  83   0   0   0   0   0   0   0   0   0   0     0    0    0   0.557     18  0.00
  119  119     6   0   0   0   0   0   0   6   0   0   0   0   0   0  67  22   0   0   0   0     0    0    0   0.926     30  0.00
  120  120    17   6  28   0   0   0   0   0   6  11   0   6   0   0  11   6  11   0   0   0     0    0    0   2.029     67  0.00
  121  121     0   0   0   0   0   0   0 100   0   0   0   0   0   0   0   0   0   0   0   0     0    0    0   0.000      0  0.00
  122  122     0   0   0   0   0   0   0   0  72   0   6  17   0   0   6   0   0   0   0   0     0    0    0   0.855     28  0.00
  123  123     0   0   0   6   0   6   0  28  11   0   6   0   0  28  11   0   0   0   6   0     0    0    0   1.842     61  0.00
  124  124     0   0   0   0   0   0   0  89   0   0   0   0   0   0   0   0   0   0  11   0     0    0    0   0.349     11  0.00
  125  125     0   0   0   0   0   0   0   0  28   0  11  11   0  11   0  33   0   0   6   0     0    0    0   1.615     53  0.00
  126  126     0  11   0   0   0   0   0   0   0  17   0   0   0   0  28  28   6   6   0   6     0    0    0   1.736     57  0.00
  127  127    50   0  50   0   0   0   0   0   0   0   0   0   0   0   0   0   0   0   0   0     0    0    0   0.693     23  0.00
  128  128     6   6  17   6   0   0   0   0  44   0   0   6   0   0   0   0   0   0  17   0     0    0    0   1.600     53  0.00
  129  129     0   0   0   0 100   0   0   0   0   0   0   0   0   0   0   0   0   0   0   0     0    0    0   0.000      0  0.00
  130  130    17  50  28   6   0   0   0   0   0   0   0   0   0   0   0   0   0   0   0   0     0    0    0   1.162     38  0.00
  131  131     0   0   0   0   0   0   0   0   0   0   6   0   0  94   0   0   0   0   0   0     0    0    0   0.215      7  0.00
  132  132     0   0   0   0   0   0   0   0   0 100   0   0   0   0   0   0   0   0   0   0     0    0    0   0.000      0  0.00
  133  133     0   0   0   0   0   0   0   0   0   0   0   0   0   0  11  89   0   0   0   0     0    0    0   0.349     11  0.00
  134  134     0   0   0   0   0   6   0   0   0   0  39   0   0   0   0   0   0   6   0  50     0    0    0   1.035     34  0.00
  135  135    22   0   0   6   6   0   0  11  17   0   0  17  22   0   0   0   0   0   0   0     0    0    0   1.831     61  0.00
  136  136     0   0   0   6   6   0   0  39   0   0   0  17   0  11   6   6   6   0   6   0     0    0    0   1.874     62  0.00
  137  137     0   0   0   0   0   0   0 100   0   0   0   0   0   0   0   0   0   0   0   0     0    0    0   0.000      0  0.00
  138  138    78   0   0   6   0   0   0   0   6   0   0  11   0   0   0   0   0   0   0   0     0    0    0   0.761     25  0.00
  139  139     0 100   0   0   0   0   0   0   0   0   0   0   0   0   0   0   0   0   0   0     0    0    0   0.000      0  0.00
  140  140    22  28  39   0   0   0   6   0   0   0   0   6   0   0   0   0   0   0   0   0     0    0    0   1.378     46  0.00
  141  141     0   0   0   0   0   0   0   0   0   0   0   0   0   0   0   0   0 100   0   0     0    0    0   0.000      0  0.00
  142  142     0  83   0   0  17   0   0   0   0   0   0   0   0   0   0   0   0   0   0   0     0    0    0   0.451     15  0.00
  143  143    35   0   0   6   0   0   0   0   0   0   0   6  29   0   0   0   0  24   0   0     0    0    0   1.401     46  0.00
  144  144     0   0   0   0   0   0   0   0   0   0   0   0   0   0   0   0  35  65   0   0     0    0    0   0.649     21  0.00
  145  145     0   0   0   0   0   0  25   0   0   0   0  25   0  50   0   0   0   0   0   0     0    0    0   1.040     34  0.00
  146  146     0   0   0   0   0   0   0   0   0 100   0   0   0   0   0   0   0   0   0   0     0    0    0   0.000      0  0.00
  147  147     0   0   0   0   0   0   0   0   0   0   0   0   0   0   0 100   0   0   0   0     0    0    0   0.000      0  0.00
//
