ID Pseudo hssp file.
SEQ 
SEQ gi|4503933|ref|NP_001473.1| glycine amidinotransferase (L-argini...   719  0.0
SEQ gi|1085329|pir||S54161 L-arginine--glycine amidinotransferase - ...   719  0.0
SEQ gi|6730053|pdb|8JDW|A Chain A, Crystal Structure Of Human L-Argi...   719  0.0
SEQ gi|13650633|ref|XP_007656.3| glycine amidinotransferase (L-argin...   717  0.0
SEQ gi|2914232|pdb|4JDW|A Chain A, Crystal Structure And Mechanism O...   716  0.0
SEQ gi|6730020|pdb|2JDX|A Chain A, Crystal Structure Of Human L-Argi...   713  0.0
SEQ gi|13591949|ref|NP_112293.1| L-arginine: glycine amidinotransfer...   701  0.0
SEQ gi|13385454|ref|NP_080237.1| RIKEN cDNA 1810003P21 gene [Mus mus...   700  0.0
SEQ gi|1730202|sp|P50441|GATM_PIG GLYCINE AMIDINOTRANSFERASE (L-ARGI...   695  0.0
SEQ gi|8096950|gb|AAF61951.2|AF237950_1 (AF237950) arginine:glycine ...   658  0.0
SEQ gi|12007713|gb|AAF31361.2| (AF187863) glycine amidinotransferase...   642  0.0
SEQ gi|5919222|gb|AAD56249.1|AF186235_1 (AF186235) L-arginine:lysine...   345  6e-94
SEQ gi|4389220|pdb|1BWD|A Chain A, Inosamine-Phosphate Amidinotransf...   198  1e-49
SEQ gi|629215|pir||S44229 amidinotransferase - Streptomyces glaucesc...   196  5e-49
SEQ gi|80791|pir||B26984 inosamine-phosphate amidinotransferase (EC ...   191  1e-47
SEQ gi|134990|sp|P08078|STR1_STRGR INOSAMINE-PHOSPHATE AMIDINOTRANSF...   191  1e-47
SEQ gi|47110|emb|CAA28718.1| (X05045) AT (AA 1-347) [Streptomyces gr...   186  3e-46
SEQ gi|631920|pir||S44224 inosamine-phosphate amidinotransferase (EC...   179  5e-44
SEQ gi|629213|pir||S44227 amidinotransferase - Streptomyces galbus >...   169  7e-41
SEQ gi|267039|sp|P29780|STR2_STRGR INOSAMINE-PHOSPHATE AMIDINOTRANSF...   168  8e-41
SEQ gi|629216|pir||S44235 amidinotransferase - Streptomyces glaucesc...   124  2e-27
SEQ gi|12620767|gb|AAG61043.1|AF322013_162 (AF322013) ID841 [Bradyrh...   102  1e-20
SEQ gi|5579421|gb|AAD45542.1|U70376_4 (U70376) Orf2 [Streptomyces ne...    53  7e-06
SEQ 
## SEQUENCE PROFILE AND ENTROPY
 SeqNo PDBNo   V   L   I   M   F   W   Y   G   A   P   S   T   C   H   R   K   Q   E   N   D  NOCC NDEL NINS ENTROPY RELENT WEIGHT
    1    1     0   0   0   0   0   0   0   0   0   0   0   0 100   0   0   0   0   0   0   0     0    0    0   0.000      0  0.00
    2    2     0   0   0   0   0   0   0   0   0 100   0   0   0   0   0   0   0   0   0   0     0    0    0   0.000      0  0.00
    3    3   100   0   0   0   0   0   0   0   0   0   0   0   0   0   0   0   0   0   0   0     0    0    0   0.000      0  0.00
    4    4     0   0   0   0   0   0   0   5   0   0  80   0  15   0   0   0   0   0   0   0     0    0    0   0.613     20  0.00
    5    5    35   0   0   0   0   0   0   0   0   0  65   0   0   0   0   0   0   0   0   0     0    0    0   0.647     21  0.00
    6    6     0   0   0   0   0   0  67   0   0   0   0   0   0  33   0   0   0   0   0   0     0    0    0   0.637     21  0.00
    7    7     0   0   0   0   0   0   0   0   0   0   0  10   0   0   0   0   0   0  90   0     0    0    0   0.314     10  0.00
    8    8     0   0   0   0   0   0   0   0   0   0   0   0   0   0   0   0   0 100   0   0     0    0    0   0.000      0  0.00
    9    9     0   0   0   0   0 100   0   0   0   0   0   0   0   0   0   0   0   0   0   0     0    0    0   0.000      0  0.00
   10   10     0   0   0   0   0   0   0   0   0   0   0   0   0   0   0   0   0   0   0 100     0    0    0   0.000      0  0.00
   11   11     0   5   0   0   0   0   0   0   0  95   0   0   0   0   0   0   0   0   0   0     0    0    0   0.191      6  0.00
   12   12     0 100   0   0   0   0   0   0   0   0   0   0   0   0   0   0   0   0   0   0     0    0    0   0.000      0  0.00
   13   13     0   0   0   0   0   0   0   0   0   0   0   0   0   0   0   0   0 100   0   0     0    0    0   0.000      0  0.00
   14   14     0   0   0   0   0   0   0   0   0   0   0   0   0   0   0   0   0 100   0   0     0    0    0   0.000      0  0.00
   15   15    74   0  26   0   0   0   0   0   0   0   0   0   0   0   0   0   0   0   0   0     0    0    0   0.574     19  0.00
   16   16     9   0  91   0   0   0   0   0   0   0   0   0   0   0   0   0   0   0   0   0     0    0    0   0.295      9  0.00
   17   17    96   0   0   0   0   0   0   0   0   0   0   0   0   0   0   0   0   0   0   4     0    0    0   0.179      5  0.00
   18   18     0   0   0   0   0   0   0 100   0   0   0   0   0   0   0   0   0   0   0   0     0    0    0   0.000      0  0.00
   19   19     4   0   0   0   0   0   0   0   0   0   0  43   0   0  52   0   0   0   0   0     0    0    0   0.838     27  0.00
   20   20     4   0   0   0   0   0   0   0  91   4   0   0   0   0   0   0   0   0   0   0     0    0    0   0.356     11  0.00
   21   21    30   0   0   0   0   0   0   0   4   0   0   0   0   0   4   0   4  52   0   4     0    0    0   1.247     41  0.00
   22   22     0   0   0   0   0   0   0  43   0   0   0   0   0   0   4   0   0   0  52   0     0    0    0   0.838     27  0.00
   23   23     0   0   0   0   0   0   0   0  91   4   4   0   0   0   0   0   0   0   0   0     0    0    0   0.356     11  0.00
   24   24     0   0   0   0   0   0   0   0   0   0   0   0  59   0  36   0   0   0   5   0     0    0    0   0.819     27  0.00
   25   25    91   0   5   0   0   0   0   0   5   0   0   0   0   0   0   0   0   0   0   0     0    0    0   0.368     12  0.00
   26   26     0   0   0   0   0   0   0   5   0  95   0   0   0   0   0   0   0   0   0   0     0    0    0   0.185      6  0.00
   27   27     0   0   0   0   0   0   0   0   0  64   0  18   0   0  18   0   0   0   0   0     0    0    0   0.908     30  0.00
   28   28     0   0   0   0  55   5   0   0  36   0   0   0   0   0   0   0   0   0   0   5     0    0    0   0.979     32  0.00
   29   29     0   0   0   0   0   0   0   0   0   0   9  45   0   5   5   0   0   0   0  36     0    0    0   1.225     40  0.00
   30   30    23   0  32   0   0   0   0   0   5   0   5   0   0   0  36   0   0   0   0   0     0    0    0   1.350     45  0.00
   31   31     0   5   0   0   0   0   0   0   5   0  36   0   0   0   0   0   0  55   0   0     0    0    0   0.979     32  0.00
   32   32    91   5   0   5   0   0   0   0   0   0   0   0   0   0   0   0   0   0   0   0     0    0    0   0.368     12  0.00
   33   33     0   0   0   0  36   0   0   0   5   0   0   0   0   0   0  55   0   5   0   0     0    0    0   0.979     32  0.00
   34   34     5   0   0   0   0   0   0   0  91   5   0   0   0   0   0   0   0   0   0   0     0    0    0   0.368     12  0.00
   35   35    36   0   0   0   0   0   0   0   0   0   0   0   5   0   0   0   0   5  55   0     0    0    0   0.979     32  0.00
   36   36     0   5   0   0   0   0   5   0   0   0   0  55   0   0   0   0   0  36   0   0     0    0    0   0.979     32  0.00
   37   37     0   0   0   0   0   0  91   0   5   5   0   0   0   0   0   0   0   0   0   0     0    0    0   0.368     12  0.00
   38   38     0   0   0   0   0   0   0   0  36   0   0   5   0   0   0   0   0  59   0   0     0    0    0   0.819     27  0.00
   39   39     0   0   0   0   0   0   5  27   0   0   5   0   0   0   0  55   5   0   0   5     0    0    0   1.247     41  0.00
   40   40     0   0   0   0   0   0  55   0   5   0   0   0   0   0   0   0   5  14   0  23     0    0    0   1.220     40  0.00
   41   41     0   0   0   0   0  55  36   5   0   0   0   0   0   5   0   0   0   0   0   0     0    0    0   0.979     32  0.00
   42   42     0   0   0   0   0   0   0   5   5  55   0   0   0   0   0   0   5  18   0  14     0    0    0   1.334     44  0.00
   43   43     0   0   0   0  59   0   0   0   0   0  32   0   0   0   5   0   0   0   5   0     0    0    0   0.956     31  0.00
   44   44     0   0   0   0   5   5  55   0   0   0   0   0   0   0   0   0  36   0   0   0     0    0    0   0.979     32  0.00
   45   45     0   0   0   0   0   0   0   0   0   0   0   0   0   0   5   0  59  18   0  18     0    0    0   1.071     35  0.00
   46   46     0   0   0   0   0   0   0   0   0   0   0   0   0   0   0  55  36   5   0   5     0    0    0   0.979     32  0.00
   47   47    23   0  18   0   5   0   5   0   0   0   0   0   0   9   0   0  27   0  14   0     0    0    0   1.772     59  0.00
   48   48     0   0   0   0   0   0   0  55   5  41   0   0   0   0   0   0   0   0   0   0     0    0    0   0.837     27  0.00
   49   49     0   0   0   0   0   0   0  59   5   0  32   5   0   0   0   0   0   0   0   0     0    0    0   0.956     31  0.00
   50   50     0   9   0   0   0   0   0  41   0   0   0   0   0  36   0   5   5   5   0   0     0    0    0   1.373     45  0.00
   51   51     0   0   0   0   0   0  45   0  23  23   9   0   0   0   0   0   0   0   0   0     0    0    0   1.250     41  0.00
   52   52     0   0   0   0  59   0  41   0   0   0   0   0   0   0   0   0   0   0   0   0     0    0    0   0.677     22  0.00
   53   53     0   0   0   0   0   0   0   0   0  96   0   0   0   0   0   0   0   4   0   0     0    0    0   0.179      5  0.00
   54   54     4   0   0   0   0   0   0   0   0   0   0   0   0   0   0  48   4   0   4  39     0    0    0   1.129     37  0.00
   55   55     0   0   0   0   0   0   0   0   0   0   0   0   0   0  43   0   0   4   0  52     0    0    0   0.838     27  0.00
   56   56    35   0   0   4   0   0   0   0   4   0   0   0   0  52   4   0   0   0   0   0     0    0    0   1.116     37  0.00
   57   57    17  78   4   0   0   0   0   0   0   0   0   0   0   0   0   0   0   0   0   0     0    0    0   0.632     21  0.00
   58   58     0   0   0   0   0   0   0   0   0   0   0   0   0   0   4  91   0   0   0   4     0    0    0   0.356     11  0.00
   59   59     0   4   0   0   0   0   0   0   0   0   0   0   0   0   0  52   0  43   0   0     0    0    0   0.838     27  0.00
   60   60     0   0   0   0   0   0   0   0  57   0   0  43   0   0   0   0   0   0   0   0     0    0    0   0.685     22  0.00
   61   61    43   0   9   0   0   0   0   0   0   0   0   0   0   0   4   0   0  43   0   0     0    0    0   1.073     35  0.00
   62   62     0   0   0   0   0   0   0   0  48   0   0   0   0   0   0   4   0  35   0  13     0    0    0   1.122     37  0.00
   63   63     0   0   0   0   0   0   0   0   0   0   0   0   0   0   0   0   0 100   0   0     0    0    0   0.000      0  0.00
   64   64     9  48  43   0   0   0   0   0   0   0   0   0   0   0   0   0   0   0   0   0     0    0    0   0.927     30  0.00
   65   65     0   0   0   0   0   0   0   0   0   0   0   0   0  26   0   0   9  57   0   9     0    0    0   1.098     36  0.00
   66   66    30   0   4   0   0   0   0   4   0   0   0   0   0   0   0   0   0  61   0   0     0    0    0   0.937     31  0.00
   67   67     0  43   0  52   4   0   0   0   0   0   0   0   0   0   0   0   0   0   0   0     0    0    0   0.838     27  0.00
   68   68     4   0   0   0   0   0   0   0  22   0   4   0  70   0   0   0   0   0   0   0     0    0    0   0.857     28  0.00
   69   69     0   0   0   0   0   0   0   0  17   0   0   0   0   0   4   4   0  25  50   0     0    0    0   1.257     41  0.00
   70   70     4   0  50   0   0   0   0   0   0   0   0   4   0   0   0   0   0  42   0   0     0    0    0   0.976     32  0.00
   71   71     0 100   0   0   0   0   0   0   0   0   0   0   0   0   0   0   0   0   0   0     0    0    0   0.000      0  0.00
   72   72     0   0   0   0   0   0   0   0   0   0   8  33   0   0  13  42   0   4   0   0     0    0    0   1.330     44  0.00
   73   73     0   0   0  13   0   0   0   8   0   0   0  29   4   4   0  42   0   0   0   0     0    0    0   1.456     48  0.00
   74   74     0  46   0   0   0   0   0   0   0   0   0   0   0   0   0   0   0  54   0   0     0    0    0   0.690     23  0.00
   75   75     0   0   0   0   0   0   0  96   0   0   0   0   0   0   0   0   0   0   4   0     0    0    0   0.173      5  0.00
   76   76   100   0   0   0   0   0   0   0   0   0   0   0   0   0   0   0   0   0   0   0     0    0    0   0.000      0  0.00
   77   77     0   0   8   0   0   0   0   0   4   0   0  83   0   0   0   4   0   0   0   0     0    0    0   0.624     20  0.00
   78   78   100   0   0   0   0   0   0   0   0   0   0   0   0   0   0   0   0   0   0   0     0    0    0   0.000      0  0.00
   79   79     0   0   0   0   0   0   0   0   0   0   0   0   0   4  83   8   4   0   0   0     0    0    0   0.624     20  0.00
   80   80     0   0   0   0   0   0   0   0   0   0   0   0   0   0 100   0   0   0   0   0     0    0    0   0.000      0  0.00
   81   81     0   4   0   0   0   0   0   0   0  96   0   0   0   0   0   0   0   0   0   0     0    0    0   0.173      5  0.00
   82   82     0   0   0   4   0   0   0  25   4   4   0   0   0   0   0   0   8   8   0  46     0    0    0   1.516     50  0.00
   83   83     4   0   0   0   0   0   0   0   8  75   0   4   0   0   0   0   8   0   0   0     0    0    0   0.895     29  0.00
   84   84     0   4  50   0   0   0   0   0   0   0   0   0   0   0  38   4   4   0   0   0     0    0    0   1.112     37  0.00
   85   85     0   0   0   0   0   0   0   0   0   0   0   0   0   0   0   0   0   0   4  96     0    0    0   0.173      5  0.00
   86   86     0   0   0   0   0  52   0   0   4   4   4   0   0  17   0   0   4   0  13   0     0    0    0   1.455     48  0.00
   87   87     0   0   0   0   0   0   0   0  17   4  78   0   0   0   0   0   0   0   0   0     0    0    0   0.632     21  0.00
   88   88    17  43   0   0   0   0   0   0  35   0   4   0   0   0   0   0   0   0   0   0     0    0    0   1.170     39  0.00
   89   89     4  30   0   0   0   0   0   0   0   9   0   0   0   0   0  52   0   4   0   0     0    0    0   1.187     39  0.00
   90   90    13   4  22   0   0   0  57   0   0   4   0   0   0   0   0   0   0   0   0   0     0    0    0   1.193     39  0.00
   91   91     0   0   0   0   0   0   0   4   9   0   0   4   0   0  17  65   0   0   0   0     0    0    0   1.068     35  0.00
   92   92     0   0   0   0   0   0   0   0   4   4   0  91   0   0   0   0   0   0   0   0     0    0    0   0.356     11  0.00
   93   93     0   4   0   0   0   0   0   0   0  96   0   0   0   0   0   0   0   0   0   0     0    0    0   0.179      5  0.00
   94   94     0   0   0   0   0   0   0   4   4   0   0   0   0   0   0   0   0   0   0  91     0    0    0   0.356     11  0.00
   95   95     0   0   0   0  52  43   0   0   0   0   0   0   0   0   4   0   0   0   0   0     0    0    0   0.838     27  0.00
   96   96     0   4   0   0   0   0   0   4   0   0   4   0   0   0   0   0   9  78   0   0     0    0    0   0.813     27  0.00
   97   97     0   0   0   0   0   0   0   0   9   0  61  30   0   0   0   0   0   0   0   0     0    0    0   0.877     29  0.00
   98   98     0   0   0   0   0   0   0   0   4   0   0  57   0   0   0   0   0   0   0  39     0    0    0   0.826     27  0.00
   99   99     4   0   0   0   0   0   0  91   0   0   0   4   0   0   0   0   0   0   0   0     0    0    0   0.356     11  0.00
  100  100     4  43   0  13  30   0   4   0   4   0   0   0   0   0   0   0   0   0   0   0     0    0    0   1.399     46  0.00
  101  101     0   4   0   0   0   0  57   4   0   4   0   0   0  30   0   0   0   0   0   0     0    0    0   1.094     36  0.00
  102  102     0   0   0   0   0   0   0   4  17   4  39   0   0   0   0   0   0   0   0  35     0    0    0   1.311     43  0.00
  103  103     0   9   0   0   0   0  35   0  57   0   0   0   0   0   0   0   0   0   0   0     0    0    0   0.902     30  0.00
  104  104     0   0   0  57   0   0   0   0   0   0   0   0  35   0   4   0   0   0   4   0     0    0    0   0.962     32  0.00
  105  105     4   0   0   0   0   0   0   0   0  96   0   0   0   0   0   0   0   0   0   0     0    0    0   0.179      5  0.00
  106  106     0   0   0   0   0   0   0   0   0   0   0   0   0   0 100   0   0   0   0   0     0    0    0   0.000      0  0.00
  107  107     0   0   0   0   0   0   0   0   0   0   0   0   0   0   0   0   0   0   0 100     0    0    0   0.000      0  0.00
  108  108     4   0  57   0   0   0   0  39   0   0   0   0   0   0   0   0   0   0   0   0     0    0    0   0.826     27  0.00
  109  109     0  96   0   0   0   0   0   0   4   0   0   0   0   0   0   0   0   0   0   0     0    0    0   0.179      5  0.00
  110  110     0  57  35   9   0   0   0   0   0   0   0   0   0   0   0   0   0   0   0   0     0    0    0   0.902     30  0.00
  111  111    65   0   0   0   0   0   0   0   9   0  22   4   0   0   0   0   0   0   0   0     0    0    0   0.959     32  0.00
  112  112    96   0   4   0   0   0   0   0   0   0   0   0   0   0   0   0   0   0   0   0     0    0    0   0.179      5  0.00
  113  113     0   0   0   0   0   0   0 100   0   0   0   0   0   0   0   0   0   0   0   0     0    0    0   0.000      0  0.00
  114  114     0   0   0   0   0   0   0   0   0   0   0   4   0   0   4   0  26   4  52   9     0    0    0   1.311     43  0.00
  115  115     0   0   0   0   0   0   0   0   0   0   0  39   0   0   0   0   0  57   0   4     0    0    0   0.826     27  0.00
  116  116    22   4  74   0   0   0   0   0   0   0   0   0   0   0   0   0   0   0   0   0     0    0    0   0.692     23  0.00
  117  117     0   0 100   0   0   0   0   0   0   0   0   0   0   0   0   0   0   0   0   0     0    0    0   0.000      0  0.00
  118  118     0   0   0   0   0   0   0   0   0   0   0   0   0   0   0   0   4  96   0   0     0    0    0   0.179      5  0.00
  119  119     0   0   0   0   0   0   0   0  57   0   4  35   4   0   0   0   0   0   0   0     0    0    0   0.962     32  0.00
  120  120     0   0   0   0   0   0   0   0   0 100   0   0   0   0   0   0   0   0   0   0     0    0    0   0.000      0  0.00
  121  121     0   4   0  87   0   0   0   0   4   4   0   0   0   0   0   0   0   0   0   0     0    0    0   0.531     17  0.00
  122  122     4   0   0   4   0   0   0   0  91   0   0   0   0   0   0   0   0   0   0   0     0    0    0   0.356     11  0.00
  123  123     0  39   0   0   0  57   0   0   0   4   0   0   0   0   0   0   0   0   0   0     0    0    0   0.826     27  0.00
  124  124     0   0   0   0   0   0   0   4   0   0   0   0   0   0  96   0   0   0   0   0     0    0    0   0.179      5  0.00
  125  125     0   4   0   0   0   0   0   0  30   0  65   0   0   0   0   0   0   0   0   0     0    0    0   0.777     25  0.00
  126  126     0   0   0   0   0   0   0   0   0   4   0   0   0   0  96   0   0   0   0   0     0    0    0   0.179      5  0.00
  127  127     0   0   0   0  87   0   9   0   0   0   4   0   0   0   0   0   0   0   0   0     0    0    0   0.470     15  0.00
  128  128     0  39   0   0  61   0   0   0   0   0   0   0   0   0   0   0   0   0   0   0     0    0    0   0.669     22  0.00
  129  129     0   0   0   0   0   0   0   0   0   0   0   0   0   0   0   0   4  96   0   0     0    0    0   0.179      5  0.00
  130  130     0   0   0   0   0   0  52   0   0   0  39   9   0   0   0   0   0   0   0   0     0    0    0   0.919     30  0.00
  131  131     0  35   0   0   0   0   0   0   4   4   0   0   0   0  52   0   4   0   0   0     0    0    0   1.116     37  0.00
  132  132     0   0   0   0   4   0   0   0  96   0   0   0   0   0   0   0   0   0   0   0     0    0    0   0.179      5  0.00
  133  133     0   4   0   0   0   0  91   0   0   0   0   0   4   0   0   0   0   0   0   0     0    0    0   0.356     11  0.00
  134  134     0   0   0   0   0   0   0   0   0   0   0   0   0   0  57  43   0   0   0   0     0    0    0   0.685     22  0.00
  135  135     0   0   0   4   0   0   0   0   0   9  43   0   0   0   4   4   0   4   0  30     0    0    0   1.482     49  0.00
  136  136     0  35  65   0   0   0   0   0   0   0   0   0   0   0   0   0   0   0   0   0     0    0    0   0.646     21  0.00
  137  137     0  43  52   0   4   0   0   0   0   0   0   0   0   0   0   0   0   0   0   0     0    0    0   0.838     27  0.00
  138  138     4  30   0   4   0   0   0   0   4   0   0   0   0   0   0  57   0   0   0   0     0    0    0   1.094     36  0.00
  139  139     0   0   0   0   0   0   0   0   0   0   4   0   0   0   0   0   0  39   0  57     0    0    0   0.826     27  0.00
  140  140     0   0   0   0   0   0 100   0   0   0   0   0   0   0   0   0   0   0   0   0     0    0    0   0.000      0  0.00
  141  141     0   4   0   0  96   0   0   0   0   0   0   0   0   0   0   0   0   0   0   0     0    0    0   0.179      5  0.00
  142  142     0   0   0   0   0   0   0   0  35   0   0   4   0  43   9   0   0   0   4   4     0    0    0   1.351     45  0.00
  143  143     0   0   0   0   0   0   0   4   4   0  30   0   0   0  52   0   0   4   4   0     0    0    0   1.247     41  0.00
  144  144     0   0   0   0   0   0   0  96   0   0   0   0   0   0   4   0   0   0   0   0     0    0    0   0.179      5  0.00
  145  145     0   0   4   0   0   0   0   0  70   0  26   0   0   0   0   0   0   0   0   0     0    0    0   0.739     24  0.00
  146  146     0   0   0   0   0   0   0   0   0   0   0   0   0   0  43  57   0   0   0   0     0    0    0   0.685     22  0.00
  147  147     0   0   0   0   0 100   0   0   0   0   0   0   0   0   0   0   0   0   0   0     0    0    0   0.000      0  0.00
  148  148     0  26  13   0   0   0   0   0   0   0   9  52   0   0   0   0   0   0   0   0     0    0    0   1.168     38  0.00
  149  149     4   0   0   0   0   0   0   0   0   0  43  52   0   0   0   0   0   0   0   0     0    0    0   0.838     27  0.00
  150  150     0   0   0   4   0   0   0   4  91   0   0   0   0   0   0   0   0   0   0   0     0    0    0   0.356     11  0.00
  151  151     0   0   0   0   0   0   0   0   0 100   0   0   0   0   0   0   0   0   0   0     0    0    0   0.000      0  0.00
  152  152     0   0   0   0   0   0   0   0   0   4   0   0   0   0   4  91   0   0   0   0     0    0    0   0.356     11  0.00
  153  153     0   0   0   0   0   0   0   0   0 100   0   0   0   0   0   0   0   0   0   0     0    0    0   0.000      0  0.00
  154  154     4   4   0   0   0   0   0   0   0   0   0  52   0   0  30   0   4   4   0   0     0    0    0   1.247     41  0.00
  155  155     0  43   0  57   0   0   0   0   0   0   0   0   0   0   0   0   0   0   0   0     0    0    0   0.685     22  0.00
  156  156     0   0   0   0   0   0   0   0  65   0   4  30   0   0   0   0   0   0   0   0     0    0    0   0.777     25  0.00
  157  157     0   0   0   0   0   0   0   0   0   0   0   0   0   0   0   0   0   4   4  91     0    0    0   0.356     11  0.00
  158  158     4   0   0   0   0   0   0   4   9   0   0   0   0   0   4   0   0  61   0  17     0    0    0   1.228     40  0.00
  159  159     0  52   0  17   0   0   0   0   0   0  26   0   0   0   0   0   4   0   0   0     0    0    0   1.131     37  0.00
  160  160     0   0   0   0   4   0  96   0   0   0   0   0   0   0   0   0   0   0   0   0     0    0    0   0.179      5  0.00
  161  161     4   0   0   0   0   0   0   0  17   0   4   4   0   0   0   0   0   4  30  35     0    0    0   1.579     52  0.00
  162  162     0   0   0   0   0   0   0   0   0  36   0   0   0   0   5   0  55   0   0   5     0    0    0   0.979     32  0.00
  163  163     0   0   0   0   0   0   0   5   0   0   9   5   0   0   0   0  23   5   5  50     0    0    0   1.463     48  0.00
  164  164     0   0   0   0   0   5  62   5  29   0   0   0   0   0   0   0   0   0   0   0     0    0    0   0.945     31  0.00
  165  165     0   0   0   0   0   0   0   0   5  95   0   0   0   0   0   0   0   0   0   0     0    0    0   0.191      6  0.00
  166  166     0   7  80   0   0   0   0   0   7   0   0   7   0   0   0   0   0   0   0   0     0    0    0   0.720     24  0.00
  167  167     0   0   0   0   0   0   7   7   7   0   7   0   0  60  13   0   0   0   0   0     0    0    0   1.297     43  0.00
  168  168     0   0   0   0   0   0   0   0   0   7  73  13   0   0   0   0   0   7   0   0     0    0    0   0.857     28  0.00
  169  169    87   0   0   0   0   0   0   0   7   0   0   7   0   0   0   0   0   0   0   0     0    0    0   0.485     16  0.00
  170  170     0   0   0   0   0   0   0   7   0   0   0   0   0   0   0   0   0  93   0   0     0    0    0   0.245      8  0.00
  171  171     0   0   0   0   0   0   0   0   0   7   0   0   0   0   0   0   0   7   0  87     0    0    0   0.485     16  0.00
  172  172     0   0   7   0   0   0   0   0   0   0   0   0   0   0  93   0   0   0   0   0     0    0    0   0.257      8  0.00
  173  173     0   7   0   0   0   0   0   0   0   0   0   0   0  93   0   0   0   0   0   0     0    0    0   0.257      8  0.00
  174  174     0   0   0   0   0   0   0   0   0   0   0   0   0   7   7  80   0   7   0   0     0    0    0   0.720     24  0.00
  175  175     0  86   0   0   0   0   0   0   7   7   0   0   0   0   0   0   0   0   0   0     0    0    0   0.509     16  0.00
  176  176     0   0   0   0   0   0   0   7  93   0   0   0   0   0   0   0   0   0   0   0     0    0    0   0.245      8  0.00
  177  177     0   0   0   0   0   0   0   6  81   0   0  13   0   0   0   0   0   0   0   0     0    0    0   0.602     20  0.00
  178  178     0   0   0   5   0   0   0   0  19   0  10   0   0   5   0   0  57   5   0   0     0    0    0   1.295     43  0.00
  179  179     0   0   0   0   0   0   0  81  10   5   0   0   0   0   5   0   0   0   0   0     0    0    0   0.685     22  0.00
  180  180     0   0   0   0   0   0   5   5   0   0   0   0   0   0   0  60   0  25   5   0     0    0    0   1.102     36  0.00
  181  181     0   5   0   0  60   0   0   0   0   0   0   0   0   0  25   0   0   5   0   5     0    0    0   1.102     36  0.00
  182  182    67  24   0   0   0   0   0   0   0   0   0   0   0   0  10   0   0   0   0   0     0    0    0   0.836     27  0.00
  183  183     0  14   5   0   0   0   0   5   0   0   0  76   0   0   0   0   0   0   0   0     0    0    0   0.775     25  0.00
  184  184     0   9   0   0   0   0   0   0   0   0   0  68   0   0   5   0   0   0   0  18     0    0    0   0.930     31  0.00
  185  185     0   0   0   0   0   0   0   0   0   0   0   0   0   0   0   0   0  83   0  17     0    0    0   0.462     15  0.00
  186  186     5  16   5   5  68   0   0   0   0   0   0   0   0   0   0   0   0   0   0   0     0    0    0   1.016     33  0.00
  187  187     0   0   0   0   0   0   0   0   0   0   0   0   0   0   0   0   0 100   0   0     0    0    0   0.000      0  0.00
  188  188     0   0   0   0   0   0   0   0   0 100   0   0   0   0   0   0   0   0   0   0     0    0    0   0.000      0  0.00
  189  189    39   0   0   4   0   0   0   0   0   0   0   4  52   0   0   0   0   0   0   0     0    0    0   0.979     32  0.00
  190  190     0   0   0   0  96   4   0   0   0   0   0   0   0   0   0   0   0   0   0   0     0    0    0   0.179      5  0.00
  191  191     0   0   0   0   0   0   0   0   0   0   0   0   0   0   0   0   0   0   0 100     0    0    0   0.000      0  0.00
  192  192     0   0   0   0   0   0   0   4  96   0   0   0   0   0   0   0   0   0   0   0     0    0    0   0.179      5  0.00
  193  193     0   0   0   0   0   0   0   0  96   0   0   0   0   0   0   0   0   0   0   4     0    0    0   0.179      5  0.00
  194  194     0   0   0   0   0   0   0   0   0   0   0   4   0   0   0   0   4   0  35  57     0    0    0   0.962     32  0.00
  195  195    39   0   0   0  57   0   0   0   0   0   0   0   4   0   0   0   0   0   0   0     0    0    0   0.826     27  0.00
  196  196     0  43  48   4   0   0   0   0   0   0   0   4   0   0   0   0   0   0   0   0     0    0    0   0.988     32  0.00
  197  197     0   0   0   0   0   0   0   0   0   0   0   0   0   0 100   0   0   0   0   0     0    0    0   0.000      0  0.00
  198  198     4   9   4   0  30   0   0   0  52   0   0   0   0   0   0   0   0   0   0   0     0    0    0   1.187     39  0.00
  199  199     0   0   0   0   0   0   0 100   0   0   0   0   0   0   0   0   0   0   0   0     0    0    0   0.000      0  0.00
  200  200     0   0   0   0   0   0   0   0   0   0   0  39   0   0  57   4   0   0   0   0     0    0    0   0.826     27  0.00
  201  201     0   0   0   0   0   0   0   0   0   0   0   0   0   0   0   0   0   0   0 100     0    0    0   0.000      0  0.00
  202  202     0  43  57   0   0   0   0   0   0   0   0   0   0   0   0   0   0   0   0   0     0    0    0   0.685     22  0.00
  203  203     4  39   4   0  52   0   0   0   0   0   0   0   0   0   0   0   0   0   0   0     0    0    0   0.979     32  0.00
  204  204     9   0   0   0   0   0  39   0  52   0   0   0   0   0   0   0   0   0   0   0     0    0    0   0.919     30  0.00
  205  205     0  39   0   0   0   0   0   0   0   0   0   0   0   0   0   0  57   0   4   0     0    0    0   0.826     27  0.00
  206  206    39   0   4   0   0   0   0   0   0   0   0   0   0   0  52   4   0   0   0   0     0    0    0   0.979     32  0.00
  207  207     0   0   0   0   0   0   0   0   4   0  96   0   0   0   0   0   0   0   0   0     0    0    0   0.179      5  0.00
  208  208     0   0   0   0   0   0   0   0   0   0   0   4   0   0   0   0  52   0   4  39     0    0    0   0.979     32  0.00
  209  209    57   0   0   0   0   0   0   0   0   0  39   0   0   0   0   4   0   0   0   0     0    0    0   0.826     27  0.00
  210  210     0   0   0   0   0   0   0  39   0   0   0  57   0   0   0   0   0   0   4   0     0    0    0   0.826     27  0.00
  211  211     0   0   0   0   0   0   0   0   0   0   0   0   0   4   0   0   0   0  96   0     0    0    0   0.179      5  0.00
  212  212     0   0   0   0   0   0  52   0   9   0   0   0   0   0   0   0   0  39   0   0     0    0    0   0.919     30  0.00
  213  213     0  83   0  13   4   0   0   0   0   0   0   0   0   0   0   0   0   0   0   0     0    0    0   0.560     18  0.00
  214  214     0   0   0   0   0   0   0  96   0   4   0   0   0   0   0   0   0   0   0   0     0    0    0   0.179      5  0.00
  215  215     0   0  57   0   0   0   0   0  39   0   0   0   4   0   0   0   0   0   0   0     0    0    0   0.826     27  0.00
  216  216     0   0   0   0   0   0   0   0   0   0   0   0   0   0   9  30   0  52   4   4     0    0    0   1.187     39  0.00
  217  217     0   0   0   0   0 100   0   0   0   0   0   0   0   0   0   0   0   0   0   0     0    0    0   0.000      0  0.00
  218  218     0  48   0  52   0   0   0   0   0   0   0   0   0   0   0   0   0   0   0   0     0    0    0   0.692     23  0.00
  219  219     0   0   0   0   0   0   0   0   0   0   0   0   0   0  52   0  43   4   0   0     0    0    0   0.838     27  0.00
  220  220     0   0   0   0   0   0   0   0   4   0  35   0   0   0  57   4   0   0   0   0     0    0    0   0.962     32  0.00
  221  221     0   0   0   0   0   0   0   0  39   0   0   0   0  61   0   0   0   0   0   0     0    0    0   0.669     22  0.00
  222  222    26  74   0   0   0   0   0   0   0   0   0   0   0   0   0   0   0   0   0   0     0    0    0   0.574     19  0.00
  223  223     0   0   0   0   0   0   0  43  52   0   0   0   0   0   0   0   4   0   0   0     0    0    0   0.838     27  0.00
  224  224     0   0   0   0   0   0   0   4   4  52   4   0   0   0   0   0   0   4   0  30     0    0    0   1.247     41  0.00
  225  225     0   0   0   0   0   0   0   0   9   0   0  26   0   0   9   0   0   0   0  57     0    0    0   1.098     36  0.00
  226  226     0   0   0   0   4   0  96   0   0   0   0   0   0   0   0   0   0   0   0   0     0    0    0   0.179      5  0.00
  227  227     0   0   0   0   0   0   0   0   0   0   0  35   0   0  52  13   0   0   0   0     0    0    0   0.972     32  0.00
  228  228    91   0   9   0   0   0   0   0   0   0   0   0   0   0   0   0   0   0   0   0     0    0    0   0.295      9  0.00
  229  229     0   0   0   0   0   0   0   0   0   0   0   0   0 100   0   0   0   0   0   0     0    0    0   0.000      0  0.00
  230  230     9   0  50   0   0   0   0   0   0  41   0   0   0   0   0   0   0   0   0   0     0    0    0   0.930     31  0.00
  231  231     0   4  52   0   0   0   0   0   0   0   0   0  39   0   4   0   0   0   0   0     0    0    0   0.979     32  0.00
  232  232     0   0   0   0   0   0   0   0   4   0  52   0   0   0  39   0   0   4   0   0     0    0    0   0.979     32  0.00
  233  233     0   0   0   0  76   0   6  18   0   0   0   0   0   0   0   0   0   0   0   0     0    0    0   0.678     22  0.00
  234  234     0   9   0   0   0   0   0   4   0   4   0   0   0   0   0  78   0   0   4   0     0    0    0   0.813     27  0.00
  235  235     0  30   0   0   0   0   9   0   0   0   0   0   0   4   0   0   0   0   0  57     0    0    0   1.033     34  0.00
  236  236     0   0   0   4   0   0  26   4   9  52   0   0   4   0   0   0   0   0   0   0     0    0    0   1.311     43  0.00
  237  237     0   0   0   0   0   0   0   0  22   0  17   0   0   4   0   0   0   0  52   4     0    0    0   1.248     41  0.00
  238  238     0   0   0   0   0   0   0   0   0  67  33   0   0   0   0   0   0   0   0   0     0    0    0   0.637     21  0.00
  239  239     0   0   0  60   0   0   0   0   0   0   0  40   0   0   0   0   0   0   0   0     0    0    0   0.673     22  0.00
  240  240     0   0   0   0   0   0   0   0   0   0   0   0   0 100   0   0   0   0   0   0     0    0    0   0.000      0  0.00
  241  241    30   0  65   0   0   0   0   4   0   0   0   0   0   0   0   0   0   0   0   0     0    0    0   0.777     25  0.00
  242  242     0   0   0   0   0   0   0   0   0   0   0   0   0   0   0   0   0   0   0 100     0    0    0   0.000      0  0.00
  243  243     0   0   0   0   4   0   0   0  52   0  39   4   0   0   0   0   0   0   0   0     0    0    0   0.979     32  0.00
  244  244     0   0   0   4   0   0   0   0   4   0   0  91   0   0   0   0   0   0   0   0     0    0    0   0.356     11  0.00
  245  245     9   9  30   0  52   0   0   0   0   0   0   0   0   0   0   0   0   0   0   0     0    0    0   1.126     37  0.00
  246  246    43   0   4   0   0   0   0   0   0   0   0   0   0   0   0   0   0   0  52   0     0    0    0   0.838     27  0.00
  247  247     0   0  52   0   0   0   0   0   4  43   0   0   0   0   0   0   0   0   0   0     0    0    0   0.838     27  0.00
  248  248     0  48  52   0   0   0   0   0   0   0   0   0   0   0   0   0   0   0   0   0     0    0    0   0.692     23  0.00
  249  249     0   0   0   0   0   0   0  57   9   0   0   0   0   0  35   0   0   0   0   0     0    0    0   0.902     30  0.00
  250  250     0   0   0   0   0   0   0   0   0 100   0   0   0   0   0   0   0   0   0   0     0    0    0   0.000      0  0.00
  251  251     0   0   0   0   0   0   0 100   0   0   0   0   0   0   0   0   0   0   0   0     0    0    0   0.000      0  0.00
  252  252     0  61  30   0   0   0   0   0   0   4   0   0   0   0   0   4   0   0   0   0     0    0    0   0.937     31  0.00
  253  253    87   9   4   0   0   0   0   0   0   0   0   0   0   0   0   0   0   0   0   0     0    0    0   0.470     15  0.00
  254  254     0 100   0   0   0   0   0   0   0   0   0   0   0   0   0   0   0   0   0   0     0    0    0   0.000      0  0.00
  255  255    17   0   9   0   0   0   0   0   0   0  52  22   0   0   0   0   0   0   0   0     0    0    0   1.188     39  0.00
  256  256     0   0   0   0   0   0   0   0   0   0   0   0   0   0   0   0   0   0 100   0     0    0    0   0.000      0  0.00
  257  257     0   0   0   0   0   0   0   0   0 100   0   0   0   0   0   0   0   0   0   0     0    0    0   0.000      0  0.00
  258  258     0   0   0   0   0   0   0   0  14   0  23   0   0   0   0   0   0   9   0  55     0    0    0   1.157     38  0.00
  259  259     0   0   0   0   0   0   0   0   0   0   0   0   0   0 100   0   0   0   0   0     0    0    0   0.000      0  0.00
  260  260    26   0   0   0   0   0   0   0   0  52   4   0   0   0   0   0   0   0   0  17     0    0    0   1.131     37  0.00
  261  261     0   0   0   0   0   0   0   0   4   0   0   4  52   0   9   0   4   0  17   9     0    0    0   1.477     49  0.00
  262  262     0   0   0   0   0   0   0   0   0   0   0   0   0  52   0   4   0   9  13  22     0    0    0   1.286     42  0.00
  263  263     4   0   0  17   0   0   0   0   0   0   0   0   0   4   0   0  52  17   0   4     0    0    0   1.357     45  0.00
  264  264     0   0  57   0   0   0   0   0   4  35   0   0   0   0   0   0   0   0   4   0     0    0    0   0.962     32  0.00
  265  265     0   4   0   0   0   0   0   0   0   4   0   0   0   0   0   0   0  13   0  78     0    0    0   0.730     24  0.00
  266  266     0  52   4   0  30   0   4   0   0   9   0   0   0   0   0   0   0   0   0   0     0    0    0   1.187     39  0.00
  267  267     0  35   0   0  61   0   0   4   0   0   0   0   0   0   0   0   0   0   0   0     0    0    0   0.806     26  0.00
  268  268     4   4   0   0   0   0   0   0   0   4   0   0   0   0  35  52   0   0   0   0     0    0    0   1.116     37  0.00
  269  269     0   5   0   0   0   0   0   0   0   0  32   0   0   0   5  55   0   5   0   0     0    0    0   1.116     37  0.00
  270  270     0   0   0   0   0   0   0   0  68   0   0   5   0   0   5   0   0  21   0   0     0    0    0   0.898     29  0.00
  271  271     0   0   0   0   0   5   0  65   0   0   0   5   0   0   0   0   0   0  25   0     0    0    0   0.926     30  0.00
  272  272     0   0  17   0   0  78   0   0   0   0   0   0   0   0   0   4   0   0   0   0     0    0    0   0.632     21  0.00
  273  273     4   0   0   0   0   0   0   0   0   4   0  78   0   0   4   0   0   4   0   4     0    0    0   0.873     29  0.00
  274  274     9   0  48   0   0   0   0   0   4   0   0   0  35   0   0   0   0   4   0   0     0    0    0   1.205     40  0.00
  275  275    22   0  39   0   0   0   0   0   0  39   0   0   0   0   0   0   0   0   0   0     0    0    0   1.066     35  0.00
  276  276     0   0   0   0   0   0   0   0   4   0   0  52   4   9   0   0   0  30   0   0     0    0    0   1.187     39  0.00
  277  277     0  35   0   0   0   0   0   0   4  57   0   0   0   0   0   4   0   0   0   0     0    0    0   0.962     32  0.00
  278  278    30   0   0   0   0   0   0   0   4  57   0   0   0   0   0   0   0   4   4   0     0    0    0   1.094     36  0.00
  279  279     4   4   4   0   0   0   0   4   0   0   4  43   0   0   0   4   0   0   0  30     0    0    0   1.542     51  0.00
  280  280     4   4  30   0   4   0   0   0   0  57   0   0   0   0   0   0   0   0   0   0     0    0    0   1.094     36  0.00
  281  281    13   9  35   0   0   0   0  35   0   4   0   0   0   0   0   0   0   0   0   4     0    0    0   1.485     49  0.00
  282  282     0   0  52   4  30   0   4   0   4   4   0   0   0   0   0   0   0   0   0   0     0    0    0   1.247     41  0.00
  283  283     0   0   0   0   0   0   4   4   4  57   0  30   0   0   0   0   0   0   0   0     0    0    0   1.094     36  0.00
  284  284     0   0   0   0   0   0   0  35   0   4   0   0   0   0   0   0   0   0   4  57     0    0    0   0.962     32  0.00
  285  285     0   0   0   0   0   0   0   0   0   4   4   0   0   0   0   0   0   0   4  87     0    0    0   0.531     17  0.00
  286  286     4   0   0   0   0   0   0   0   0   0   0   0   0  57   0  30   0   0   0   9     0    0    0   1.033     34  0.00
  287  287     0   0   0   0   0   0   0   4   0  91   0   0   0   0   0   0   0   0   0   4     0    0    0   0.356     11  0.00
  288  288     0  93   0   0   0   0   0   0   7   0   0   0   0   0   0   0   0   0   0   0     0    0    0   0.245      8  0.00
  289  289     7   7   0   0   0  80   7   0   0   0   0   0   0   0   0   0   0   0   0   0     0    0    0   0.720     24  0.00
  290  290     0   4   0  57   0   0   0   0   0   0   0   0   0  39   0   0   0   0   0   0     0    0    0   0.826     27  0.00
  291  291     0   0   0   0   0   0   0   0   0   0  61   4  35   0   0   0   0   0   0   0     0    0    0   0.806     26  0.00
  292  292     0   0   0   0   0   0   0   0   0   0 100   0   0   0   0   0   0   0   0   0     0    0    0   0.000      0  0.00
  293  293    30   4   0   0   0   0   0   4   0   0   0   4   0   0   0  57   0   0   0   0     0    0    0   1.094     36  0.00
  294  294     0   0   0   0   0  96   4   0   0   0   0   0   0   0   0   0   0   0   0   0     0    0    0   0.179      5  0.00
  295  295     0  52  43   0   0   0   0   4   0   0   0   0   0   0   0   0   0   0   0   0     0    0    0   0.838     27  0.00
  296  296     0   0   0   0   0   0   0  39   0   0  52   0   0   0   0   0   0   0   4   4     0    0    0   0.979     32  0.00
  297  297     4   0   0  91   0   0   0   0   0   0   4   0   0   0   0   0   0   0   0   0     0    0    0   0.356     11  0.00
  298  298     0   0   0   0   0   0   0   0   0   0   4   0   0   0   0   0   0   0  96   0     0    0    0   0.179      5  0.00
  299  299    57  35   9   0   0   0   0   0   0   0   0   0   0   0   0   0   0   0   0   0     0    0    0   0.902     30  0.00
  300  300     0 100   0   0   0   0   0   0   0   0   0   0   0   0   0   0   0   0   0   0     0    0    0   0.000      0  0.00
  301  301    39   0   0  57   0   0   0   0   0   0   4   0   0   0   0   0   0   0   0   0     0    0    0   0.826     27  0.00
  302  302    43  57   0   0   0   0   0   0   0   0   0   0   0   0   0   0   0   0   0   0     0    0    0   0.685     22  0.00
  303  303     0   0   0   0   0   0   0   0   4   0   0   0   0   0  39   0   0   0   0  57     0    0    0   0.826     27  0.00
  304  304     0   0   0   0   0   0   0   0   0  43   0   0   0   0   0   0   0  57   0   0     0    0    0   0.685     22  0.00
  305  305     0   0   0   0   0   0   0   9   0   0   0   0   0   0   4  52   0   0   0  35     0    0    0   1.055     35  0.00
  306  306     4  39   0   0   0   0   0   0   0   0   0   0   0   0  57   0   0   0   0   0     0    0    0   0.826     27  0.00
  307  307    70   0   0   0   0   0   0   0  30   0   0   0   0   0   0   0   0   0   0   0     0    0    0   0.615     20  0.00
  308  308    39   4   4  52   0   0   0   0   0   0   0   0   0   0   0   0   0   0   0   0     0    0    0   0.979     32  0.00
  309  309   100   0   0   0   0   0   0   0   0   0   0   0   0   0   0   0   0   0   0   0     0    0    0   0.000      0  0.00
  310  310     0   0   0   0   0   0   0   0   0   0   0   0   0   0   0   0   0   4   4  91     0    0    0   0.356     11  0.00
  311  311     0   0   0   0   0   0   0   0  52   0   4   0   0   0  39   0   0   0   0   4     0    0    0   0.979     32  0.00
  312  312     0   0   0   0   0   0   0   0   4   0   0   0   0   0  39   0   4   0  52   0     0    0    0   0.979     32  0.00
  313  313     0   0   0   0   0   0   0   0   0   0   0   0   4   4   0   0  35  52   0   4     0    0    0   1.116     37  0.00
  314  314    43   0   0   0   0   0   0   0   4   4   0  39   0   0   4   0   0   4   0   0     0    0    0   1.275     42  0.00
  315  315     0   0   0   0   0   0   0   9  22  48   9   0   0   0   0   0   0   9   0   4     0    0    0   1.458     48  0.00
  316  316     0  43  52   4   0   0   0   0   0   0   0   0   0   0   0   0   0   0   0   0     0    0    0   0.838     27  0.00
  317  317     0   0  35   9   0   0   0   0   4   0   0   0   0   4   0   0  48   0   0   0     0    0    0   1.205     40  0.00
  318  318     0   0   0   0   0   0   0   0   0   0   0   0   0   0  30  70   0   0   0   0     0    0    0   0.615     20  0.00
  319  319    13  26   4  52   0   0   0   0   4   0   0   0   0   0   0   0   0   0   0   0     0    0    0   1.228     41  0.00
  320  320     0  43   0   4  52   0   0   0   0   0   0   0   0   0   0   0   0   0   0   0     0    0    0   0.838     27  0.00
  321  321     0   0   0   0   0   0   0   0   0   0   0   0   0   0   0   4   0  96   0   0     0    0    0   0.179      5  0.00
  322  322     0   0   0   0   0   0   0   4   0   0   0   0   0   0   4  78   4   0   9   0     0    0    0   0.813     27  0.00
  323  323     0  52   0   0   4   0   0   0   4   0   0   0   0  35   0   0   0   0   4   0     0    0    0   1.116     37  0.00
  324  324     0   0   0   0   0   0   0  96   0   0   4   0   0   0   0   0   0   0   0   0     0    0    0   0.179      5  0.00
  325  325     9   0  57  26   9   0   0   0   0   0   0   0   0   0   0   0   0   0   0   0     0    0    0   1.098     36  0.00
  326  326     0   0   0   0   0   0   0   0   0   0  22  30   0   0   0   0   4   4  17  22     0    0    0   1.602     53  0.00
  327  327    43   0   0   0   0   0   0   0   0   4   0  52   0   0   0   0   0   0   0   0     0    0    0   0.838     27  0.00
  328  328     4  39  57   0   0   0   0   0   0   0   0   0   0   0   0   0   0   0   0   0     0    0    0   0.826     27  0.00
  329  329     0   4   0   0   0   0   0   0   0  43   0   0   0   0   0  52   0   0   0   0     0    0    0   0.838     27  0.00
  330  330    52  39   4   0   0   0   0   0   0   0   0   0   4   0   0   0   0   0   0   0     0    0    0   0.979     32  0.00
  331  331     0   0   0   0   0   0   0   0   0   0   4   0   0   0   4   4  35   0  48   4     0    0    0   1.265     42  0.00
  332  332     0  39  52   0   4   0   0   0   0   0   0   0   0   0   4   0   0   0   0   0     0    0    0   0.979     32  0.00
  333  333     0   0   0   0   0   0   0   0   0   0   0  39   0   0  61   0   0   0   0   0     0    0    0   0.669     22  0.00
  334  334     0   0   0   0   0   0   0   0   0   0   0   0   0  52   0   0   0   0  48   0     0    0    0   0.692     23  0.00
  335  335     0   0   0   0   4   0   0   0  65   0  26   0   0   0   4   0   0   0   0   0     0    0    0   0.902     30  0.00
  336  336     0   0   0   0   0   0   0   0   0   0   0   0   0   0  43   0   0   0  57   0     0    0    0   0.685     22  0.00
  337  337     0   0   4   4   0   0   0   0   4   0  57  30   0   0   0   0   0   0   0   0     0    0    0   1.094     36  0.00
  338  338     0  91   0   0   9   0   0   0   0   0   0   0   0   0   0   0   0   0   0   0     0    0    0   0.295      9  0.00
  339  339     0   0   0   0   0   0   0 100   0   0   0   0   0   0   0   0   0   0   0   0     0    0    0   0.000      0  0.00
  340  340     0   0   0   0   0   0   0  96   0   0   4   0   0   0   0   0   0   0   0   0     0    0    0   0.179      5  0.00
  341  341     0   0   0   0   0   0   0  91   0   0   4   0   0   0   4   0   0   0   0   0     0    0    0   0.356     11  0.00
  342  342     0   0   0   0 100   0   0   0   0   0   0   0   0   0   0   0   0   0   0   0     0    0    0   0.000      0  0.00
  343  343     0   0   0   0   0   0   0   0   0   0   0   0   0 100   0   0   0   0   0   0     0    0    0   0.000      0  0.00
  344  344     0   0   0   0   0   0   0   4   4   0   0   0  87   0   4   0   0   0   0   0     0    0    0   0.531     17  0.00
  345  345    13   0   0   0   0  52   0   0  35   0   0   0   0   0   0   0   0   0   0   0     0    0    0   0.972     32  0.00
  346  346     0   0   0   0   0   0   0   0   0   0   0 100   0   0   0   0   0   0   0   0     0    0    0   0.000      0  0.00
  347  347     9  39   0   0   0   0   0   0   0   0   0   0  52   0   0   0   0   0   0   0     0    0    0   0.919     30  0.00
  348  348     0   0   0   0   0   0   0   0   0   0   0   0   0   0   0   0   0   0   0 100     0    0    0   0.000      0  0.00
  349  349    78   0  17   0   0   0   0   0   0   0   0   4   0   0   0   0   0   0   0   0     0    0    0   0.632     21  0.00
  350  350     4   0   0   0   0   0   0   0   0   0   0   0   0   0  96   0   0   0   0   0     0    0    0   0.179      5  0.00
  351  351     0   0   0   0   0   0   0   0   0   0   0   0   0   0 100   0   0   0   0   0     0    0    0   0.000      0  0.00
  352  352     0   0   0   0   0   0   0   0   0   0   5  27   0   0  64   0   0   5   0   0     0    0    0   0.923     30  0.00
  353  353     0   0   0   0   0   0   0  95   5   0   0   0   0   0   0   0   0   0   0   0     0    0    0   0.191      6  0.00
  354  354     0   0   0   0   0   0   0   5  10   5  14  62   0   0   0   5   0   0   0   0     0    0    0   1.234     41  0.00
  355  355     0  95   0   0   0   0   0   0   0   5   0   0   0   0   0   0   0   0   0   0     0    0    0   0.185      6  0.00
  356  356     0   0   0   0   0   0   0   0   0   0   0   0   0   0   0   0  55  45   0   0     0    0    0   0.689     22  0.00
  357  357     0   0   0   0   0   0   0   0   0   0  64  32   0   0   0   0   0   0   0   5     0    0    0   0.792     26  0.00
  358  358     0   0   0   0   0   0 100   0   0   0   0   0   0   0   0   0   0   0   0   0     0    0    0   0.000      0  0.00
  359  359     0  67   0   0  33   0   0   0   0   0   0   0   0   0   0   0   0   0   0   0     0    0    0   0.637     21  0.00
  360  360     0   0   0   0   0   0   0   0   0   0   0   0   0   0   0   0   0   0   0 100     0    0    0   0.000      0  0.00
//
