ID Pseudo hssp file.
SEQ 
SEQ gi|10580990|gb|AAG19794.1| (AE005064) 50S ribosomal protein L37E...    65  2e-10
SEQ gi|417669|sp|P32410|RL37_HALMA 50S RIBOSOMAL PROTEIN L37E (L35E)...    62  9e-10
SEQ gi|6094069|sp|O26744|RL37_METTH 50S RIBOSOMAL PROTEIN L37E >gi|7...    55  2e-07
SEQ gi|6685873|sp|Q9YEQ4|RL37_AERPE 50S RIBOSOMAL PROTEIN L37E >gi|7...    47  4e-05
SEQ gi|13813926|gb|AAK41052.1| (AE006699) LSU ribosomal protein L37E...    46  5e-05
SEQ gi|14520858|ref|NP_126333.1| LSU ribosomal protein L37E [Pyrococ...    46  5e-05
SEQ gi|6094071|sp|O44125|RL37_SCHMA 60S RIBOSOMAL PROTEIN L37 >gi|26...    43  4e-04
SEQ gi|7271014|emb|CAB77643.1| (AJ390504) ribosomal protein L37 [Can...    43  6e-04
SEQ gi|730561|sp|P39094|RL37_LEIIN 60S RIBOSOMAL PROTEIN L37 >gi|416...    43  6e-04
SEQ 
## SEQUENCE PROFILE AND ENTROPY
 SeqNo PDBNo   V   L   I   M   F   W   Y   G   A   P   S   T   C   H   R   K   Q   E   N   D  NOCC NDEL NINS ENTROPY RELENT WEIGHT
    1    1     0   0   0   0   0   0   0   0   0   0   0 100   0   0   0   0   0   0   0   0     0    0    0   0.000      0  0.00
    2    2     0   0   0   0   0   0   0 100   0   0   0   0   0   0   0   0   0   0   0   0     0    0    0   0.000      0  0.00
    3    3     0   0   0   0   0   0   0   0  60   0  20   0   0   0   0  20   0   0   0   0     0    0    0   0.950     31  0.00
    4    4     0   0   0   0   0   0   0 100   0   0   0   0   0   0   0   0   0   0   0   0     0    0    0   0.000      0  0.00
    5    5     0   0   0   0   0   0   0   0   0   0   0 100   0   0   0   0   0   0   0   0     0    0    0   0.000      0  0.00
    6    6     0   0   0   0   0   0   0   0   0  80   0  20   0   0   0   0   0   0   0   0     0    0    0   0.500     16  0.00
    7    7     0   0   0   0   0   0   0   0   0   0 100   0   0   0   0   0   0   0   0   0     0    0    0   0.000      0  0.00
    8    8     0  20   0  20  30   0   0   0   0   0   0   0   0   0   0   0  30   0   0   0     0    0    0   1.366     45  0.00
    9    9     0   0   0   0   0   0   0 100   0   0   0   0   0   0   0   0   0   0   0   0     0    0    0   0.000      0  0.00
   10   10     0   0   0   0   0   0   0   0   0   0   0   0   0   0   0  90  10   0   0   0     0    0    0   0.325     10  0.00
   11   11     0   0   0  10   0   0   0   0   0   0   0   0   0  10  50  30   0   0   0   0     0    0    0   1.168     38  0.00
   12   12     0   0   0   0   0   0   0   0   0   0   0   0   0  30  10   0   0   0  60   0     0    0    0   0.898     29  0.00
   13   13     0   0   0   0   0   0   0  10   0   0  10  30   0   0   0  30   0   0  20   0     0    0    0   1.505     50  0.00
   14   14     0   0   0   0   0   0   0   0   0   0  10  40   0   0  10  30   0   0  10   0     0    0    0   1.418     47  0.00
   15   15     0  10   0   0   0   0   0   0   0   0  20  70   0   0   0   0   0   0   0   0     0    0    0   0.802     26  0.00
   16   16     0   0   0   0   0   0   0   0   0   0   0   0   0 100   0   0   0   0   0   0     0    0    0   0.000      0  0.00
   17   17     0   0  50   0   0   0   0   0   0   0   0  50   0   0   0   0   0   0   0   0     0    0    0   0.693     23  0.00
   18   18    10  20   0   0   0   0   0   0   0   0   0   0   0   0  30  30  10   0   0   0     0    0    0   1.505     50  0.00
   19   19     0   0   0   0   0   0   0   0   0   0   0   0 100   0   0   0   0   0   0   0     0    0    0   0.000      0  0.00
   20   20     0   0   0   0   0   0   0   0   0   0   0   0   0   0  90   0   0   0  10   0     0    0    0   0.325     10  0.00
   21   21     0   0   0   0   0   0   0   0   0   0   0   0   0   0 100   0   0   0   0   0     0    0    0   0.000      0  0.00
   22   22     0   0   0   0   0   0   0   0   0   0   0   0 100   0   0   0   0   0   0   0     0    0    0   0.000      0  0.00
   23   23     0   0   0   0   0   0   0 100   0   0   0   0   0   0   0   0   0   0   0   0     0    0    0   0.000      0  0.00
   24   24     0   0   0   0   0   0   0   0   0   0   0   0   0   0  60  10   0  30   0   0     0    0    0   0.898     29  0.00
   25   25     0   0   0   0   0   0   0   0   0   0   0   0   0   0  20  50   0   0  30   0     0    0    0   1.030     34  0.00
   26   26     0   0   0   0   0   0   0   0  20   0  80   0   0   0   0   0   0   0   0   0     0    0    0   0.500     16  0.00
   27   27     0   0   0   0  20   0  80   0   0   0   0   0   0   0   0   0   0   0   0   0     0    0    0   0.500     16  0.00
   28   28     0   0   0   0   0   0   0   0   0   0   0   0   0  70   0   0   0   0  30   0     0    0    0   0.611     20  0.00
   29   29    60   0  10   0   0   0   0   0   0   0   0  30   0   0   0   0   0   0   0   0     0    0    0   0.898     29  0.00
   30   30     0   0   0   0   0   0   0   0  10   0  10   0   0   0  10  40  30   0   0   0     0    0    0   1.418     47  0.00
   31   31     0   0   0   0   0  10   0   0   0   0   0   0   0   0   0  90   0   0   0   0     0    0    0   0.325     10  0.00
   32   32     0   0   0   0   0   0   0  20   0   0   0   0   0  10   0  60   0  10   0   0     0    0    0   1.089     36  0.00
   33   33    40   0   0   0   0   0  30   0   0   0   0  20   0   0  10   0   0   0   0   0     0    0    0   1.280     42  0.00
   34   34     0   0   0   0   0   0   0   0   0   0   0   0 100   0   0   0   0   0   0   0     0    0    0   0.000      0  0.00
   35   35     0   0   0   0   0   0   0   0  50   0  50   0   0   0   0   0   0   0   0   0     0    0    0   0.693     23  0.00
   36   36     0   0   0   0   0   0   0   0  50   0  50   0   0   0   0   0   0   0   0   0     0    0    0   0.693     23  0.00
   37   37     0   0   0   0   0   0   0   0   0   0   0   0 100   0   0   0   0   0   0   0     0    0    0   0.000      0  0.00
   38   38     0   0   0   0   0   0   0  90  10   0   0   0   0   0   0   0   0   0   0   0     0    0    0   0.325     10  0.00
   39   39     0   0   0   0  70   0  30   0   0   0   0   0   0   0   0   0   0   0   0   0     0    0    0   0.611     20  0.00
   40   40     0   0   0   0   0   0   0  88   0  13   0   0   0   0   0   0   0   0   0   0     0    0    0   0.377     12  0.00
   41   41     0   0   0   0   0   0   0   0  10  20   0   0   0   0  50  20   0   0   0   0     0    0    0   1.221     40  0.00
   42   42     0   0   0   0   0   0   0   0  20   0  70  10   0   0   0   0   0   0   0   0     0    0    0   0.802     26  0.00
   43   43     0   0   0   0   0   0   0   0  50   0  10   0   0   0  30  10   0   0   0   0     0    0    0   1.168     38  0.00
   44   44     0   0   0   0   0   0   0   0   0   0   0   0   0   0  50  50   0   0   0   0     0    0    0   0.693     23  0.00
   45   45     0  20  20  20   0   0   0   0   0   0   0   0   0   0  40   0   0   0   0   0     0    0    0   1.332     44  0.00
   46   46     0   0   0   0   0   0   0   0   0   0   0   0   0   0 100   0   0   0   0   0     0    0    0   0.000      0  0.00
   47   47     0   0   0   0   0   0   0   0   0   0  11   0   0   0  33  22   0   0   0  33     0    0    0   1.311     43  0.00
   48   48     0   0   0   0   0   0  90   0   0   0   0   0   0  10   0   0   0   0   0   0     0    0    0   0.325     10  0.00
   49   49     0   0   0   0   0   0   0   0   0   0  30   0   0   0  10   0   0  30  30   0     0    0    0   1.314     43  0.00
   50   50     0   0   0   0   0 100   0   0   0   0   0   0   0   0   0   0   0   0   0   0     0    0    0   0.000      0  0.00
   51   51     0   0   0   0   0   0   0   0  11   0  22   0   0   0   0   0  67   0   0   0     0    0    0   0.849     28  0.00
   52   52    11  11   0   0   0   0   0  11   0   0  22   0   0   0   0   0   0  11  33   0     0    0    0   1.677     55  0.00
   53   53     0   0   0   0   0   0   0   0   0   0   0   0   0   0   0 100   0   0   0   0     0    0    0   0.000      0  0.00
   54   54     0   0   0   0   0   0   0   0  83   0   0  17   0   0   0   0   0   0   0   0     0    0    0   0.451     15  0.00
   55   55     0   0   0   0   0   0   0 100   0   0   0   0   0   0   0   0   0   0   0   0     0    0    0   0.000      0  0.00
   56   56     0   0   0   0   0   0   0   0   0   0   0   0   0   0   0   0   0  67   0  33     0    0    0   0.637     21  0.00
//
