ID Pseudo hssp file.
SEQ 
SEQ gi|132874|sp|P14121|RL30_HALMA 50S RIBOSOMAL PROTEIN L30P (HMAL3...   288  2e-77
SEQ gi|10581180|gb|AAG19957.1| (AE005077) 50S ribosomal protein L30P...   206  9e-53
SEQ gi|3122727|sp|O26132|RL30_METTH 50S RIBOSOMAL PROTEIN L30P >gi|7...   120  1e-26
SEQ gi|1710533|sp|P54046|RL30_METJA 50S RIBOSOMAL PROTEIN L30P >gi|2...   101  7e-21
SEQ gi|14520536|ref|NP_126011.1| LSU ribosomal protein L30P [Pyrococ...   101  8e-21
SEQ gi|10241880|dbj|BAB13705.1| (AB040118) ribosomal protein PfL30 [...    99  3e-20
SEQ gi|6094050|sp|O59440|RL30_PYRHO 50S RIBOSOMAL PROTEIN L30P >gi|7...    99  3e-20
SEQ gi|11499488|ref|NP_070729.1| LSU ribosomal protein L30P (rpl30P)...    97  1e-19
SEQ gi|132875|sp|P14035|RL30_METVA 50S RIBOSOMAL PROTEIN L30P >gi|71...    87  1e-16
SEQ gi|13541177|ref|NP_110865.1| 50S ribosomal protein L7E [Thermopl...    76  4e-13
SEQ gi|11134354|sp|Q9UX86|RL30_SULSO 50S RIBOSOMAL PROTEIN L30P >gi|...    66  3e-10
SEQ gi|6831629|sp|Q9YF96|RL30_AERPE 50S RIBOSOMAL PROTEIN L30P >gi|7...    64  8e-10
SEQ gi|3914728|sp|O05642|RL30_SULAC 50S RIBOSOMAL PROTEIN L30P >gi|2...    55  6e-07
SEQ gi|10640596|emb|CAC12374.1| (AL445067) 50S ribosomal protein L30...    47  1e-04
SEQ 
## SEQUENCE PROFILE AND ENTROPY
 SeqNo PDBNo   V   L   I   M   F   W   Y   G   A   P   S   T   C   H   R   K   Q   E   N   D  NOCC NDEL NINS ENTROPY RELENT WEIGHT
    1    1     0  14   0  86   0   0   0   0   0   0   0   0   0   0   0   0   0   0   0   0     0    0    0   0.410     13  0.00
    2    2     0  11   0   0  22   0  33   0   0   0   0   0   0  22   0   0  11   0   0   0     0    0    0   1.523     50  0.00
    3    3     0   0   0   0   0   0   0   0 100   0   0   0   0   0   0   0   0   0   0   0     0    0    0   0.000      0  0.00
    4    4    71  21   7   0   0   0   0   0   0   0   0   0   0   0   0   0   0   0   0   0     0    0    0   0.759     25  0.00
    5    5    43   0  57   0   0   0   0   0   0   0   0   0   0   0   0   0   0   0   0   0     0    0    0   0.683     22  0.00
    6    6     0   0   0   0   0   0   0   0   0   0   0   0   0   0  79   0  21   0   0   0     0    0    0   0.520     17  0.00
    7    7    21  14  57   7   0   0   0   0   0   0   0   0   0   0   0   0   0   0   0   0     0    0    0   1.116     37  0.00
    8    8     0   0   0   0   0   0   0   0   0   0   0   0   0   0 100   0   0   0   0   0     0    0    0   0.000      0  0.00
    9    9     0   0   0   0   0   0   0 100   0   0   0   0   0   0   0   0   0   0   0   0     0    0    0   0.000      0  0.00
   10   10     0   0   0   0   0  14   0   0   0   7  14  14   0   0  36   0   0  14   0   0     0    0    0   1.668     55  0.00
   11   11    71   0   0   0   0   0   0   0  21   0   0   7   0   0   0   0   0   0   0   0     0    0    0   0.759     25  0.00
   12   12     0   0   0   0   0   0   0  29   7   0   0   0   0   0   0   7   0   0  36  21     0    0    0   1.433     47  0.00
   13   13    57   0   7  21   0   0   0   0   7   0   0   7   0   0   0   0   0   0   0   0     0    0    0   1.215     40  0.00
   14   14     0   0   0   0   0   0   0   0   0  21   7   0   0  21  21  29   0   0   0   0     0    0    0   1.537     51  0.00
   15   15     0   0   0   0   0  14   0   7   0   7   0  14   0   0  50   0   7   0   0   0     0    0    0   1.468     49  0.00
   16   16     0   0   0   0   0   0  14   0   0  21   0   0   0   0   0   7   0   0   0  57     0    0    0   1.116     37  0.00
   17   17    21   0  79   0   0   0   0   0   0   0   0   0   0   0   0   0   0   0   0   0     0    0    0   0.520     17  0.00
   18   18     0   0   0   0   0   0   0   0  21   0   0   0   0   0  21   7  29   7   7   7     0    0    0   1.772     59  0.00
   19   19     0   0   0   0   0   0   0   0   0   0   0   0   0   0   0   7   0  14   0  79     0    0    0   0.656     21  0.00
   20   20     0   0   0   0   0   0   0   0   0   0   0 100   0   0   0   0   0   0   0   0     0    0    0   0.000      0  0.00
   21   21     0  79   0  14   0   0   0   0   7   0   0   0   0   0   0   0   0   0   0   0     0    0    0   0.656     21  0.00
   22   22     0   0   0   0   0   0   7   0  21   0   7   0   0   7   0  21   0  29   7   0     0    0    0   1.772     59  0.00
   23   23     0  14   0  86   0   0   0   0   0   0   0   0   0   0   0   0   0   0   0   0     0    0    0   0.410     13  0.00
   24   24     0  93   0   7   0   0   0   0   0   0   0   0   0   0   0   0   0   0   0   0     0    0    0   0.245      8  0.00
   25   25     0   0   0   0   0   0   0   0   0   0   0   0   0   0  80   0   0   0  20   0     0    0    0   0.500     16  0.00
   26   26     0  80  20   0   0   0   0   0   0   0   0   0   0   0   0   0   0   0   0   0     0    0    0   0.500     16  0.00
   27   27     0   0   0   0   0   0   0   0   0   0   0   0   0  60  13   7   0   0  20   0     0    0    0   1.078     35  0.00
   28   28     0   0   0   0   0   0   7   0   0   0   7   0   0  13  53  13   0   0   7   0     0    0    0   1.414     47  0.00
   29   29    53   0  20   0   0   0   0   0   7   0   0   0   0   0  13   0   0   0   7   0     0    0    0   1.287     42  0.00
   30   30     0   0   0   0  13   0  13   0   0   0   0   0   0   0   0   0   0   0  73   0     0    0    0   0.765     25  0.00
   31   31     0   0   0   0   0   0   0   0   0   0   0   7   0  80   0   0   0   0  13   0     0    0    0   0.628     20  0.00
   32   32     0  13   0   0   0   0   0   0  20   0   0   7  60   0   0   0   0   0   0   0     0    0    0   1.078     35  0.00
   33   33    60   0   0  13   0   0   0   0   7   0   7  13   0   0   0   0   0   0   0   0     0    0    0   1.205     40  0.00
   34   34    20  40  40   0   0   0   0   0   0   0   0   0   0   0   0   0   0   0   0   0     0    0    0   1.055     35  0.00
   35   35    47  13  20   0   0   0  20   0   0   0   0   0   0   0   0   0   0   0   0   0     0    0    0   1.268     42  0.00
   36   36     0   0   0   0   0   0   0   0   0  53   0   0   0   7   0   0   7   7   7  20     0    0    0   1.379     46  0.00
   37   37     0   0   0   0   0   0   0   0   0   0   0   0   0   0   0  13   0  47   0  40     0    0    0   0.991     33  0.00
   38   38     0   0   0   0   0   0   0   0   0   0   7  67   0   0   0   0   0   0  13  13     0    0    0   0.988     32  0.00
   39   39     0   0   0   0   0   0   0   0   7  40  13   0   0   0   0   0   0  13   0  27     0    0    0   1.437     47  0.00
   40   40    13   0   0   0   0   0   0   7  13   0  40  13   0   7   0   0   7   0   0   0     0    0    0   1.714     57  0.00
   41   41     7   7  13   0   7   0  60   0   0   0   0   7   0   0   0   0   0   0   0   0     0    0    0   1.297     43  0.00
   42   42     0  33   0   0   0   0   0   0   0   0   7   7   0   0  27  20   7   0   0   0     0    0    0   1.582     52  0.00
   43   43     0   0   0   0   0   0   0  93   0   0   0   0   0   0   0   0   0   0   0   7     0    0    0   0.245      8  0.00
   44   44     0   0   0 100   0   0   0   0   0   0   0   0   0   0   0   0   0   0   0   0     0    0    0   0.000      0  0.00
   45   45    20  73   7   0   0   0   0   0   0   0   0   0   0   0   0   0   0   0   0   0     0    0    0   0.730     24  0.00
   46   46     0   0   0   0   0   0   0   0  20   0   0   0   0   0   7   7  53   0  13   0     0    0    0   1.287     42  0.00
   47   47     7   7   0   0   0   0   0   0   0   0   0   7   0   0   0  80   0   0   0   0     0    0    0   0.720     24  0.00
   48   48    73   0   0   0   0   0   0   0  27   0   0   0   0   0   0   0   0   0   0   0     0    0    0   0.580     19  0.00
   49   49     0   0   0   0   0   0   0   0   0   0  13   0   0   0   0  60   0   7  20   0     0    0    0   1.078     35  0.00
   50   50     0   0   0   0   0   0   0   0   7   7   7   0   0   0   0   0   0   0   0  80     0    0    0   0.720     24  0.00
   51   51     0   0   0   0  13   7  80   0   0   0   0   0   0   0   0   0   0   0   0   0     0    0    0   0.628     20  0.00
   52   52    60   0  33   0   0   0   0   0   0   0   0   7   0   0   0   0   0   0   0   0     0    0    0   0.853     28  0.00
   53   53     0   0   0   0   0   0   0   0  27   0   0  73   0   0   0   0   0   0   0   0     0    0    0   0.580     19  0.00
   54   54     0   0   0   0  20  60  20   0   0   0   0   0   0   0   0   0   0   0   0   0     0    0    0   0.950     31  0.00
   55   55     0   0   0   0   0   0   0 100   0   0   0   0   0   0   0   0   0   0   0   0     0    0    0   0.000      0  0.00
   56   56     0   0   0   0   0   0   0   0   0   0   0   0   0   0   0   0   0 100   0   0     0    0    0   0.000      0  0.00
   57   57     7   7  67   0   0   0   0   0   0  20   0   0   0   0   0   0   0   0   0   0     0    0    0   0.953     31  0.00
   58   58     0   0   0   0   0   0   0   0   0   0  20   0   0   0   0   0   0   7  33  40     0    0    0   1.235     41  0.00
   59   59     7   7   0   0   0   0   0   0  27   7   0   0   0   0   0  13  20  13   0   7     0    0    0   1.934     64  0.00
   60   60     0   0   0   0   0   0   0   0   7   0   0   0   0   0   7   0   0  60   0  27     0    0    0   1.020     34  0.00
   61   61    13   0   0   0   0   0   0   7   0   0   0  80   0   0   0   0   0   0   0   0     0    0    0   0.628     20  0.00
   62   62     0 100   0   0   0   0   0   0   0   0   0   0   0   0   0   0   0   0   0   0     0    0    0   0.000      0  0.00
   63   63    13  13   0   0   0   0   0   0  20   0   0  13   0   0   7   7   0  27   0   0     0    0    0   1.841     61  0.00
   64   64     7   7   0   0   0   0   0   0  14   0   7  14   0   0   0  29   0  14   0   7     0    0    0   1.946     64  0.00
   65   65    13  80   0   7   0   0   0   0   0   0   0   0   0   0   0   0   0   0   0   0     0    0    0   0.628     20  0.00
   66   66     0  47  53   0   0   0   0   0   0   0   0   0   0   0   0   0   0   0   0   0     0    0    0   0.691     23  0.00
   67   67     7  27   7   0   0   0   0   0  13   0   0   0   0   0  33   7   0   7   0   0     0    0    0   1.709     57  0.00
   68   68     0   0   0   0   0   0   0   0   0   0  13  13   0   0   7  53   0   0  13   0     0    0    0   1.322     44  0.00
   69   69     0   7   0   0   0   0   0   0   0   0   0   0   0   0  80   7   0   0   7   0     0    0    0   0.720     24  0.00
   70   70     0  13   0   0   0   0   0  53  13   0   0   0   7   0  13   0   0   0   0   0     0    0    0   1.322     44  0.00
   71   71     0  13   0   0   0   0   0   7   0   0   0   0   0   0  40   7   0  33   0   0     0    0    0   1.362     45  0.00
   72   72     0  25  13   0   0   0   0   0   0  38   0  13   0   0  13   0   0   0   0   0     0    0    0   1.494     49  0.00
   73   73     7  53  13   0  13   0   0   0   7   0   7   0   0   0   0   0   0   0   0   0     0    0    0   1.414     47  0.00
   74   74     7   0  20   0   0   0   0   7   7   7   7   7   0   0  13  13   0  13   0   0     0    0    0   2.211     73  0.00
   75   75     0   0   0   0   0   0   0 100   0   0   0   0   0   0   0   0   0   0   0   0     0    0    0   0.000      0  0.00
   76   76     0   0   0   0   0   0   0   0   7   0   0   0   0   0  13   7   0   0  40  33     0    0    0   1.362     45  0.00
   77   77     0   0   0   0   0   0   0   8  15   0   0   0   0   0  23  54   0   0   0   0     0    0    0   1.157     38  0.00
   78   78     0   0   0   0   0   0   0   0   0  29   0   0   0   7   7  36   0   0   0  21     0    0    0   1.433     47  0.00
   79   79    64  29   7   0   0   0   0   0   0   0   0   0   0   0   0   0   0   0   0   0     0    0    0   0.830     27  0.00
   80   80     0   7   0   0   0   0   0   0   0   0   7  53   0   0   0   0   0   0  13  20     0    0    0   1.287     42  0.00
   81   81     0   0   0   0   0   0   0   0   0   7   7   0   0   0   0   0   0  20   0  67     0    0    0   0.953     31  0.00
   82   82     0   0   0   0   0   0   0   0   7   0   7   0   0   0   0   7   0  80   0   0     0    0    0   0.720     24  0.00
   83   83     0   0   7   0   0  27  47   0   0   0   0   0   0   0   0   0   0  20   0   0     0    0    0   1.211     40  0.00
   84   84    67  20  13   0   0   0   0   0   0   0   0   0   0   0   0   0   0   0   0   0     0    0    0   0.861     28  0.00
   85   85     0   7   0   0   0   0   0   0  20   0   0   0   0   0   0  60   0   7   7   0     0    0    0   1.170     39  0.00
   86   86     0   0   0   0   0   0   0   0   0   0   0   0   0   0   0   7   0  80   0  13     0    0    0   0.628     20  0.00
   87   87    13   7   0   0   0   0   0   0   0   0   0   0   0  20   0  47   0   7   7   0     0    0    0   1.488     49  0.00
   88   88     0  47   0   0   0   0   0   0   0   0   0  53   0   0   0   0   0   0   0   0     0    0    0   0.691     23  0.00
   89   89     7   0   0   0   0   0   0  53   7   0   0   0   0   0   0   7   0   7   7  13     0    0    0   1.507     50  0.00
   90   90     7   7   7  27  13   0  33   0   0   0   0   0   0   0   0   0   0   7   0   0     0    0    0   1.709     57  0.00
   91   91     0   9   0   0   0   0   0  18   0   0   9   9   0   0   0   0   0  18   0  36     0    0    0   1.642     54  0.00
   92   92     0   0   0   0   7   0   0   7   0   7  20  27   0   0   0   0   0   0   7  27     0    0    0   1.749     58  0.00
   93   93    27   7  47   0   0   0  13   0   0   0   0   0   0   0   0   0   7   0   0   0     0    0    0   1.338     44  0.00
   94   94     0   0   0   0   0   0   0   7   7   0  20   0   0   0  13   0   0  33   0  20     0    0    0   1.640     54  0.00
   95   95     0   0   0   0   0   0   0  14  14   0   0   0   0   0   0   0   0  50   0  21     0    0    0   1.233     41  0.00
   96   96     0  57   0   7  36   0   0   0   0   0   0   0   0   0   0   0   0   0   0   0     0    0    0   0.876     29  0.00
   97   97     7   0   0   0   0   0   0   0  93   0   0   0   0   0   0   0   0   0   0   0     0    0    0   0.257      8  0.00
   98   98     0   0   0   0  20   0   0   7   7   0   0   0   0   0   0  20  27  20   0   0     0    0    0   1.679     56  0.00
   99   99     7   0   0   0   0   0   0   0  47   0   0   0   0   0   0  40   7   0   0   0     0    0    0   1.083     36  0.00
  100  100    40  47   7   0   0   0   0   0   0   0   0   0   0   0   0   0   0   7   0   0     0    0    0   1.083     36  0.00
  101  101    27  27  27   0   7   0   7   0   0   0   7   0   0   0   0   0   0   0   0   0     0    0    0   1.599     53  0.00
  102  102     0   0   7   0   0   0   0   0  13   0  27   0   0   0   0   0   0  13  27  13     0    0    0   1.691     56  0.00
  103  103     0   0   0   0   0   0   0  73   0   0   0   0   0   0   0   7   0  20   0   0     0    0    0   0.730     24  0.00
  104  104     0   0   0   0   0   0   0   0   0   0   0   0   0   0   0  27   0  67   0   7     0    0    0   0.803     26  0.00
  105  105     7   7  33  20   0   0   0   7   7   0   0  20   0   0   0   0   0   0   0   0     0    0    0   1.732     57  0.00
  106  106     0   0   0   0   0   0   7   0   0   0  27  20   0   0   7  40   0   0   0   0     0    0    0   1.402     46  0.00
  107  107     0  87   0   0   7   0   0   0   0   7   0   0   0   0   0   0   0   0   0   0     0    0    0   0.485     16  0.00
  108  108     0   0   0   0   0   0   0   0   0   0  20   0   0   7  20  40   0  13   0   0     0    0    0   1.459     48  0.00
  109  109     0   0   0   0   0   0   0   0   0   0   0   0   0   0   0   0   0  47   0  53     0    0    0   0.691     23  0.00
  110  110     0   0   7   0   0   0   0   0  13  27   0  13   0   0   0   7  13  13   7   0     0    0    0   1.969     65  0.00
  111  111     0   0   7   0   0   0   7  33   7  13   0   0   0   0   0   0   0   0  20  13     0    0    0   1.767     58  0.00
  112  112    13  53  13   0  13   0   0   0   0   0   0   0   0   0   0   0   0   0   0   7     0    0    0   1.322     44  0.00
  113  113     7   0   0   0   0   0   0   0  13   0  20   0   0   0   0  60   0   0   0   0     0    0    0   1.078     35  0.00
  114  114     0  13   0   0   0   0   0   0   0  87   0   0   0   0   0   0   0   0   0   0     0    0    0   0.393     13  0.00
  115  115    67   0   0   0   7   0   0   0   0  13   0  13   0   0   0   0   0   0   0   0     0    0    0   0.988     32  0.00
  116  116     0  13  33   0  53   0   0   0   0   0   0   0   0   0   0   0   0   0   0   0     0    0    0   0.970     32  0.00
  117  117     0   0   0   0   0   0   0   0   0   0   0   0   0   0 100   0   0   0   0   0     0    0    0   0.000      0  0.00
  118  118     0 100   0   0   0   0   0   0   0   0   0   0   0   0   0   0   0   0   0   0     0    0    0   0.000      0  0.00
  119  119     0   0   0   0   0   0   0   0   0   0   0   0   0  87   0   0   0   0  13   0     0    0    0   0.393     13  0.00
  120  120     0   0   0   0   0   0   0   0   0 100   0   0   0   0   0   0   0   0   0   0     0    0    0   0.000      0  0.00
  121  121     0   0   0   0   0   0   0   0   0 100   0   0   0   0   0   0   0   0   0   0     0    0    0   0.000      0  0.00
  122  122     0   0   0   0   0   0   7   0   0   0   0   0   0   0  80  13   0   0   0   0     0    0    0   0.628     20  0.00
  123  123     0   0   0   0   0   0   0  67   0   0   0   0   0   0   7  27   0   0   0   0     0    0    0   0.803     26  0.00
  124  124     0   0   0   0   0   0   0 100   0   0   0   0   0   0   0   0   0   0   0   0     0    0    0   0.000      0  0.00
  125  125     0   0   7   0  40   0  27   0   0   0   0   0   0  20   0   7   0   0   0   0     0    0    0   1.402     46  0.00
  126  126     0   0   0   0   0   0   0   0   0   0   0   0   0   0  13  33   0  27   0  27     0    0    0   1.340     44  0.00
  127  127     0   0   0   0   0   0   0  73  13   0   7   0   0   0   0   0   0   0   7   0     0    0    0   0.857     28  0.00
  128  128    27   0  53   0   0   0   0   0   0   0  20   0   0   0   0   0   0   0   0   0     0    0    0   1.010     33  0.00
  129  129     0   0   0   0   0   0   0   0   0   0   7   0   0   0   7  87   0   0   0   0     0    0    0   0.485     16  0.00
  130  130     0   0   0   0   0   7   0   0   0   0   0  14   0  14  43  21   0   0   0   0     0    0    0   1.438     47  0.00
  131  131     0   0   0   7   0   0   0   7   7  43  29   0   0   7   0   0   0   0   0   0     0    0    0   1.475     49  0.00
  132  132    14   0   0   0  57   0  21   0   7   0   0   0   0   0   0   0   0   0   0   0     0    0    0   1.116     37  0.00
  133  133     0   0   0   0   0   0   0   0   0   7  21   0   0   0  21  36   7   0   7   0     0    0    0   1.593     53  0.00
  134  134     7   0   7   0   0   0   0   0   7   0   0   0   0   0   7   0   0  43  14  14     0    0    0   1.673     55  0.00
  135  135     0   0   0   0   0   0   0  92   0   0   0   0   0   0   0   8   0   0   0   0     0    0    0   0.271      9  0.00
  136  136     0   0   0   0   0   0   0 100   0   0   0   0   0   0   0   0   0   0   0   0     0    0    0   0.000      0  0.00
  137  137     0   0   0   0   0   0   0   0  36   0  14   0   0   0   0   0  21  21   7   0     0    0    0   1.494     49  0.00
  138  138     0  79   0   0  14   0   0   0   7   0   0   0   0   0   0   0   0   0   0   0     0    0    0   0.656     21  0.00
  139  139     0   0   0   0   0   0   0 100   0   0   0   0   0   0   0   0   0   0   0   0     0    0    0   0.000      0  0.00
  140  140     0   0   0   0   0   0  25   0   0   0   0   0   0   0   0  75   0   0   0   0     0    0    0   0.562     18  0.00
  141  141     0   0   0   0   0   0  69   0   0   0   0   0   0  31   0   0   0   0   0   0     0    0    0   0.617     20  0.00
  142  142     0   0   0   0   0   0   0   8   0   0   0   8   0   0  69   0   0   0   0  15     0    0    0   0.937     31  0.00
  143  143     0   0   0   0   0   0   0  62   8   0   0  23   0   0   0   0   0   8   0   0     0    0    0   1.032     34  0.00
  144  144     0   0   0   0   0   0   0   8   0   0   0   0   0   0   0   8   0  69   0  15     0    0    0   0.937     31  0.00
  145  145     0   0   0   0   0   0   0  17   0   0   0   0   0   0   0  67   0   8   0   8     0    0    0   0.983     32  0.00
  146  146     0   0 100   0   0   0   0   0   0   0   0   0   0   0   0   0   0   0   0   0     0    0    0   0.000      0  0.00
  147  147     0   0   0   0   0   0   0   0   0   0   0   0   0   0   0   0   0   0  77  23     0    0    0   0.540     18  0.00
  148  148     0   0   0   0   0   0   0   0   0   0   0   0   0   8   8   0   0  38   8  38     0    0    0   1.327     44  0.00
  149  149     0 100   0   0   0   0   0   0   0   0   0   0   0   0   0   0   0   0   0   0     0    0    0   0.000      0  0.00
  150  150     0  54  38   8   0   0   0   0   0   0   0   0   0   0   0   0   0   0   0   0     0    0    0   0.898     29  0.00
  151  151     0   0   0   0   0   0   8   0   0   0   0   8   0   0  23   8   0  46   8   0     0    0    0   1.484     49  0.00
  152  152     0   0   0   0   0   0   0   0  15   0   0   0   0   0  54  23   0   0   0   8     0    0    0   1.157     38  0.00
  153  153     0   0   0 100   0   0   0   0   0   0   0   0   0   0   0   0   0   0   0   0     0    0    0   0.000      0  0.00
  154  154     0   0   0   0   0   0   0   0   0   0   0   0   0   0 100   0   0   0   0   0     0    0    0   0.000      0  0.00
//
