ID Pseudo hssp file.
SEQ 
SEQ gi|1176079|sp|P44007|LUXS_HAEIN AUTOINDUCER-2 PRODUCTION PROTEIN...   295  2e-79
SEQ gi|13431623|sp|P57901|LUXS_PASMU AUTOINDUCER-2 PRODUCTION PROTEI...   253  6e-67
SEQ gi|11279868|pir||G81963 conserved hypothetical protein NMA0463 [...   242  2e-63
SEQ gi|11279869|pir||F81020 conserved hypothetical protein NMB1981 [...   242  2e-63
SEQ gi|7387857|sp|Q9Z5X1|LUXS_VIBHA AUTOINDUCER-2 PRODUCTION PROTEIN...   230  1e-59
SEQ gi|11279865|pir||F82309 autoinducer-2 production protein VC0557 ...   229  1e-59
SEQ gi|8133111|gb|AAF73475.1|AF268390_2 (AF268390) LuxS [Salmonella ...   228  2e-59
SEQ gi|2506709|sp|P45578|LUXS_ECOLI AUTOINDUCER-2 PRODUCTION PROTEIN...   226  9e-59
SEQ gi|12517128|gb|AAG57796.1|AE005497_7 (AE005497) orf, hypothetica...   225  3e-58
SEQ gi|13194570|gb|AAK15466.1|AF305637_1 (AF305637) autoinducer-2 sy...   221  3e-57
SEQ gi|11279867|pir||H81325 hypothetical protein Cj1198 [imported] -...   219  2e-56
SEQ gi|7471463|pir||D75280 conserved hypothetical protein - Deinococ...   140  1e-32
SEQ gi|7387856|sp|Q9XDU6|LUXS_CLOPE AUTOINDUCER-2 PRODUCTION PROTEIN...   128  3e-29
SEQ gi|1773215|gb|AAB40286.1| (U83186) ygaG [Escherichia coli]            112  3e-24
SEQ gi|13701928|dbj|BAB43220.1| (AP003136) autoinducer-2 production ...   101  4e-21
SEQ gi|11066891|gb|AAG28749.1|AF295118_1 (AF295118) LuxS [Streptococ...    99  4e-20
SEQ gi|13622713|gb|AAK34410.1| (AE006595) autoinducer-2 production p...    99  4e-20
SEQ gi|7387858|sp|Q9ZMW8|LUXS_HELPJ AUTOINDUCER-2 PRODUCTION PROTEIN...    97  9e-20
SEQ gi|13878580|sp|Q9CIU0|LUXS_LACLA AUTOINDUCER-2 PRODUCTION PROTEI...    97  2e-19
SEQ gi|7387850|sp|O24931|LUXS_HELPY AUTOINDUCER-2 PRODUCTION PROTEIN...    94  9e-19
SEQ gi|7387851|sp|O34667|LUXS_BACSU AUTOINDUCER-2 PRODUCTION PROTEIN...    91  8e-18
SEQ gi|10175976|dbj|BAB07072.1| (AP001518) BH3353~unknown conserved ...    86  3e-16
SEQ gi|14488586|pdb|1J98|A Chain A, The 1.2 Angstrom Structure Of Ba...    84  1e-15
SEQ gi|7449384|pir||H70146 conserved hypothetical protein BB0377 - L...    59  3e-08
SEQ gi|7387852|sp|O50164|LUXS_BORBU AUTOINDUCER-2 PRODUCTION PROTEIN...    59  3e-08
SEQ 
## SEQUENCE PROFILE AND ENTROPY
 SeqNo PDBNo   V   L   I   M   F   W   Y   G   A   P   S   T   C   H   R   K   Q   E   N   D  NOCC NDEL NINS ENTROPY RELENT WEIGHT
    1    1    50  42   8   0   0   0   0   0   0   0   0   0   0   0   0   0   0   0   0   0     0    0    0   0.908     30  0.00
    2    2     0   0   0   0   0   0   0   0   0   0   0   0   0   0   0   0   0   0   0 100     0    0    0   0.000      0  0.00
    3    3     0   0   0   0   0   0   0   0   0   0   0   0   0 100   0   0   0   0   0   0     0    0    0   0.000      0  0.00
    4    4     0   0   0   0   0   0   0   0   0   0   0  92   0   0   0   0   0   0   8   0     0    0    0   0.271      9  0.00
    5    5     0   0  12   0   0   0   0   0   8   0   0   0   0   0  38  42   0   0   0   0     0    0    0   1.178     39  0.00
    6    6    42   8   0  50   0   0   0   0   0   0   0   0   0   0   0   0   0   0   0   0     0    0    0   0.908     30  0.00
    7    7    12   4   0   0   0   0   0   0   0   4   0   0   0  12   0  31   4  12  23   0     0    0    0   1.824     60  0.00
    8    8     0   0   0   0   0   0   0   0 100   0   0   0   0   0   0   0   0   0   0   0     0    0    0   0.000      0  0.00
    9    9     0   0   0   0   0   0   0   0   0 100   0   0   0   0   0   0   0   0   0   0     0    0    0   0.000      0  0.00
   10   10     0   0   0   0   8   0  35   8  50   0   0   0   0   0   0   0   0   0   0   0     0    0    0   1.108     36  0.00
   11   11    88   0  12   0   0   0   0   0   0   0   0   0   0   0   0   0   0   0   0   0     0    0    0   0.358     11  0.00
   12   12     0   0   0   0   0   0   8   0   0   0   0   0   0   0  92   0   0   0   0   0     0    0    0   0.271      9  0.00
   13   13    46  23  15   0   0   0   0   0   0   4   0   0   0   8   0   4   0   0   0   0     0    0    0   1.431     47  0.00
   14   14     0   0  12   0   0   0   0   0  69   0   8   0  12   0   0   0   0   0   0   0     0    0    0   0.950     31  0.00
   15   15     0   0   0   0   0   0   0  27   0   0   8   0   0   0   8  50   0   0   0   8     0    0    0   1.292     43  0.00
   16   16    15   0   4   0   0   0   0   0   0   0   4  54   0   0   8   8   0   8   0   0     0    0    0   1.464     48  0.00
   17   17     0   0   0  54   0   0   0   0   0   0   0   0   0  12   0  15   0  12   0   8     0    0    0   1.317     43  0.00
   18   18     0   8   4   0   8   0   0   0   0   0   0  21   0   0   0  25  13   4  17   0     0    0    0   1.911     63  0.00
   19   19    12   0   0   0   0   0   0  27   0   0   0  62   0   0   0   0   0   0   0   0     0    0    0   0.901     30  0.00
   20   20     8   4   0   0   8   0   0  12   0  69   0   0   0   0   0   0   0   0   0   0     0    0    0   1.024     34  0.00
   21   21     0   0   0   0   0   0   0   0   0   0   0  12   0  15   0  54   0   8  12   0     0    0    0   1.317     43  0.00
   22   22     0   0   0   0   0   0   0  81   0   0   0   0   0   0   0   0   0   0  12   8     0    0    0   0.619     20  0.00
   23   23     8   0   0   0   0   0   0  12   0   0   0   0   0   0   0   0   0   4   0  77     0    0    0   0.774     25  0.00
   24   24    15   8  12   0   0   0   0   0  15   0   0  19   0   0   8   0   4   4  12   4     0    0    0   2.162     72  0.00
   25   25    15   0  77   0   8   0   0   0   0   0   0   0   0   0   0   0   0   0   0   0     0    0    0   0.687     22  0.00
   26   26     8   0   0   0   0   0   0   0   0   0  12  65   0   4   0   0   0   0  12   0     0    0    0   1.099     36  0.00
   27   27    50   0   0   0   0   0   0   0   0   0   0   8   0   0   0  31   0   0  12   0     0    0    0   1.156     38  0.00
   28   28     0   0   8   0  77   0  15   0   0   0   0   0   0   0   0   0   0   0   0   0     0    0    0   0.687     22  0.00
   29   29     0   0   0   0   0   0   0   0   0   0   0   0   0   0   0   0   0   0   0 100     0    0    0   0.000      0  0.00
   30   30    19  58  23   0   0   0   0   0   0   0   0   0   0   0   0   0   0   0   0   0     0    0    0   0.973     32  0.00
   31   31     0   0   0   0   0   0   0   0   0   0   0   0   0   0 100   0   0   0   0   0     0    0    0   0.000      0  0.00
   32   32     0   8   8   0  85   0   0   0   0   0   0   0   0   0   0   0   0   0   0   0     0    0    0   0.536     17  0.00
   33   33    15   4   0   0   4   0   0   0   0   0   0  12  46   0   0  19   0   0   0   0     0    0    0   1.462     48  0.00
   34   34    19   0  19   4   0   0   0   0  15   0   0   0   0   0   0   0  42   0   0   0     0    0    0   1.411     47  0.00
   35   35     0   0   0   0   0   0   0   0   0 100   0   0   0   0   0   0   0   0   0   0     0    0    0   0.000      0  0.00
   36   36     0   0   0   0   0   0   0   0   0   0   0   0   0   0   0   0   0   0 100   0     0    0    0   0.000      0  0.00
   37   37     0   0   8   0   0   0   0   0   4   0   0   0   0   0   4  69  15   0   0   0     0    0    0   0.990     33  0.00
   38   38     0   0   0   0   0   0   0   4   0   0   0   0   0   0   0   0  12  50  12  23     0    0    0   1.309     43  0.00
   39   39    15   4  42   0   0   0   0   0  19   0   8   0   0  12   0   0   0   0   0   0     0    0    0   1.541     51  0.00
   40   40     0  35  23  42   0   0   0   0   0   0   0   0   0   0   0   0   0   0   0   0     0    0    0   1.070     35  0.00
   41   41     0   0   0   0   0   0   0   4   0  23  31   0   0   0   0  12   0  15   0  15     0    0    0   1.651     55  0.00
   42   42     0   0   0  15   0   0   0   4   0  27   0   8   0   0   0   0   0  35   8   4     0    0    0   1.654     55  0.00
   43   43     0   0   0   0   0   0   0   0  23  12   0   0   0   0  15  38   0   0   0  12     0    0    0   1.492     49  0.00
   44   44     4   0   0   0   0   0   0  65  15   0   8   8   0   0   0   0   0   0   0   0     0    0    0   1.086     36  0.00
   45   45     0  23  69   4   0   0   0   0   0   0   0   4   0   0   0   0   0   0   0   0     0    0    0   0.844     28  0.00
   46   46     0   0   0   0   0   0   0   0   0   0   0   0   0 100   0   0   0   0   0   0     0    0    0   0.000      0  0.00
   47   47     0   0   0   0   0   0   0   0   0   0  12  88   0   0   0   0   0   0   0   0     0    0    0   0.358     11  0.00
   48   48     0  81  19   0   0   0   0   0   0   0   0   0   0   0   0   0   0   0   0   0     0    0    0   0.490     16  0.00
   49   49     0   0   0   0   0   0   0   0   0   0   0   0   0   0   0   0   0 100   0   0     0    0    0   0.000      0  0.00
   50   50     0   0   0   0   0   0   0   0   0   0   0   0   0 100   0   0   0   0   0   0     0    0    0   0.000      0  0.00
   51   51     0  85   8   0   4   0   0   0   0   0   4   0   0   0   0   0   0   0   0   0     0    0    0   0.589     19  0.00
   52   52     8  27   0   8  38   0  12   8   0   0   0   0   0   0   0   0   0   0   0   0     0    0    0   1.562     52  0.00
   53   53     0   0   0   0   0   0   0   0 100   0   0   0   0   0   0   0   0   0   0   0     0    0    0   0.000      0  0.00
   54   54     0   4   0   0   8   0   0  58   0   0   4   8   0   0   0   8   0  12   0   0     0    0    0   1.409     47  0.00
   55   55     0  19   8   0  54   0   4   0   0   0   0   8   0   0   0   0   0   0   8   0     0    0    0   1.368     45  0.00
   56   56     0   8  35  58   0   0   0   0   0   0   0   0   0   0   0   0   0   0   0   0     0    0    0   0.882     29  0.00
   57   57     0   0   0   0   0   0   0   0   0   0   0   0   0   0 100   0   0   0   0   0     0    0    0   0.000      0  0.00
   58   58     0   0   0   0   0   0   0   0   0   0   8   0   0   0   0   8   8   4  38  35     0    0    0   1.452     48  0.00
   59   59     0   0   0   0   4   0   0   0   0   0   0   0   0  73  12   4   0   0   8   0     0    0    0   0.926     30  0.00
   60   60     0  65  13   0   0   0   0   0  22   0   0   0   0   0   0   0   0   0   0   0     0    0    0   0.876     29  0.00
   61   61     0   0   0   0   0   0   0   0   0   0   4   0   0   0   0   0   0  24  56  16     0    0    0   1.089     36  0.00
   62   62     9   0   0   0   0   0   0  73   5   0   5   0   0   0   0   9   0   0   0   0     0    0    0   0.949     31  0.00
   63   63     0   0   0   0   0  11   0   0   6   0   6   6   0   0   0   0   0   0  39  33     0    0    0   1.459     48  0.00
   64   64     0   0   0   0   0   0   0  32   0   0  32  11   0  16   0   0   5   5   0   0     0    0    0   1.566     52  0.00
   65   65    58   0  11   0  16   0   0   0   0   0   0   0   0   0   0   0   0  11   0   5     0    0    0   1.237     41  0.00
   66   66     0   0   0   0   0   0   9   0   0   0   0   0   0   0   0  14   0  59   0  18     0    0    0   1.111     37  0.00
   67   67    23   0  65  12   0   0   0   0   0   0   0   0   0   0   0   0   0   0   0   0     0    0    0   0.865     28  0.00
   68   68    23   0  77   0   0   0   0   0   0   0   0   0   0   0   0   0   0   0   0   0     0    0    0   0.540     18  0.00
   69   69     0   0   0   0   0   0   8   0   0   0   0   0   0   0   0   0   0   0   0  92     0    0    0   0.279      9  0.00
   70   70     4   8  60   0  12   8   0   0   0   0   0   0   8   0   0   0   0   0   0   0     0    0    0   1.296     43  0.00
   71   71     0   0   0   0   0   0   0   8   0   0  92   0   0   0   0   0   0   0   0   0     0    0    0   0.279      9  0.00
   72   72     0   0   0   0   0   0   0   0   0 100   0   0   0   0   0   0   0   0   0   0     0    0    0   0.000      0  0.00
   73   73     0   0   0  88  12   0   0   0   0   0   0   0   0   0   0   0   0   0   0   0     0    0    0   0.367     12  0.00
   74   74     0   0   0   0   0   0   0 100   0   0   0   0   0   0   0   0   0   0   0   0     0    0    0   0.000      0  0.00
   75   75     0   0   0   0   0   0   0   0   0   0   0   0 100   0   0   0   0   0   0   0     0    0    0   0.000      0  0.00
   76   76     0   0   0   0   0   0   0   0   0   0   0   0   0   0  68   4  28   0   0   0     0    0    0   0.747     24  0.00
   77   77     0   0   0   0   0   0   0   0   0   0   0 100   0   0   0   0   0   0   0   0     0    0    0   0.000      0  0.00
   78   78     0   0   0   0   0   0   0 100   0   0   0   0   0   0   0   0   0   0   0   0     0    0    0   0.000      0  0.00
   79   79     0   0   0   4  88   0   8   0   0   0   0   0   0   0   0   0   0   0   0   0     0    0    0   0.443     14  0.00
   80   80     0   0   0   0   0   0  88   0   0   0   0   0   0  12   0   0   0   0   0   0     0    0    0   0.367     12  0.00
   81   81     4  40   0  56   0   0   0   0   0   0   0   0   0   0   0   0   0   0   0   0     0    0    0   0.820     27  0.00
   82   82     8   0  24   0   0   0   0   0   4   0  52  12   0   0   0   0   0   0   0   0     0    0    0   1.268     42  0.00
   83   83    20  48   8  16   4   0   0   0   0   0   4   0   0   0   0   0   0   0   0   0     0    0    0   1.427     47  0.00
   84   84     0   8  56   0  12  12   0   0   0   0  12   0   0   0   0   0   0   0   0   0     0    0    0   1.290     43  0.00
   85   85     0   0   0   0   0   0   0  88   0   0   0   0   0   0   0   0   0   0  12   0     0    0    0   0.367     12  0.00
   86   86     0   0   0   0   0   0   0   0   8   0   0  40   0  12   0  12   0  16   0  12     0    0    0   1.625     54  0.00
   87   87     0   0   4   0   0   0   8   0   0  60   0   4   0  12   0   0   0   0   0  12     0    0    0   1.275     42  0.00
   88   88     0   0   0   0   0   0   0   0   0   0  28  16   0   0   0   0   0   8  24  24     0    0    0   1.537     51  0.00
   89   89     8   0   0   0   0   0  12   0   0   0  28   0   0   0   0   0   0  52   0   0     0    0    0   1.153     38  0.00
   90   90     0   0   0   0   0   0   0   0   8   0   0  16   0   0   0  16  48   8   0   4     0    0    0   1.472     49  0.00
   91   91     0   0   0   0   0   0   0   4   0   0   4   0   0   0  12   8  20  24   0  28     0    0    0   1.735     57  0.00
   92   92    52   8  40   0   0   0   0   0   0   0   0   0   0   0   0   0   0   0   0   0     0    0    0   0.909     30  0.00
   93   93    16  12   8   4   0   0   0   0  52   0   8   0   0   0   0   0   0   0   0   0     0    0    0   1.421     47  0.00
   94   94     0   0   0   0   0   0   0   0   0   0   4   0   0   0   0  20   4  20   4  48     0    0    0   1.382     46  0.00
   95   95    28   8   4   0   0   0   0   0  52   0   8   0   0   0   0   0   0   0   0   0     0    0    0   1.229     41  0.00
   96   96     4  24  12   0   4  56   0   0   0   0   0   0   0   0   0   0   0   0   0   0     0    0    0   1.179     39  0.00
   97   97     0  32   4   0   0   0   0   0   0   0   0   4   0   0   0  24   0  36   0   0     0    0    0   1.332     44  0.00
   98   98     0   0   0   0   8   0   4   0  56   0  12   0   0   0   0   8   4   0   0   8     0    0    0   1.443     48  0.00
   99   99     0   0   0   0   0   0   0   0  28   0  48  24   0   0   0   0   0   0   0   0     0    0    0   1.051     35  0.00
  100  100     0  24   0  68   0   0   0   0   0   0   0   0   0   0   0   0   0   8   0   0     0    0    0   0.807     26  0.00
  101  101     0   0   8   0   0   0   0   0   4   0   4   0   0   0   4  20  28  28   4   0     0    0    0   1.752     58  0.00
  102  102     0   0   0   0   0   0   4   0   0   0   0   0   0   0   0   4   0  22   0  70     0    0    0   0.857     28  0.00
  103  103    70   4   9   0   0   0   0   0   9   0   4   4   0   0   0   0   0   0   0   0     0    0    0   1.086     36  0.00
  104  104     9  74   0   0   0   0   0   0  17   0   0   0   0   0   0   0   0   0   0   0     0    0    0   0.740     24  0.00
  105  105     0   5   0   0   0   0   0  14   0   0  10  10   0   0   0  38   0  14  10   0     0    0    0   1.740     58  0.00
  106  106    64   5   9   0   0   0   0   9   9   0   0   0   0   0   0   0   0   0   0   5     0    0    0   1.223     40  0.00
  107  107     0   0   9   0   0   0   0   0   0   0   4  13   0   4   0  17  22  22   9   0     0    0    0   1.931     64  0.00
  108  108     0   0   0   0   8   0   0   4   0   0   8   8   0   0   0   0   0  24   8  40     0    0    0   1.646     54  0.00
  109  109     0   0   0   0   0  15   0   0   5   0  10   0   0   0   0   0  70   0   0   0     0    0    0   0.914     30  0.00
  110  110     0   0   0   0   0   0   0   0  16   0  16   5   0   0   0   0   0  32  26   5     0    0    0   1.608     53  0.00
  111  111     0   0   0   0   0   0   0   0   0  15  10   0   0   0   0  25  25  10   5  10     0    0    0   1.818     60  0.00
  112  112    28   0  72   0   0   0   0   0   0   0   0   0   0   0   0   0   0   0   0   0     0    0    0   0.593     19  0.00
  113  113     0   0   0   0   0   0   0   0   0 100   0   0   0   0   0   0   0   0   0   0     0    0    0   0.000      0  0.00
  114  114     0   0   0   0   0   0   0  24  28   0   0   0   0   0   0   0   0  48   0   0     0    0    0   1.051     35  0.00
  115  115     8  48   0   0   0   0   0   0  24   0   8   8   4   0   0   0   0   0   0   0     0    0    0   1.430     47  0.00
  116  116     0   0   0   0   0   0   0   0   4   0  12   8   0   0   0   0   0   0  76   0     0    0    0   0.794     26  0.00
  117  117    12   8  12   0   0   0   0   0   4   0   0   0   0   0   0   0   0  56   0   8     0    0    0   1.366     45  0.00
  118  118     4   8   0   0   4   0  44   0   0   0   0   0   0   0   0  32   0   8   0   0     0    0    0   1.387     46  0.00
  119  119     0   0   0   0   0   0   0   0   0   0   8   0   0   0   0   0  76  16   0   0     0    0    0   0.704     23  0.00
  120  120     0   0   0   0   0   0   0   0   0   0   0   0 100   0   0   0   0   0   0   0     0    0    0   0.000      0  0.00
  121  121     0   0   0   0   0   0   0 100   0   0   0   0   0   0   0   0   0   0   0   0     0    0    0   0.000      0  0.00
  122  122     0   0   0   0   0  12   0   0   0   0  12  40   0   0   0   0  12   0  24   0     0    0    0   1.472     49  0.00
  123  123     0   0   0   0   0   0  56   0  40   0   0   0   4   0   0   0   0   0   0   0     0    0    0   0.820     27  0.00
  124  124     0   0   0   0   0   0   0   0  28   0   0  12   0   0   8  32  20   0   0   0     0    0    0   1.499     50  0.00
  125  125     0  16   0  36   0   0   0   0   0   0   4   0   0   0   0   0   0  20  12  12     0    0    0   1.621     54  0.00
  126  126     0   0   0   0   0   0   0   0   0   0   0   0   0 100   0   0   0   0   0   0     0    0    0   0.000      0  0.00
  127  127     0   0   0   0   0   0   0   0   0   0  68   8   0   0   0   0   0   0   8  16     0    0    0   0.960     32  0.00
  128  128     0 100   0   0   0   0   0   0   0   0   0   0   0   0   0   0   0   0   0   0     0    0    0   0.000      0  0.00
  129  129     0   0   0   0  12   0   0   0  16   0   4   0   0   0   0   0   8  36   0  24     0    0    0   1.589     53  0.00
  130  130     0   4   0   8   0   0   0  28  12   0   0   0   0   0   0   0   0  40   0   8     0    0    0   1.510     50  0.00
  131  131     0   0   0   0   0   0   0   0 100   0   0   0   0   0   0   0   0   0   0   0     0    0    0   0.000      0  0.00
  132  132     0   0   0   0   0   0   0   0   0   0   0   0   0   9   4  57  30   0   0   0     0    0    0   1.033     34  0.00
  133  133     0   0   0   0   0   0   0   0   4   0   4   4   0   0   9   4  30  22   4  17     0    0    0   1.892     63  0.00
  134  134     0  22  57   0   0  13   0   0   0   0   0   0   0   9   0   0   0   0   0   0     0    0    0   1.132     37  0.00
  135  135     0   0   0   9   0   0   0   0  86   0   5   0   0   0   0   0   0   0   0   0     0    0    0   0.485     16  0.00
  136  136     0   0   0   0   0   0   0   0   0   0   0   0   0   5  36  27  32   0   0   0     0    0    0   1.227     40  0.00
  137  137     0  12   0   0   0   0   0   0   0   0  12   0   0   6   0  12   6   0  47   6     0    0    0   1.610     53  0.00
  138  138    53   0  47   0   0   0   0   0   0   0   0   0   0   0   0   0   0   0   0   0     0    0    0   0.691     23  0.00
  139  139     0  71  29   0   0   0   0   0   0   0   0   0   0   0   0   0   0   0   0   0     0    0    0   0.606     20  0.00
  140  140     0   0   0   0   0   0   0   0  35   0   6   0   0   0   0   0   0  35   6  18     0    0    0   1.375     45  0.00
  141  141     6   6   0   0   0   0   0   0  12   0   0   0   0   0  47   0  18   6   6   0     0    0    0   1.579     52  0.00
  142  142     0   0   0   0   0   0   0  71   0   0   0   0   0   0   0  12   0   0   0  18     0    0    0   0.804     26  0.00
  143  143    41   6  53   0   0   0   0   0   0   0   0   0   0   0   0   0   0   0   0   0     0    0    0   0.869     28  0.00
  144  144     0   0   0   0   0   0   0  14  21   0  36   0   0   0  21   7   0   0   0   0     0    0    0   1.494     49  0.00
  145  145    71   0  21   0   0   0   0   0   0   0   0   7   0   0   0   0   0   0   0   0     0    0    0   0.759     25  0.00
  146  146     0   0   7   0   0   0   0   0   0   0   0   0   0   0   0   0   7   0  79   7     0    0    0   0.755     25  0.00
  147  147     0   0   0   0   0   0   0   0   0   0  23   0   0   0   8  54   0   8   8   0     0    0    0   1.264     42  0.00
  148  148     0   0   0   0   0   0   0   0   0   0   0   0   0   0   0   0   0   0 100   0     0    0    0   0.000      0  0.00
//
