ID Pseudo hssp file.
SEQ 
SEQ gi|119394|sp|P02933|ENVZ_ECOLI OSMOLARITY SENSOR PROTEIN ENVZ >g...   130  2e-30
SEQ gi|12518031|gb|AAG58505.1|AE005562_8 (AE005562) protein histidin...   130  2e-30
SEQ gi|14043706|gb|AAH07818.1|AAH07818 (BC007818) Unknown (protein f...   130  2e-30
SEQ gi|119395|sp|P08982|ENVZ_SALTY OSMOLARITY SENSOR PROTEIN ENVZ >g...   127  1e-29
SEQ gi|541207|pir||S41888 envZ protein - Salmonella typhi                 127  1e-29
SEQ gi|1352371|sp|P41406|ENVZ_SALTI OSMOLARITY SENSOR PROTEIN ENVZ >...   127  1e-29
SEQ gi|3402275|emb|CAA70147.1| (Y08950) EnvZ protein [Yersinia enter...   123  4e-28
SEQ gi|6980672|pdb|1JOY|A Chain A, Solution Structure Of The Homodim...   120  3e-27
SEQ gi|4433394|gb|AAD20724.1| (AF051157) sensor outer membrane prote...    98  1e-20
SEQ gi|11355745|pir||B82042 osmolarity sensor protein EnvZ VC2713 [i...    98  1e-20
SEQ gi|7521585|pir||S70204 protein-histidine kinase osmosensor envZ ...    94  2e-19
SEQ gi|11352754|pir||F82997 two-component sensor EnvZ PA5199 [import...    68  1e-11
SEQ gi|2623214|gb|AAB86489.1| (AF030416) histidine kinase sensor pro...    60  4e-09
SEQ gi|2623212|gb|AAB86488.1| (AF030415) histidine kinase sensor pro...    59  6e-09
SEQ gi|3288065|emb|CAB09800.1| (Z97065) RisS protein [Bordetella bro...    51  1e-06
SEQ gi|3288072|emb|CAA12133.1| (AJ224802) RisS protein [Bordetella a...    51  1e-06
SEQ gi|2623216|gb|AAB86490.1| (AF030417) histidine kinase sensor pro...    50  4e-06
SEQ gi|13471381|ref|NP_102947.1| probable two-component sensor [Meso...    49  7e-06
SEQ gi|1710788|sp|P18392|RSTB_ECOLI SENSOR PROTEIN RSTB >gi|7442954|...    49  7e-06
SEQ gi|12515590|gb|AAG56596.1|AE005384_6 (AE005384) sensor histidine...    49  7e-06
SEQ gi|13361782|dbj|BAB35738.1| (AP002558) sensor histidine protein ...    49  7e-06
SEQ gi|4511975|gb|AAD21535.1| (AF088896) chemotaxis protein [Zymomon...    48  2e-05
SEQ gi|13424556|gb|AAK24894.1| (AE005957) sensor histidine kinase [C...    44  3e-04
SEQ gi|2293122|gb|AAB68652.1| (U89961) B42 transcription activation ...    44  4e-04
SEQ gi|7467898|pir||A71701 osmolarity sensor protein envz (envZ) RP4...    43  4e-04
SEQ gi|2623218|gb|AAB86491.1| (AF030418) histidine kinase sensor pro...    42  8e-04
SEQ 
## SEQUENCE PROFILE AND ENTROPY
 SeqNo PDBNo   V   L   I   M   F   W   Y   G   A   P   S   T   C   H   R   K   Q   E   N   D  NOCC NDEL NINS ENTROPY RELENT WEIGHT
    1    1     0   0   0 100   0   0   0   0   0   0   0   0   0   0   0   0   0   0   0   0     0    0    0   0.000      0  0.00
    2    2     0   0   0   0   0   0   0   0  69   0  15   0   0   0   4   8   4   0   0   0     0    0    0   0.990     33  0.00
    3    3     0   4   0   4   0   0   0   0  46   0   4   8   0   0   0  15   0   8   0  12     0    0    0   1.665     55  0.00
    4    4     0   0   0   0   0   0   0  58   0   0   0   0   0   0  19   0   0   0  12  12     0    0    0   1.133     37  0.00
    5    5    46  12  42   0   0   0   0   0   0   0   0   0   0   0   0   0   0   0   0   0     0    0    0   0.970     32  0.00
    6    6     0   0   0   0   0   0   0   0   0   0   0   0   0   0  15  50  12  12  12   0     0    0    0   1.382     46  0.00
    7    7     0  12   0   0   0   0   0   0  19   0   4   4   0   4   4   4  50   0   0   0     0    0    0   1.539     51  0.00
    8    8     0  69   0   8   0   0   0   4   8   0   0   0   0   4   0   0   8   0   0   0     0    0    0   1.097     36  0.00
    9    9     0   4  23   0   0   0   0   4  46   0   0   0   0   0   0   0   0  19   0   4     0    0    0   1.388     46  0.00
   10   10     0   0   0   0   0   0   0   0  19   0   0   0   0   0   8   0   0  15  12  46     0    0    0   1.408     47  0.00
   11   11     0   0   0   0   0   0   0   4   0   0  12   0   0   0   0   4   4   8   4  65     0    0    0   1.226     40  0.00
   12   12     0   0   0   0   0   0   0   0   0   0   0   0   0   0  85  12   4   0   0   0     0    0    0   0.516     17  0.00
   13   13     0   0   0   0   0   0   0   0  12   0   0  65   0   0   0  12   0  12   0   0     0    0    0   1.025     34  0.00
   14   14     4  69   0   0   0   0   0   0   4   0   0   0   0   0   4   0  12   4   4   0     0    0    0   1.130     37  0.00
   15   15     4  73   0  23   0   0   0   0   0   0   0   0   0   0   0   0   0   0   0   0     0    0    0   0.693     23  0.00
   16   16     0  27  12  62   0   0   0   0   0   0   0   0   0   0   0   0   0   0   0   0     0    0    0   0.901     30  0.00
   17   17     0   0   0   0   0   0   0   0  85   0   0   0   0   0   4   0   0   0   0  12     0    0    0   0.516     17  0.00
   18   18     0   0   0   4   0   0   0  85   4   0   8   0   0   0   0   0   0   0   0   0     0    0    0   0.589     19  0.00
   19   19    69   0  31   0   0   0   0   0   0   0   0   0   0   0   0   0   0   0   0   0     0    0    0   0.617     20  0.00
   20   20     0   0   0   0   0   0   0   0  12   0  88   0   0   0   0   0   0   0   0   0     0    0    0   0.358     11  0.00
   21   21     0   0   0   0   0   0   0   0   0   0   0   0   0 100   0   0   0   0   0   0     0    0    0   0.000      0  0.00
   22   22     0   0   0   0   0   0   0   0   0   0   0   0   0   0   0   0   0  12   0  88     0    0    0   0.358     11  0.00
   23   23     0  92   8   0   0   0   0   0   0   0   0   0   0   0   0   0   0   0   0   0     0    0    0   0.271      9  0.00
   24   24     0   0   0   0   0   0   0   0   0   0   0   0   0   0 100   0   0   0   0   0     0    0    0   0.000      0  0.00
   25   25     0   0   0   0   0   0   0   0   0   0   0 100   0   0   0   0   0   0   0   0     0    0    0   0.000      0  0.00
   26   26     0   0   0   0   0   0   0   0   0 100   0   0   0   0   0   0   0   0   0   0     0    0    0   0.000      0  0.00
   27   27     0 100   0   0   0   0   0   0   0   0   0   0   0   0   0   0   0   0   0   0     0    0    0   0.000      0  0.00
   28   28    13   0   0   0   0   0   0   0  13   0   0  75   0   0   0   0   0   0   0   0     0    0    0   0.736     24  0.00
   29   29     0   0   0   0   0   0   0   0   0   0   0   0   0   0 100   0   0   0   0   0     0    0    0   0.000      0  0.00
   30   30     0  29  58  13   0   0   0   0   0   0   0   0   0   0   0   0   0   0   0   0     0    0    0   0.934     31  0.00
   31   31     0   0   0   0   0   0   0   0   0   0   0   0   0   0  87   9   4   0   0   0     0    0    0   0.470     15  0.00
   32   32     0  86   0   0   0   0  14   0   0   0   0   0   0   0   0   0   0   0   0   0     0    0    0   0.398     13  0.00
   33   33     0   0   0   0   0   0   0   0  57   0   5   0   0   0  24   0   5  10   0   0     0    0    0   1.175     39  0.00
   34   34     0  24  10   0   0   0   0   0  10   0   0  57   0   0   0   0   0   0   0   0     0    0    0   1.109     37  0.00
   35   35     0   0   0   0   0   0   0   0   0   0   5   0   0   0   0   0   0  95   0   0     0    0    0   0.185      6  0.00
   36   36     0   9   0  82   5   0   0   0   0   0   0   0   0   0   5   0   0   0   0   0     0    0    0   0.663     22  0.00
   37   37     0   5   9  59   0   0   0   0   5   0  23   0   0   0   0   0   0   0   0   0     0    0    0   1.147     38  0.00
   38   38     0   0   0   5   0   0   0  23   0   5  36   0   0   0   0   0   5   9   0  18     0    0    0   1.654     55  0.00
   39   39    10   0   0   0   0   0   0   5   5  10   0   0   0   0   0   0   0  57  14   0     0    0    0   1.336     44  0.00
   40   40     0  14   0   0   0   0   0   0   5   0  19   0   0   0   0   5  24  29   0   5     0    0    0   1.728     57  0.00
   41   41     0   0   0   0   0   0   0   0   0   5  14   0   0   0   0   0   0  18   0  64     0    0    0   1.010     33  0.00
   42   42     0   0   0   0   0   0   0  48  19   0  10   0   5   0   5   0   0   0   5  10     0    0    0   1.552     51  0.00
   43   43     0   0   0   0   6   0  61   0  17   6   0   0   0   0   0   0   0  11   0   0     0    0    0   1.165     38  0.00
   44   44     5  57   5   5   0   0   0   0  10   0   0   0   0   0   5   0   0  14   0   0     0    0    0   1.402     46  0.00
   45   45     5   0   5   5   0   0   0   0  50   0  18   0   0   0  18   0   0   0   0   0     0    0    0   1.388     46  0.00
   46   46     0   0   0   0   0   0   0   0   0   0   0   5   0   0   0   5  23  64   0   5     0    0    0   1.046     34  0.00
   47   47     0   0   0   0   0   0   0   5  36   0  55   0   0   0   0   0   0   0   0   5     0    0    0   0.979     32  0.00
   48   48     4  17  70   9   0   0   0   0   0   0   0   0   0   0   0   0   0   0   0   0     0    0    0   0.905     30  0.00
   49   49     0   4  13   0   0   0   0   0   0   0   0   0   0   4   0   9   0   4  57   9     0    0    0   1.422     47  0.00
   50   50     0   0   0   0   0   0   0   4   4   0  13   0   0   0  22  43   4   9   0   0     0    0    0   1.581     52  0.00
   51   51     0   0   0   0   0   0   0   0   0   0   0   0   0   0   0   0   0   0   0 100     0    0    0   0.000      0  0.00
   52   52     4  17  70   0   0   0   0   0   0   0   0   9   0   0   0   0   0   0   0   0     0    0    0   0.905     30  0.00
   53   53     0   4   0   0   0   0   0   9   4   0  13   0   0   0   4   0   4  61   0   0     0    0    0   1.326     44  0.00
   54   54     0   0   0   0   0   0   0   0   0   0   0   4   0   4   0   0  22  65   0   4     0    0    0   1.019     34  0.00
   55   55     0  13  13  17   0   0   0   0   0   0   0   0  57   0   0   0   0   0   0   0     0    0    0   1.158     38  0.00
   56   56     0   0   0   0   0   0   0   0   4   0   0   0   0   0   0   0   4  22  57  13     0    0    0   1.193     39  0.00
   57   57     0   0   0   0   0   0   0   0  65   0   0   4   0  13   0   0  13   0   0   4     0    0    0   1.083     36  0.00
   58   58     0  17  61  13   0   0   0   0   0   0   9   0   0   0   0   0   0   0   0   0     0    0    0   1.084     36  0.00
   59   59     0   4  96   0   0   0   0   0   0   0   0   0   0   0   0   0   0   0   0   0     0    0    0   0.179      5  0.00
   60   60     0   0   0   0   0   0   0   9   0   0   9   0   0   0   0   4   0  57   4  17     0    0    0   1.324     44  0.00
   61   61     0   0   0   0   0   0   0   0   0   0   9   0   0   0   0   0  70  22   0   0     0    0    0   0.797     26  0.00
   62   62     4  22   0   0  61   0   9   0   0   0   0   4   0   0   0   0   0   0   0   0     0    0    0   1.119     37  0.00
   63   63     0  35  48  17   0   0   0   0   0   0   0   0   0   0   0   0   0   0   0   0     0    0    0   1.024     34  0.00
   64   64     0   0   0   0   0   0   0   0   9   0   0  17   0   0   0   0   4   9   0  61     0    0    0   1.167     38  0.00
   65   65     0   0   0   0  17   0  83   0   0   0   0   0   0   0   0   0   0   0   0   0     0    0    0   0.462     15  0.00
   66   66     0  61   4   0   0   0   0   0  30   0   0   0   0   0   0   0   4   0   0   0     0    0    0   0.937     31  0.00
   67   67     0   0   0   0   0   0   0   0   0   0   0   0   0   0  87  13   0   0   0   0     0    0    0   0.387     12  0.00
//
