ID Pseudo hssp file.
SEQ 
SEQ gi|4502507|ref|NP_001726.1| complement component 5 [Homo sapiens...   149  4e-36
SEQ gi|179692|gb|AAA51856.1| (M65134) complement component C5 [Homo ...   149  4e-36
SEQ gi|1087076|gb|AAB35171.1| (S79279) anaphylatoxin C5a analog [hum...   121  1e-27
SEQ gi|208518|gb|AAA72273.1| (K03392) C5a complement component [synt...   120  2e-27
SEQ gi|2194053|pdb|1KJS|    Nmr Solution Structure Of C5a At Ph 5.2,...   119  3e-27
SEQ gi|2554771|pdb|1CFA|A Chain A, Solution Structure Of A Semi-Synt...   111  1e-24
SEQ gi|6754164|ref|NP_034536.1| hemolytic complement [Mus musculus] ...   101  1e-21
SEQ gi|116605|sp|P01032|CO5A_PIG COMPLEMENT C5A ANAPHYLATOXIN >gi|62...    92  1e-18
SEQ gi|116604|sp|P12082|CO5A_BOVIN COMPLEMENT C5A ANAPHYLATOXIN >gi|...    91  1e-18
SEQ gi|1450799|prf||1004262A:PDB=1C5A complement C5a,des-Arg [Sus sc...    90  3e-18
SEQ gi|809250|pdb|1C5A|    Des-Arg74-Complement C5a                        90  3e-18
SEQ gi|5932035|gb|AAD56776.1|AF165982_1 (AF165982) IFN-gamma-complem...    88  1e-17
SEQ gi|2118416|pir||A57689 complement C5a - rat (fragment) >gi|91378...    86  5e-17
SEQ gi|1017443|emb|CAA62994.1| (X91892) C5a complement component pro...    83  4e-16
SEQ gi|116606|sp|P08650|CO5A_RAT COMPLEMENT C5A ANAPHYLATOXIN              80  3e-15
SEQ gi|544053|sp|P12387|CO3_CAVPO COMPLEMENT C3 PRECURSOR [CONTAINS:...    51  2e-06
SEQ gi|50242|emb|CAA28936.1| (X05314) C4 complement protein [Mus mus...    45  1e-04
SEQ gi|6753226|ref|NP_033910.1| complement component 4 [Mus musculus...    45  1e-04
SEQ gi|387438|gb|AAA39557.1| (M11789) C4 complement [Mus musculus]         45  1e-04
SEQ gi|2944420|gb|AAC05279.1| (AF049850) complement C4 [Mus musculus]      45  1e-04
SEQ gi|116602|sp|P01028|CO4_HUMAN COMPLEMENT C4 PRECURSOR [CONTAINS:...    44  2e-04
SEQ gi|443671|gb|AAB59537.1| (K02403) complement component C4A [Homo...    44  2e-04
SEQ gi|1314244|gb|AAA99717.1| (U24578) complement C4B precursor [Hom...    44  2e-04
SEQ gi|4502501|ref|NP_000583.1| complement component 4B [Homo sapien...    44  2e-04
SEQ gi|7671645|emb|CAB89302.1| (AL049547) dJ34F7.4 (complement compo...    44  2e-04
SEQ gi|13645583|ref|XP_004199.2| complement component 4B [Homo sapiens]    44  2e-04
SEQ gi|199262|gb|AAA39555.1| (M12970) MHC complement component C4 [M...    43  5e-04
SEQ gi|1363234|pir||S54784 sex-limited protein Slp(w7) - mouse >gi|2...    43  6e-04
SEQ gi|387476|gb|AAA39683.1| (M12384) MHC class III H2 sex-limited p...    43  6e-04
SEQ gi|90402|pir||A29176 sex-limited protein precursor - mouse             42  0.001
SEQ gi|199618|gb|AAA39685.1| (M21576) sex-limited protein [Mus muscu...    42  0.001
SEQ 
## SEQUENCE PROFILE AND ENTROPY
 SeqNo PDBNo   V   L   I   M   F   W   Y   G   A   P   S   T   C   H   R   K   Q   E   N   D  NOCC NDEL NINS ENTROPY RELENT WEIGHT
    1    1     0  46   0  54   0   0   0   0   0   0   0   0   0   0   0   0   0   0   0   0     0    0    0   0.690     23  0.00
    2    2     0  94   0   6   0   0   0   0   0   0   0   0   0   0   0   0   0   0   0   0     0    0    0   0.224      7  0.00
    3    3     0   0   0   0   0   0   0   0   0   0   0   0   0  11   7   4  75   4   0   0     0    0    0   0.882     29  0.00
    4    4     0   0   0   0   0   0   0   0   0   0   0   0   0   0   3  81  16   0   0   0     0    0    0   0.567     18  0.00
    5    5     0   0   0   0   0   0   0   0  47   0   0   0   0   0   3  50   0   0   0   0     0    0    0   0.810     27  0.00
    6    6    25  13  59   3   0   0   0   0   0   0   0   0   0   0   0   0   0   0   0   0     0    0    0   1.024     34  0.00
    7    7     0   0   0   0   0   0   0   0   0   0  28   0   0   0   0   0   0  50  19   3     0    0    0   1.126     37  0.00
    8    8     0   0   0   0   0   0   0   0   0   0   0   0   0   0   0   3   0  97   0   0     0    0    0   0.139      4  0.00
    9    9     0   0  23   0   0   0   0   0   0   0   0   0   0   0   0  48  16  13   0   0     0    0    0   1.246     41  0.00
   10   10     0  47   0   0   0   0   0   0  53   0   0   0   0   0   0   0   0   0   0   0     0    0    0   0.691     23  0.00
   11   11     0   0   0   0   0   0   0  50  50   0   0   0   0   0   0   0   0   0   0   0     0    0    0   0.693     23  0.00
   12   12     0   0   0   0   0   0   0   0   0   0   0   0   0   0   0  53  47   0   0   0     0    0    0   0.691     23  0.00
   13   13     0   0   0   0   0   0 100   0   0   0   0   0   0   0   0   0   0   0   0   0     0    0    0   0.000      0  0.00
   14   14     0   0   0   0   0   0   0   0  19   0  28   0   0   0   3  50   0   0   0   0     0    0    0   1.126     37  0.00
   15   15     0   0   0   0   0   0   9   0   0   0  50   0   0  38   0   0   0   0   3   0     0    0    0   1.045     34  0.00
   16   16     0   0   0   0   0   0   0   0  13  47  28   0   0   0   9   3   0   0   0   0     0    0    0   1.302     43  0.00
   17   17    38   0   0   9   0   3   0   0   0   0   0  19   0   0   0   0   0   3   0  28     0    0    0   1.477     49  0.00
   18   18    25  13   0   0   0   0   0   0  47  16   0   0   0   0   0   0   0   0   0   0     0    0    0   1.252     41  0.00
   19   19     0   0   0   0   0   0   0   0   0   0   0   0   0   0   3  97   0   0   0   0     0    0    0   0.139      4  0.00
   20   20     0   0   0   0   0   0   0   0   0   0   0   0   0   0  50  50   0   0   0   0     0    0    0   0.693     23  0.00
   21   21     0   0   0   0   0   0   0   0   0   0   0   0 100   0   0   0   0   0   0   0     0    0    0   0.000      0  0.00
   22   22     0   0   0   0   0   0   0   0   0   0   0   0 100   0   0   0   0   0   0   0     0    0    0   0.000      0  0.00
   23   23     0   0   0   0   0   0  50   0   0   0   0   0   0   0   0   0  47   3   0   0     0    0    0   0.810     27  0.00
   24   24     0   0   0   0   0   0   0   0   0   0   0   0   0   0   0   0   0   0   0 100     0    0    0   0.000      0  0.00
   25   25     0   0   0   0   0   0   0 100   0   0   0   0   0   0   0   0   0   0   0   0     0    0    0   0.000      0  0.00
   26   26    19   0   0  31   0   0   0   0  50   0   0   0   0   0   0   0   0   0   0   0     0    0    0   1.024     34  0.00
   27   27     0   0   0   0   0   0   9   0   0   0   6  47  16   3  19   0   0   0   0   0     0    0    0   1.463     48  0.00
   28   28    28  47   0   0   0   0   0   0   0   0   0   0   0   0  13   0   0  13   0   0     0    0    0   1.232     41  0.00
   29   29     0   0   0   0   0   0   0   0   0  47   0   0   0   0   0   0   0   0  53   0     0    0    0   0.691     23  0.00
   30   30     0   0   0  47   6   0   0   0   0   3   0   0   0   0   0   9   0   0  22  13     0    0    0   1.451     48  0.00
   31   31     0   0   0  22   0   0  16   0   0   0   0   0   0   0   0  28   0   0   0  34     0    0    0   1.346     44  0.00
   32   32     0   0   0   0   0   0   0   0   0   0   0   0   0   0  47   0   3  50   0   0     0    0    0   0.810     27  0.00
   33   33     0   0   0   0   0   0   0   0   0   0  22  78   0   0   0   0   0   0   0   0     0    0    0   0.525     17  0.00
   34   34     0   0   0   0   0   0   0   0   0   0   0   0 100   0   0   0   0   0   0   0     0    0    0   0.000      0  0.00
   35   35     0   0   0   0   0   0   0   0   0   0   0   0   0   0   0   0   3  97   0   0     0    0    0   0.139      4  0.00
   36   36     0   0   0   0   0   0   0   0   0   0   0   0   0   0   3   0  78  19   0   0     0    0    0   0.615     20  0.00
   37   37     0   0   0   0   0   0   0   0   0   0   0   0   0   0 100   0   0   0   0   0     0    0    0   0.000      0  0.00
   38   38    16   0   0   0   0   0   0   0  84   0   0   0   0   0   0   0   0   0   0   0     0    0    0   0.433     14  0.00
   39   39     0   0   0   0   0   0   0   0  97   0   0   0   0   0   3   0   0   0   0   0     0    0    0   0.139      4  0.00
   40   40     0   0   0   0   0   0   3   0   0   0   0   0   0   0  97   0   0   0   0   0     0    0    0   0.139      4  0.00
   41   41    66   0  34   0   0   0   0   0   0   0   0   0   0   0   0   0   0   0   0   0     0    0    0   0.643     21  0.00
   42   42     0   0   0   0   0   0   0   0   3  28  25  16   0   0   0   9  19   0   0   0     0    0    0   1.637     54  0.00
   43   43     0  47  53   0   0   0   0   0   0   0   0   0   0   0   0   0   0   0   0   0     0    0    0   0.691     23  0.00
   44   44     0   0   0   0   0   0   0  53   0   0   0   0   0   0   0   0  47   0   0   0     0    0    0   0.691     23  0.00
   45   45     0   0   0   0   0   0   0   0   0  69   0   0   0   0   0   0  28   3   0   0     0    0    0   0.723     24  0.00
   46   46     0   6   0   0   0   0   0   0  31   0   0   0   0   9  22   9   0   3   0  19     0    0    0   1.735     57  0.00
   47   47     0   0   0   0   0   0   0   0   0   0   0   0 100   0   0   0   0   0   0   0     0    0    0   0.000      0  0.00
   48   48    13   0  41   0   0   0   0   0   0   0   0   0   0   0  47   0   0   0   0   0     0    0    0   0.981     32  0.00
   49   49     0   0   0   0   0   0   0   0   0   0   0   0   0   0  16  38   0  47   0   0     0    0    0   1.013     33  0.00
   50   50     0   0   0   0   0   0   0   0  53  47   0   0   0   0   0   0   0   0   0   0     0    0    0   0.691     23  0.00
   51   51     0   0   0   0 100   0   0   0   0   0   0   0   0   0   0   0   0   0   0   0     0    0    0   0.000      0  0.00
   52   52     0  50   0   0   0   0   0   0   0   0   0  22   0   0   0  19   0   0   9   0     0    0    0   1.215     40  0.00
   53   53     0   0   0   0   0   0   0   0   0   0  50   0   0   0   0   0   0  38   0  13     0    0    0   0.974     32  0.00
   54   54     0   0   0   0   0   0   0   0   0   0   0   0 100   0   0   0   0   0   0   0     0    0    0   0.000      0  0.00
   55   55     0   0   0   0   0   0   0   0   0   0   0   0 100   0   0   0   0   0   0   0     0    0    0   0.000      0  0.00
   56   56    22   0   0   0   0   0   9   0   3   0   0  19   0   0   0  28  19   0   0   0     0    0    0   1.647     54  0.00
   57   57    22   0  28   0  47   0   3   0   0   0   0   0   0   0   0   0   0   0   0   0     0    0    0   1.153     38  0.00
   58   58     0   0   0   3   0   0   0   0  97   0   0   0   0   0   0   0   0   0   0   0     0    0    0   0.143      4  0.00
   59   59     0   0   0   0   0   0   0   0   3   0  25   0   0   0   0   0   0  47  16   9     0    0    0   1.322     44  0.00
   60   60     0   0   0   0   0   0   0   0   0   3  19   0   0   3   0   9  38   0   0  28     0    0    0   1.477     49  0.00
   61   61     9  72  16   0   3   0   0   0   0   0   0   0   0   0   0   0   0   0   0   0     0    0    0   0.858     28  0.00
   62   62     0   0   0   0   0   0   0   0   0   0   0   0   0   0 100   0   0   0   0   0     0    0    0   0.000      0  0.00
   63   63     0   0   0   0   0   0   0   0  44   0   0   0   0   0  36  20   0   0   0   0     0    0    0   1.051     35  0.00
   64   64     0   0   0   0   0   0   0   0   0   0   0   0   0   0   0   0   0  24  72   4     0    0    0   0.708     23  0.00
   65   65     0   0  28   0   0   0   0   0   0   0  12   0   0   0   0   0  48  12   0   0     0    0    0   1.218     40  0.00
   66   66     0   0   0   0   0   0   0   0   0   8  48  36   0   8   0   0   0   0   0   0     0    0    0   1.124     37  0.00
   67   67     0   0   0   0   0   0   0   0   0   0   0   0   0  64  36   0   0   0   0   0     0    0    0   0.653     21  0.00
   68   68     0   0   0   0   0   0   0   0   0   0  36   0   0   0   0  64   0   0   0   0     0    0    0   0.653     21  0.00
   69   69     0   0   0   0   0   0   0  12   0   8   0   0   0   0   0   0  36   0  16  28     0    0    0   1.474     49  0.00
   70   70     8   0  12  44   0   0   0   0  36   0   0   0   0   0   0   0   0   0   0   0     0    0    0   1.186     39  0.00
   71   71     0  13   0   0   0   0   0   0   0   8   0   0   0  29   0   0  50   0   0   0     0    0    0   1.173     39  0.00
   72   72     0 100   0   0   0   0   0   0   0   0   0   0   0   0   0   0   0   0   0   0     0    0    0   0.000      0  0.00
   73   73     0   0   0   0   0   0   0  63  38   0   0   0   0   0   0   0   0   0   0   0     0    0    0   0.662     22  0.00
   74   74     0   0   0   0   0   0   0   0   0   0   0   0   0   0 100   0   0   0   0   0     0    0    0   0.000      0  0.00
//
