ID Pseudo hssp file.
SEQ 
SEQ gi|127794|sp|P29241|NADA_APLCA ADP-RIBOSYL CYCLASE PRECURSOR (NA...   511  e-144
SEQ gi|2554761|pdb|1LBE|A Chain A, Aplysia Adp Ribosyl Cyclase >gi|2...   511  e-144
SEQ gi|2493427|sp|Q27312|NADA_APLKU ADP-RIBOSYL CYCLASE PRECURSOR (N...   450  e-126
SEQ gi|4757874|ref|NP_004325.1| bone marrow stromal cell antigen 1 p...   144  1e-33
SEQ gi|11437157|ref|XP_003594.1| bone marrow stromal cell antigen 1 ...   144  1e-33
SEQ gi|6753202|ref|NP_033893.1| BP-3 alloantigen [Mus musculus] >gi|...   137  2e-31
SEQ gi|13540658|ref|NP_110475.1| bone marrow stromal cell antigen 1 ...   135  5e-31
SEQ gi|6978629|ref|NP_037259.1| CD38 antigen (ADP-ribosyl cyclase / ...   130  2e-29
SEQ gi|4502665|ref|NP_001766.1| CD38 antigen (p45); CD38 antigen (p4...   124  1e-27
SEQ gi|13646754|ref|XP_003593.2| CD38 antigen (p45) [Homo sapiens] >...   124  1e-27
SEQ gi|6680882|ref|NP_031672.1| CD38 antigen [Mus musculus] >gi|3023...   124  2e-27
SEQ gi|9454217|gb|AAF87715.1| (AF272974) CD38/ADP-ribosyl cyclase [O...   122  6e-27
SEQ gi|11360340|pir||JC7323 cyclic ADP-ribose-generating cyclase CD3...   117  1e-25
SEQ gi|6840918|gb|AAF28834.1|AF117714_1 (AF117714) hematopoietic ant...   114  1e-24
SEQ gi|6650534|gb|AAF21892.1|AF101437_1 (AF101437) ecto-NAD+ glycohy...   105  6e-22
SEQ 
## SEQUENCE PROFILE AND ENTROPY
 SeqNo PDBNo   V   L   I   M   F   W   Y   G   A   P   S   T   C   H   R   K   Q   E   N   D  NOCC NDEL NINS ENTROPY RELENT WEIGHT
    1    1     0   0 100   0   0   0   0   0   0   0   0   0   0   0   0   0   0   0   0   0     0    0    0   0.000      0  0.00
    2    2    75   0   0   0  25   0   0   0   0   0   0   0   0   0   0   0   0   0   0   0     0    0    0   0.562     18  0.00
    3    3     0   0   0   0   0   0   0   0   0 100   0   0   0   0   0   0   0   0   0   0     0    0    0   0.000      0  0.00
    4    4     0   0   0   0   0   0   0   0   0   0   0 100   0   0   0   0   0   0   0   0     0    0    0   0.000      0  0.00
    5    5     0   0   0   0   0   0   0   0  14  21   0   0   0   0  21  29   0   0   0  14     0    0    0   1.574     52  0.00
    6    6     0   0   0   0   0   0   0   0   0   0   0   0   0  50  14   0   0  29   0   7     0    0    0   1.171     39  0.00
    7    7    13  50   0   0  38   0   0   0   0   0   0   0   0   0   0   0   0   0   0   0     0    0    0   0.974     32  0.00
    8    8     0   0   0   0   0   0   6   0   6  13  19   0   0   0  13   0  25  19   0   0     0    0    0   1.841     61  0.00
    9    9     0   0   0   0   0   0   0   0  13   0  13   0   0   0   0   6   0  19  25  25     0    0    0   1.700     56  0.00
   10   10    25   0  63   0   0   0   0   0   0   0   0  13   0   0   0   0   0   0   0   0     0    0    0   0.900     30  0.00
   11   11    25   6  13   0  56   0   0   0   0   0   0   0   0   0   0   0   0   0   0   0     0    0    0   1.103     36  0.00
   12   12     0  94   0   0   0   0   0   0   0   0   0   0   0   0   0   0   6   0   0   0     0    0    0   0.234      7  0.00
   13   13     0   0   0   0   0   0   0  81  13   0   0   0   0   0   0   0   0   6   0   0     0    0    0   0.602     20  0.00
   14   14     0   0   0   0   0   0   0   0   0   0   0   0   0   0 100   0   0   0   0   0     0    0    0   0.000      0  0.00
   15   15     0   0   0   0   0   0   0   0   0   0   0   0 100   0   0   0   0   0   0   0     0    0    0   0.000      0  0.00
   16   16     0  29   0   0   0   0   7   0  29   0   0   0   0   0   0  29   0   0   0   7     0    0    0   1.451     48  0.00
   17   17     0   0  14   0   0   0   0   0   0   0   0  29   0   0   0   0   0  29   0  29     0    0    0   1.352     45  0.00
   18   18     0   0   0   0   0   0 100   0   0   0   0   0   0   0   0   0   0   0   0   0     0    0    0   0.000      0  0.00
   19   19     0   0   0   0   0   0   0   0   0   0   0  22   0   0   0   0  33  44   0   0     0    0    0   1.061     35  0.00
   20   20    11   0  67   0   0   0   0   0   0   0   0  11   0   0   0   0  11   0   0   0     0    0    0   1.003     33  0.00
   21   21    23  15   0   0   0   0   0   0   0   0   0  62   0   0   0   0   0   0   0   0     0    0    0   0.925     30  0.00
   22   22     0   0   0   0   0   0   0   0   0   0   0   7   0   0  79  14   0   0   0   0     0    0    0   0.656     21  0.00
   23   23     0  11   0   0   0   0  67   0  22   0   0   0   0   0   0   0   0   0   0   0     0    0    0   0.849     28  0.00
   24   24     0  78   0   0   0   0   0   0   0   0   0  22   0   0   0   0   0   0   0   0     0    0    0   0.530     17  0.00
   25   25     0  18   0   0   0   0   0   0   0   0   9   9   0   0   0   0   0  18  18  27     0    0    0   1.720     57  0.00
   26   26     0  15  54  15   0   0   0   0   0   0  15   0   0   0   0   0   0   0   0   0     0    0    0   1.197     39  0.00
   27   27     0  38   0   0   0   0   0   0   0  15   0   0   0  31   8   0   0   8   0   0     0    0    0   1.413     47  0.00
   28   28     0   0   0   0   0   0   0   0   0  81   6   0   0   0   0   0   0  13   0   0     0    0    0   0.602     20  0.00
   29   29     0   6   0   0   0   0   0  13   0   0   0   0   0   0  25   0  13  44   0   0     0    0    0   1.401     46  0.00
   30   30    27  13   0  27   0   0   0   7   0   0   7   0   0   0  13   0   7   0   0   0     0    0    0   1.784     59  0.00
   31   31     0   0   0   0   0   0   0   0   0   0   0   0   0   0  69   6   0   0  25   0     0    0    0   0.777     25  0.00
   32   32     0   0   0   0   0   0   0   0   0   0  31   6   0  13   0  25  13   0  13   0     0    0    0   1.663     55  0.00
   33   33     0   0   0   0   0   0   0   0   0   0   0   0   0   0   0   0   0   0  38  63     0    0    0   0.662     22  0.00
   34   34     0   0   0   0   0   0   0   0   0   0   0   0 100   0   0   0   0   0   0   0     0    0    0   0.000      0  0.00
   35   35     0   0   0   0   0   0   0   0   0   0  19  25   0   0   6  19  31   0   0   0     0    0    0   1.511     50  0.00
   36   36     0   0   0   0   0   0   0   0  56   0  13   0   0   0   0  25   0   6   0   0     0    0    0   1.103     36  0.00
   37   37    13  25  63   0   0   0   0   0   0   0   0   0   0   0   0   0   0   0   0   0     0    0    0   0.900     30  0.00
   38   38     0  25   0   0   0  63   0   6   0   0   0   0   0   0   6   0   0   0   0   0     0    0    0   0.987     32  0.00
   39   39     0   0   0   0   0   0   0   0   0   0  14   7   0   0   0  29   7  14  14  14     0    0    0   1.847     61  0.00
   40   40     0   0   0   0   0   0   0   0  38   0   0  25   0   0   0   0   0  13   6  19     0    0    0   1.461     48  0.00
   41   41     0   0   0   0  88   0   0   0  13   0   0   0   0   0   0   0   0   0   0   0     0    0    0   0.377     12  0.00
   42   42     0   0   0   6  38   0   0   0   0   0   0  19   0   0   0  38   0   0   0   0     0    0    0   1.223     40  0.00
   43   43    13   0   0   0   0   0   0  19   0   0  25   0   0   0   6  38   0   0   0   0     0    0    0   1.461     48  0.00
   44   44     6   0   0   0   0   0   0  13  81   0   0   0   0   0   0   0   0   0   0   0     0    0    0   0.602     20  0.00
   45   45    13  13   0   0  75   0   0   0   0   0   0   0   0   0   0   0   0   0   0   0     0    0    0   0.736     24  0.00
   46   46    19  19  25   0   0   0   0   0   0   0  25   0   0   0   0   0   0   0   0  13     0    0    0   1.581     52  0.00
   47   47     0   0   0   0  29   0   0   0   0   0  57   0   0   0   0   0   0   0   0  14     0    0    0   0.956     31  0.00
   48   48     0   0   0   0   0   0   0   0   0   0   0   0   0   0   0 100   0   0   0   0     0    0    0   0.000      0  0.00
   49   49     0   0   0   0   0   0   0   0   6   0   0   0   0  13   0   0   0   0  31  50     0    0    0   1.143     38  0.00
   50   50     0   0   0   0   0   0   0   0   0 100   0   0   0   0   0   0   0   0   0   0     0    0    0   0.000      0  0.00
   51   51     0   0   0   0   0   0   0   0   0   0   0   0 100   0   0   0   0   0   0   0     0    0    0   0.000      0  0.00
   52   52     0   0   0   0   0   0   0   6   0   0  25   0   0   0   0   6   0   0  44  19     0    0    0   1.369     45  0.00
   53   53    25  25  38   0   0   0   0   0   6   0   6   0   0   0   0   0   0   0   0   0     0    0    0   1.408     46  0.00
   54   54     0  25   0   0   0   0   0   0   0   0   0  50   0   0   0   0   0   0   0  25     0    0    0   1.040     34  0.00
   55   55     0  25   0   0   0   0   0   0   0  25   0   0   0   0   6  19   0  19   6   0     0    0    0   1.667     55  0.00
   56   56     0   0   0   0   0   0   0  25   0   0  25   0   0   0   0   0   6  44   0   0     0    0    0   1.228     40  0.00
   57   57     0   0   0   0   0   0   0   0   0   0  25   0   0   0   0   0   0   0   0  75     0    0    0   0.562     18  0.00
   58   58     0   0   0   0   0   0 100   0   0   0   0   0   0   0   0   0   0   0   0   0     0    0    0   0.000      0  0.00
   59   59     0   0   0   0   0   0   0   0  13   0   0   0   0   0   6  25  25   0   6  25     0    0    0   1.646     54  0.00
   60   60     0  25   0   0   0   0   0   0   0  44   6   0   0   0   0   0   0   0   0  25     0    0    0   1.228     40  0.00
   61   61     0  50   0   0  50   0   0   0   0   0   0   0   0   0   0   0   0   0   0   0     0    0    0   0.693     23  0.00
   62   62    13   0  44  19  25   0   0   0   0   0   0   0   0   0   0   0   0   0   0   0     0    0    0   1.282     42  0.00
   63   63     0   0   0   0   0   0   0   0   0   0   0  19   0   0   0  25   6   6  31  13     0    0    0   1.630     54  0.00
   64   64     0  75   0   0   0   0   0   0   0   0  19   0   0   0   6   0   0   0   0   0     0    0    0   0.703     23  0.00
   65   65    25   0   0   0   0   0   0  13  31   0  25   6   0   0   0   0   0   0   0   0     0    0    0   1.490     49  0.00
   66   66     0   0   0   0   0   0   0   0   0   6   0  44   0   0  25   0  25   0   0   0     0    0    0   1.228     40  0.00
   67   67     0   0   0   0   0   0   0   0   0   6   0   0   0  25   0   0  69   0   0   0     0    0    0   0.777     25  0.00
   68   68     0   0   6   0   0   0   0   0   6   6  13  50   0   0   0   0  19   0   0   0     0    0    0   1.440     48  0.00
   69   69    38  25  38   0   0   0   0   0   0   0   0   0   0   0   0   0   0   0   0   0     0    0    0   1.082     36  0.00
   70   70     0   0   0   0   0   0   0   0   0 100   0   0   0   0   0   0   0   0   0   0     0    0    0   0.000      0  0.00
   71   71     0   0   0   0   0   0   0   0   0   0   0   0  50   0  25  25   0   0   0   0     0    0    0   1.040     34  0.00
   72   72     0   0   0   0   0   0   0   6   0   0   0   0   0   0   0   0   0   0  63  31     0    0    0   0.831     27  0.00
   73   73     0   0   0   0   0   0   0   0   0   0   0   0   0   0   0  94   6   0   0   0     0    0    0   0.234      7  0.00
   74   74    25   0  13   0   0   0   0   0   0   0  25  31   0   0   0   0   6   0   0   0     0    0    0   1.490     49  0.00
   75   75    13  63   0  25   0   0   0   0   0   0   0   0   0   0   0   0   0   0   0   0     0    0    0   0.900     30  0.00
   76   76     0  13   0   0  88   0   0   0   0   0   0   0   0   0   0   0   0   0   0   0     0    0    0   0.377     12  0.00
   77   77     0   0   0   0   0 100   0   0   0   0   0   0   0   0   0   0   0   0   0   0     0    0    0   0.000      0  0.00
   78   78     0   0   0   0   0   0   0   0   0   0  75   0   0   0   0   0   0  25   0   0     0    0    0   0.562     18  0.00
   79   79     0   0   0   0   0   0   0  25   0   0   0   0   0   0  25  25   0   0  25   0     0    0    0   1.386     46  0.00
   80   80    25   0  13   0   0   0   0   0   0   0  44   6   0   0   0   0   0   0  13   0     0    0    0   1.401     46  0.00
   81   81     0   0   0   0   0   0  25   0   0   0   6   0   0  25   0  44   0   0   0   0     0    0    0   1.228     40  0.00
   82   82     0  25   0   0   0   0   0   0   0   0   0   0   0  13   0   0   0  25   0  38     0    0    0   1.321     44  0.00
   83   83     0  75   0   0   0   0   0   0   0   0   0   0   0   0   0   0   0  25   0   0     0    0    0   0.562     18  0.00
   84   84    25   0   0   0   0   0   0   0  75   0   0   0   0   0   0   0   0   0   0   0     0    0    0   0.562     18  0.00
   85   85     0   0   0  13   0   0   0   0   0   0   0   0   0  75   0   0   0   0  13   0     0    0    0   0.736     24  0.00
   86   86     0   0   0   0   0   0   0   0   0   0  25   0   0   0   0   0  38   6   0  31     0    0    0   1.251     41  0.00
   87   87     0   0   0   0  31   0  69   0   0   0   0   0   0   0   0   0   0   0   0   0     0    0    0   0.621     20  0.00
   88   88     0   0   0   0   0   0   0   6  50   0  13  31   0   0   0   0   0   0   0   0     0    0    0   1.143     38  0.00
   89   89     0   0   0   0   0  13   0  13   0   0   0   0   0   0   6   6  13  13  19  19     0    0    0   2.014     67  0.00
   90   90    19   0  25   0   0   0   0   0   0   0   0  19   0   0   6   0   0   0  25   6     0    0    0   1.667     55  0.00
   91   91     0   0   0   0   0   0   0  27   0   0   0  27   0   0   0   0  47   0   0   0     0    0    0   1.061     35  0.00
   92   92     0   0   0   0   0   0   0  13   0   0   0   0   0   0  75  13   0   0   0   0     0    0    0   0.736     24  0.00
   93   93     0   0   0   0   0   0   0   0   0   0   0   0   0   0  31  38   0  13   0  19     0    0    0   1.305     43  0.00
   94   94     0  19   0  44  13   0  25   0   0   0   0   0   0   0   0   0   0   0   0   0     0    0    0   1.282     42  0.00
   95   95     6   0  25  25  38   0   6   0   0   0   0   0   0   0   0   0   0   0   0   0     0    0    0   1.408     46  0.00
   96   96     0   0   0   0   0   0   0   0   6  19   0  75   0   0   0   0   0   0   0   0     0    0    0   0.703     23  0.00
   97   97     0 100   0   0   0   0   0   0   0   0   0   0   0   0   0   0   0   0   0   0     0    0    0   0.000      0  0.00
   98   98     0   0   0   0   0   0   0   0   0   0  13   0  13   0   0   0   0  75   0   0     0    0    0   0.736     24  0.00
   99   99     0   0   0   0   0   0   0   0   0   0   0   0   0   0   0   0   0   0   0 100     0    0    0   0.000      0  0.00
  100  100    25   0   0   0   0   0   0   0   0   0   0  75   0   0   0   0   0   0   0   0     0    0    0   0.562     18  0.00
  101  101     0 100   0   0   0   0   0   0   0   0   0   0   0   0   0   0   0   0   0   0     0    0    0   0.000      0  0.00
  102  102     0  50   0   0   0   0  25   0   0  25   0   0   0   0   0   0   0   0   0   0     0    0    0   1.040     34  0.00
  103  103     0   0   0   0   0   0   0 100   0   0   0   0   0   0   0   0   0   0   0   0     0    0    0   0.000      0  0.00
  104  104     0   0   0   0   0   0  75   0   0   0   0   0   0   0  13  13   0   0   0   0     0    0    0   0.736     24  0.00
  105  105    25  19  25  31   0   0   0   0   0   0   0   0   0   0   0   0   0   0   0   0     0    0    0   1.371     45  0.00
  106  106     0  25   0   0   0   0   0  13  63   0   0   0   0   0   0   0   0   0   0   0     0    0    0   0.900     30  0.00
  107  107     0   0   0   0   0   0   0   0   0   0   0   0   0   0   0   0   0   0  25  75     0    0    0   0.562     18  0.00
  108  108     0   0   0   0  25   0   0  13   0   0  25   0   0   0   0   0   0   0  13  25     0    0    0   1.560     52  0.00
  109  109     0 100   0   0   0   0   0   0   0   0   0   0   0   0   0   0   0   0   0   0     0    0    0   0.000      0  0.00
  110  110    38   0   0   0   0   0   0   0   0   0  25  13   0   0  19   6   0   0   0   0     0    0    0   1.461     48  0.00
  111  111     0   0   0   6   0  94   0   0   0   0   0   0   0   0   0   0   0   0   0   0     0    0    0   0.234      7  0.00
  112  112     0   0   0   0   0   0   0   0   0   0   0   0 100   0   0   0   0   0   0   0     0    0    0   0.000      0  0.00
  113  113     0   0   0   0   0   0   0  75   0   0   0   0   0   0  25   0   0   0   0   0     0    0    0   0.562     18  0.00
  114  114     0   0   0   0   0   0   0   0   0   0   0   0   0   0   0   0  50  19   0  31     0    0    0   1.024     34  0.00
  115  115     0   0   0   0  13   0   0   0   0  31   0   6   0   0  25  13   0  13   0   0     0    0    0   1.663     55  0.00
  116  116     0   0   0   0   0   0   0   6  19   0  19   0   0   0  13   0   0   0  38   6     0    0    0   1.602     53  0.00
  117  117     0   0   0   0   0   0   0   0  13   0  13  38   0   0   0   6   0   0  19  13     0    0    0   1.635     54  0.00
  118  118     0   0   0   0   0   0   0   0   0  25  75   0   0   0   0   0   0   0   0   0     0    0    0   0.562     18  0.00
  119  119     0   0   0   0   0   0   0  50   0   0   0   0   0   0   0  13   0  19   0  19     0    0    0   1.234     41  0.00
  120  120    13  31  13  19  25   0   0   0   0   0   0   0   0   0   0   0   0   0   0   0     0    0    0   1.544     51  0.00
  121  121     0   0   0   0   0   0   0   0   0   0   0   0   0   0   0  13   0   0  63  25     0    0    0   0.900     30  0.00
  122  122     0   0   6   0   0   0  56   0   0   0   0   0   0   0   0   0   6  31   0   0     0    0    0   1.034     34  0.00
  123  123     6   0   0   0   0   6   0   0   0   0   0   0   0   0   0  25  44  13   0   6     0    0    0   1.488     49  0.00
  124  124    25   0   0   0  13   0   0   0   0   0  63   0   0   0   0   0   0   0   0   0     0    0    0   0.900     30  0.00
  125  125     0   0   0   0   0   0   0   0   0   0   0   0 100   0   0   0   0   0   0   0     0    0    0   0.000      0  0.00
  126  126     0   0   0   0   0   0   0   0   0 100   0   0   0   0   0   0   0   0   0   0     0    0    0   0.000      0  0.00
  127  127     0   0   0   0   0   0   0   0   0   0   0  25   0  19  13   0   0   0   0  44     0    0    0   1.282     42  0.00
  128  128     0   0   0   0  25  38   0   0   6   0  19   0   0   0   0   0   0   0  13   0     0    0    0   1.461     48  0.00
  129  129     0   0   0   0   0   0   0   0   0   0   0   0   0   0   6  44   0  50   0   0     0    0    0   0.882     29  0.00
  130  130     0   0   0   0   0   0   0   0   0   0   0  19   0   0   0   0   0   6  25  50     0    0    0   1.180     39  0.00
  131  131     0   0   0   0   0   0   0   0   0   0   0   0 100   0   0   0   0   0   0   0     0    0    0   0.000      0  0.00
  132  132     0   0   0   0   0   0   0   0   0  38  31   0   0   0   6   0   0  25   0   0     0    0    0   1.251     41  0.00
  133  133    25   0   0   0   0   0   0   0   0   0  13   6   0   0   0   0   0   0  56   0     0    0    0   1.103     36  0.00
  134  134     0   0   0   0   0   0   0   0   0   0   0  13   0   0   0   0  25   0  63   0     0    0    0   0.900     30  0.00
  135  135     0   0   0   0   0   0   6   0  50  38   6   0   0   0   0   0   0   0   0   0     0    0    0   1.061     35  0.00
  136  136    50   6   6   0   0   0   0   0   0   0   0  13   0   0  25   0   0   0   0   0     0    0    0   1.300     43  0.00
  137  137     0   0   0   0   0   0   0   0   6   0  38   6   0   0   0   0   0  25   0  25     0    0    0   1.408     46  0.00
  138  138    44   0   0   6   0   0   0   0   6   0  44   0   0   0   0   0   0   0   0   0     0    0    0   1.070     35  0.00
  139  139     0   0   0   0  88   0  13   0   0   0   0   0   0   0   0   0   0   0   0   0     0    0    0   0.377     12  0.00
  140  140     0   0   0   0   0 100   0   0   0   0   0   0   0   0   0   0   0   0   0   0     0    0    0   0.000      0  0.00
  141  141     0   0   0   0   0   0   0  25   0   0   0  13   0   0   0  44   0   6  13   0     0    0    0   1.401     46  0.00
  142  142    31   0   0  19   0   0   0   0   0   0  13  25   0   0  13   0   0   0   0   0     0    0    0   1.544     51  0.00
  143  143    31   6  13   0   0   0   0   0  50   0   0   0   0   0   0   0   0   0   0   0     0    0    0   1.143     38  0.00
  144  144     0   0   0   0   0   0   0   0   0   0 100   0   0   0   0   0   0   0   0   0     0    0    0   0.000      0  0.00
  145  145     0   0  13  13   0   0   0   0   0   0  25   0   0   0  13   6  25   6   0   0     0    0    0   1.820     60  0.00
  146  146     0   0   0   0   0   0   0   0   0   0  25   0   0   0  25  25  25   0   0   0     0    0    0   1.386     46  0.00
  147  147     0   0   0   0  50   0  50   0   0   0   0   0   0   0   0   0   0   0   0   0     0    0    0   0.693     23  0.00
  148  148     0   0   0   0   0   0   0   0  75   0  25   0   0   0   0   0   0   0   0   0     0    0    0   0.562     18  0.00
  149  149     0   0   0   0   0   0   0   0   0   0   0   0   0  25  13  13   0  50   0   0     0    0    0   1.213     40  0.00
  150  150     0   0   0   0   0   0   0   0  13   0  44   0   0   0   0   0   0   0   0  44     0    0    0   0.983     32  0.00
  151  151     0   0   0   0   0   0   0   0  75   0  25   0   0   0   0   0   0   0   0   0     0    0    0   0.562     18  0.00
  152  152     0   0   0   0   0   0   0   0   0   0  25   0  50   0   0   0   0  25   0   0     0    0    0   1.040     34  0.00
  153  153     0   0   0   0   0   0   0  81   0   0   0   0   0   0   0   0   0   0   6  13     0    0    0   0.602     20  0.00
  154  154    56   0   0   0   0   0   0   0   0   0   0  19   0   0   0   0   0  19   0   6     0    0    0   1.125     37  0.00
  155  155    75   0  25   0   0   0   0   0   0   0   0   0   0   0   0   0   0   0   0   0     0    0    0   0.562     18  0.00
  156  156     0   0   0   0   0   0  13   0   0   0   0  25   0  31   6   0  13   0  13   0     0    0    0   1.663     55  0.00
  157  157    75   0   0   0   0   0  25   0   0   0   0   0   0   0   0   0   0   0   0   0     0    0    0   0.562     18  0.00
  158  158    13   0   0  88   0   0   0   0   0   0   0   0   0   0   0   0   0   0   0   0     0    0    0   0.377     12  0.00
  159  159    25  75   0   0   0   0   0   0   0   0   0   0   0   0   0   0   0   0   0   0     0    0    0   0.562     18  0.00
  160  160     0   0   0   0   0   0   0   0   0   0   0   0   0   0   0   0   0   0  75  25     0    0    0   0.562     18  0.00
  161  161     0   0   0   0   0   0   0 100   0   0   0   0   0   0   0   0   0   0   0   0     0    0    0   0.000      0  0.00
  162  162     0   0   0   0   0   0   0   0   0   0 100   0   0   0   0   0   0   0   0   0     0    0    0   0.000      0  0.00
  163  163     0  15   8   0   0   0   0   0   0   0   0   0   0   0  15   0   0  31  31   0     0    0    0   1.499     50  0.00
  164  164     0   7   0   0   0   0   0   0   0  57  29   0   0   0   0   0   0   7   0   0     0    0    0   1.055     35  0.00
  165  165     0   0   0   0   0   0   0   0   0   0   0   0   0   0  21  57   0   7  14   0     0    0    0   1.116     37  0.00
  166  166    36   0  18   0   0   0   0   0   0   0   0  36   0   0   0   0   0   9   0   0     0    0    0   1.264     42  0.00
  167  167     0   0   0   0   0   0   0  33   0  50   0  17   0   0   0   0   0   0   0   0     0    0    0   1.011     33  0.00
  168  168     0   0   0   0  14   0   0   0  79   0   0   7   0   0   0   0   0   0   0   0     0    0    0   0.656     21  0.00
  169  169     0   0   0   0  38   0  63   0   0   0   0   0   0   0   0   0   0   0   0   0     0    0    0   0.662     22  0.00
  170  170     0   0   0   0   0   0   0   0   0  25  13   0   0   0  31   6   0   0   0  25     0    0    0   1.490     49  0.00
  171  171     0   0  14   0   0   0   0   0   0  29   7  14   0   0   0  29   0   7   0   0     0    0    0   1.649     55  0.00
  172  172     0   0   0   6   0   0   0   0  13   0   0   0   0   0   6  25   0   0  25  25     0    0    0   1.646     54  0.00
  173  173     0   0   0   0   0   0   0  25   0   0  75   0   0   0   0   0   0   0   0   0     0    0    0   0.562     18  0.00
  174  174     0   0   6   0  50   0   0   0   0   0   0  44   0   0   0   0   0   0   0   0     0    0    0   0.882     29  0.00
  175  175     0   0   0   0 100   0   0   0   0   0   0   0   0   0   0   0   0   0   0   0     0    0    0   0.000      0  0.00
  176  176     0   0   0   0   0   0   0  75  25   0   0   0   0   0   0   0   0   0   0   0     0    0    0   0.562     18  0.00
  177  177     0   0   0   0   0   0   0   0   0   0  38   0   0   0  13  25   0   0   0  25     0    0    0   1.321     44  0.00
  178  178    44   6   0   0  13   0  38   0   0   0   0   0   0   0   0   0   0   0   0   0     0    0    0   1.163     38  0.00
  179  179     0   0   0   0   0   0   0   0   0   0   0   0   0   0   0   0   0 100   0   0     0    0    0   0.000      0  0.00
  180  180    44  25  25   0   0   0   0   0   6   0   0   0   0   0   0   0   0   0   0   0     0    0    0   1.228     40  0.00
  181  181     0   0   0   0  31   0   0   0   0  56   0   0   0  13   0   0   0   0   0   0     0    0    0   0.947     31  0.00
  182  182     0   0   0   0   0   0  13   0   0   0   6   0   0   0   0   0   0   0  81   0     0    0    0   0.602     20  0.00
  183  183     0 100   0   0   0   0   0   0   0   0   0   0   0   0   0   0   0   0   0   0     0    0    0   0.000      0  0.00
  184  184     0   0   0   0   0   0   0   0   0  31   0  25   0   0   6  13  25   0   0   0     0    0    0   1.490     49  0.00
  185  185     0   0   0   0   0   0   0   0   0   6   0   0   0   0   0  13   0  19  38  25     0    0    0   1.461     48  0.00
  186  186     0   0   0   0   0   0   0   0   0   0   0   0   0   0  13  81   6   0   0   0     0    0    0   0.602     20  0.00
  187  187    81   0  19   0   0   0   0   0   0   0   0   0   0   0   0   0   0   0   0   0     0    0    0   0.483     16  0.00
  188  188     0   0   0   0   0   0   0   0   0   0   0  53   0  33   0   0  13   0   0   0     0    0    0   0.970     32  0.00
  189  189     0   0   0   0   0   0   0   0   0   0   0  31   0   0  44  19   0   6   0   0     0    0    0   1.212     40  0.00
  190  190    25  50  25   0   0   0   0   0   0   0   0   0   0   0   0   0   0   0   0   0     0    0    0   1.040     34  0.00
  191  191     0   0   0   0   0   0   0   0   0   0   0   0   0  13   0  31  13  44   0   0     0    0    0   1.245     41  0.00
  192  192    25   0  25   0   0   0   0   0  50   0   0   0   0   0   0   0   0   0   0   0     0    0    0   1.040     34  0.00
  193  193     0   0  25   0   0  75   0   0   0   0   0   0   0   0   0   0   0   0   0   0     0    0    0   0.562     18  0.00
  194  194    94   6   0   0   0   0   0   0   0   0   0   0   0   0   0   0   0   0   0   0     0    0    0   0.234      7  0.00
  195  195     6  25  13  56   0   0   0   0   0   0   0   0   0   0   0   0   0   0   0   0     0    0    0   1.103     36  0.00
  196  196     0   0   0   0   0   0   0   0   0   0   0   0   0 100   0   0   0   0   0   0     0    0    0   0.000      0  0.00
  197  197     0   0   0   0   0   0   0  13   0   0   0   0   0   0  19   0   6  19   6  38     0    0    0   1.602     53  0.00
  198  198    13  25  44   0   0   0   0  13   0   0   0   6   0   0   0   0   0   0   0   0     0    0    0   1.401     46  0.00
  199  199     0   0   0   0   0   0   0  69   0   0   0   0   0   0  13   6   0  13   0   0     0    0    0   0.951     31  0.00
  200  200     0   0   0   0   0   0   0  50   0   0   6   0   0   0   0   6   6  31   0   0     0    0    0   1.230     41  0.00
  201  201    19   0   0   0   0   0   0   0   6  31   0   6   0   0   0  25   0   0   0  13     0    0    0   1.630     54  0.00
  202  202     0   0  25   0   0   0   0   0   0  13  25   0   0   6   0   0   0  13  19   0     0    0    0   1.700     56  0.00
  203  203    25   0  25   0   0   0   0   0   0   0  25   0   0   0  25   0   0   0   0   0     0    0    0   1.386     46  0.00
  204  204     0   0   0   0   0   0   0   0   0   0   0   0   0   0   0   0   0  50  13  38     0    0    0   0.974     32  0.00
  205  205     0  13   0   0   0   0   0   0  13   0  50   0   0   0   6  19   0   0   0   0     0    0    0   1.354     45  0.00
  206  206     0   0   0   0   0   0   0   0   0   0   0   0 100   0   0   0   0   0   0   0     0    0    0   0.000      0  0.00
  207  207     0  13   0   0   0   0   0  50   0   0  25   0   0   0   0   0  13   0   0   0     0    0    0   1.213     40  0.00
  208  208     0   0   0   0   0   0   0  19  25   0  19   0   0   0   0   0   0  25   0  13     0    0    0   1.581     52  0.00
  209  209     0   0   0   0   0   0   0  50   0  19  31   0   0   0   0   0   0   0   0   0     0    0    0   1.024     34  0.00
  210  210     0   0   0   0   0   0   0   0   0   0  88  13   0   0   0   0   0   0   0   0     0    0    0   0.377     12  0.00
  211  211    19  31  38  13   0   0   0   0   0   0   0   0   0   0   0   0   0   0   0   0     0    0    0   1.305     43  0.00
  212  212     0  25   0   0   0   0   0   0   0   0   0   0   0   0   6  50   0   0  19   0     0    0    0   1.180     39  0.00
  213  213    13   0  13   0   0   0   0   0   0   0   0   0   0   0   0   6   0  38   6  25     0    0    0   1.581     52  0.00
  214  214     0 100   0   0   0   0   0   0   0   0   0   0   0   0   0   0   0   0   0   0     0    0    0   0.000      0  0.00
  215  215     0   0   0   0   0   0   0   0   0   0   0   0   0   0   0  38   0  63   0   0     0    0    0   0.662     22  0.00
  216  216     0   0   0  13   0   0   0   0   0   0  38   0   0   0   0  31   6   0   0  13     0    0    0   1.424     47  0.00
  217  217     6  19  50   0   0   0   0   0   0   0   0   0   0   0  25   0   0   0   0   0     0    0    0   1.180     39  0.00
  218  218    50  38  13   0   0   0   0   0   0   0   0   0   0   0   0   0   0   0   0   0     0    0    0   0.974     32  0.00
  219  219     0   0   0   0   0   0   0   0   0   0  13   0   0   0   0  44   6  13  19   6     0    0    0   1.542     51  0.00
  220  220     0   0   0   0   0   0   0   6  38   0   0   6   0   0   0  25  13   0   0  13     0    0    0   1.581     52  0.00
  221  221     0  13   0  13   0   0   0   0   0   0   0   0   0   0  50  25   0   0   0   0     0    0    0   1.213     40  0.00
  222  222     0   0   0   0   0   0   0  25   0   0   0   0   0  19   0   6   0   0  50   0     0    0    0   1.180     39  0.00
  223  223     6   0  31  13  50   0   0   0   0   0   0   0   0   0   0   0   0   0   0   0     0    0    0   1.143     38  0.00
  224  224     0   0  19   0   0   0   0   6  19   0  13   0   0   0   0   6  38   0   0   0     0    0    0   1.602     53  0.00
  225  225     0   0   0   0  75   0  13   0   0   0   0   0   0  13   0   0   0   0   0   0     0    0    0   0.736     24  0.00
  226  226     0   0   6   0  13   0   0   0  13   0  38   0   0   0   6   0   0   0   0  25     0    0    0   1.581     52  0.00
  227  227     0   0   0   0   0   0   0   0   0   0   0   0 100   0   0   0   0   0   0   0     0    0    0   0.000      0  0.00
  228  228    31   0  25   6   0   0   0   0   0   0   0   0   0   0   0  13  25   0   0   0     0    0    0   1.490     49  0.00
  229  229     0   0   0   0   0   0   0   0   0   0   0   0   0   0   0   0   0  25  44  31     0    0    0   1.072     35  0.00
  230  230     0   0  13   0   0   0   0   0   0   0   0   0   0   0   0   0   0   0  50  38     0    0    0   0.974     32  0.00
  231  231     0   0   0   0   0   0  73   0   0  27   0   0   0   0   0   0   0   0   0   0     0    0    0   0.580     19  0.00
  232  232     0   0   0   0   0   0   0   0   0   7   0   0   0   0  87   7   0   0   0   0     0    0    0   0.485     16  0.00
  233  233     0   0   0   0   0   0   0   0  20  73   7   0   0   0   0   0   0   0   0   0     0    0    0   0.730     24  0.00
  234  234    67   0   0   0   0   0   0   0  20   0   0   0   0   0   0   0   0   0   0  13     0    0    0   0.861     28  0.00
  235  235     0  27   0   0   0   0   0   0   0   0   0   0   0   0  33  40   0   0   0   0     0    0    0   1.085     36  0.00
  236  236     0  20   0   0  80   0   0   0   0   0   0   0   0   0   0   0   0   0   0   0     0    0    0   0.500     16  0.00
  237  237    13  87   0   0   0   0   0   0   0   0   0   0   0   0   0   0   0   0   0   0     0    0    0   0.393     13  0.00
  238  238     0  27   0  13   0   0   0   0   0   0   0   0   0   0   0   0  60   0   0   0     0    0    0   0.928     30  0.00
  239  239     0   0   0   0   0   0   0   0   0   0   0   0 100   0   0   0   0   0   0   0     0    0    0   0.000      0  0.00
  240  240    73   0   0   0   0   0   0   0   7   0  20   0   0   0   0   0   0   0   0   0     0    0    0   0.730     24  0.00
  241  241     0   0   0   0   0   0   0   0   0   0   0   0   0   0  13  33   0   0   0  53     0    0    0   0.970     32  0.00
  242  242     0   0   0   0   0   0   0   0   0   0   0   0   0  40   0   0   0   0  60   0     0    0    0   0.673     22  0.00
  243  243     0   0   0   0   0   0   0   0   0  73  27   0   0   0   0   0   0   0   0   0     0    0    0   0.580     19  0.00
  244  244     0   0   0   0   0   0   0   0   0   0   0  27   0   0   0   0   0  47  27   0     0    0    0   1.061     35  0.00
  245  245     0   0   0   0   0   0   0   0  27   0   0   0   0  60   0   0   0   0   0  13     0    0    0   0.928     30  0.00
  246  246     0   0   0   0   0   0   0   0   0  53  20   0   0   0  27   0   0   0   0   0     0    0    0   1.010     33  0.00
  247  247     0   0   0   0   0   0   0   0   0   0  47   0   0   0   0   0   0  27   0  27     0    0    0   1.061     35  0.00
  248  248     0   0   0   0   0   0   0   0   0   0   0   0 100   0   0   0   0   0   0   0     0    0    0   0.000      0  0.00
  249  249     0   0   0   0   0   0   0   0  30   0   0   0   0   0  50  10  10   0   0   0     0    0    0   1.168     38  0.00
  250  250     0  89   0  11   0   0   0   0   0   0   0   0   0   0   0   0   0   0   0   0     0    0    0   0.349     11  0.00
//
