ID Pseudo hssp file.
SEQ 
SEQ gi|119301|sp|P06717|ELAP_ECOLI HEAT-LABILE ENTEROTOXIN A CHAIN P...   342  2e-93
SEQ gi|3062901|dbj|BAA25725.1| (AB011677) heat-labile enterotoxin A ...   342  2e-93
SEQ gi|2118626|pir||I55231 heat-labile enterotoxin A precursor - Esc...   342  2e-93
SEQ gi|1169504|sp|P43530|ELAH_ECOLI HEAT-LABILE ENTEROTOXIN A CHAIN ...   342  2e-93
SEQ gi|408995|gb|AAC60440.1| (S60731) heat-labile enterotoxin A subu...   342  2e-93
SEQ gi|2392443|pdb|1LT4|A Chain A, Heat-Labile Enterotoxin Mutant S63k    339  2e-92
SEQ gi|148532|gb|AAB59161.1| (M57244) heat-labile enterotoxin subuni...   337  6e-92
SEQ gi|2392437|pdb|1LT3|A Chain A, Heat-Labile Enterotoxin Double Mu...   335  3e-91
SEQ gi|1827766|pdb|1LTI|A Chain A, Heat-Labile Enterotoxin (Lt-I) Co...   330  7e-90
SEQ gi|494270|pdb|1LTA|A Chain A, Heat-Labile Enterotoxin (Lt) Compl...   330  7e-90
SEQ gi|494285|pdb|1LTS|A Chain A, Heat-Labile Enterotoxin (Lt) >gi|4...   330  8e-90
SEQ gi|1127118|pdb|1LTG|A Chain A, Mol_id: 1; Molecule: Heat-Labile ...   330  1e-89
SEQ gi|1065350|pdb|1HTL|A Chain A, Heat Labile Enterotoxin (Lt) Muta...   328  3e-89
SEQ gi|223826|prf||1001196A toxin,cholera [Vibrio cholerae]               318  3e-86
SEQ gi|808899|dbj|BAA06288.1| (D30052) cholera toxin [Vibrio cholerae]    312  2e-84
SEQ gi|48348|emb|CAA24995.1| (X00171) ctx A [Vibrio cholerae]             310  6e-84
SEQ gi|116397|sp|P01555|CHTA_VIBCH CHOLERA ENTEROTOXIN, A CHAIN PREC...   310  6e-84
SEQ gi|155160|gb|AAA27514.1| (K02679) enterotoxin prepeptide [Vibrio...   303  1e-81
SEQ gi|41340|emb|CAA23532.1| (V00275) enterotoxin subunit A [Escheri...   302  3e-81
SEQ gi|1827848|pdb|1XTC|A Chain A, Cholera Toxin                          297  1e-79
SEQ gi|1169447|sp|P43528|E2BA_ECOLI HEAT-LABILE ENTEROTOXIN IIB, A C...   228  4e-59
SEQ gi|119302|sp|P13810|E2AA_ECOLI HEAT-LABILE ENTEROTOXIN IIA, A CH...   226  2e-58
SEQ gi|1827732|pdb|1TII|A Chain A, Escherichia Coli Heat Labile Ente...   218  6e-56
SEQ gi|224262|prf||1101208A toxin A1 C term [Vibrio cholerae]             133  2e-30
SEQ gi|625723|pir||A61345 heat-labile enterotoxin A chain precursor ...    93  2e-18
SEQ 
## SEQUENCE PROFILE AND ENTROPY
 SeqNo PDBNo   V   L   I   M   F   W   Y   G   A   P   S   T   C   H   R   K   Q   E   N   D  NOCC NDEL NINS ENTROPY RELENT WEIGHT
    1    1     0   0   0   0   0   0   0   0   0   0   0   0   0   0  55  45   0   0   0   0     0    0    0   0.689     22  0.00
    2    2     0 100   0   0   0   0   0   0   0   0   0   0   0   0   0   0   0   0   0   0     0    0    0   0.000      0  0.00
    3    3     0   0   0   0  12   0  88   0   0   0   0   0   0   0   0   0   0   0   0   0     0    0    0   0.367     12  0.00
    4    4     0   0   0   0   0   0   0   0   0   0   0   0   0   0  96   4   0   0   0   0     0    0    0   0.168      5  0.00
    5    5     0   0   0   0   0   0   0   0 100   0   0   0   0   0   0   0   0   0   0   0     0    0    0   0.000      0  0.00
    6    6     0   0   0   0   0   0   0   0   0   0   0   0   0   0   0   0   0   4   0  96     0    0    0   0.168      5  0.00
    7    7     0   0   0   0   0   0   0   0   0   0 100   0   0   0   0   0   0   0   0   0     0    0    0   0.000      0  0.00
    8    8     0   0   0   0   0   0   0   0   0   0   0   0   0   0 100   0   0   0   0   0     0    0    0   0.000      0  0.00
    9    9     0   0   0   0   0   0   0   0   0  88   0  12   0   0   0   0   0   0   0   0     0    0    0   0.367     12  0.00
   10   10     0   0   0   0   0   0   0   0   0 100   0   0   0   0   0   0   0   0   0   0     0    0    0   0.000      0  0.00
   11   11     0   0   0   0   0   0   0   0   0   0   0   0   0   0   0   0   0   0   0 100     0    0    0   0.000      0  0.00
   12   12     0   0   0   0   0   0   0   0   0   0   0   0   0   0   0   0   0 100   0   0     0    0    0   0.000      0  0.00
   13   13     8   0  92   0   0   0   0   0   0   0   0   0   0   0   0   0   0   0   0   0     0    0    0   0.279      9  0.00
   14   14     0   0   0   0   0   0   0   0   0   0   0   0   0   0  12  88   0   0   0   0     0    0    0   0.367     12  0.00
   15   15     0   0   0   0   0   0   0   0   0   0   0   0   0   0  76   0  24   0   0   0     0    0    0   0.551     18  0.00
   16   16     0   0   0   0   8   0   0   0   4   0  88   0   0   0   0   0   0   0   0   0     0    0    0   0.443     14  0.00
   17   17     0   0   0   0   0   0   0  92   0   0   0   0   0   0   8   0   0   0   0   0     0    0    0   0.279      9  0.00
   18   18     0   0   0   0   0   0   0  92   0   0   8   0   0   0   0   0   0   0   0   0     0    0    0   0.279      9  0.00
   19   19     0 100   0   0   0   0   0   0   0   0   0   0   0   0   0   0   0   0   0   0     0    0    0   0.000      0  0.00
   20   20     0   4   8  88   0   0   0   0   0   0   0   0   0   0   0   0   0   0   0   0     0    0    0   0.443     14  0.00
   21   21     0   0   0   0   0   0   0   0   0 100   0   0   0   0   0   0   0   0   0   0     0    0    0   0.000      0  0.00
   22   22     0   0   0   0   0   0   0   0   0   0   0   0   0   0 100   0   0   0   0   0     0    0    0   0.000      0  0.00
   23   23     0   0   0   0   0   0   0 100   0   0   0   0   0   0   0   0   0   0   0   0     0    0    0   0.000      0  0.00
   24   24     0   0   0   0   0   0   0   0   0   0   0   0   0  61   0   0  39   0   0   0     0    0    0   0.669     22  0.00
   25   25     0   0   0   0   0   0   0   0   0   0  20   0   0   0   0   0   4   0  68   8     0    0    0   0.915     30  0.00
   26   26     0   0   0   0   0   0   0   0   0   0   0   0   0   0   0   0   0 100   0   0     0    0    0   0.000      0  0.00
   27   27     0   0   0   0   0   0  88   0  12   0   0   0   0   0   0   0   0   0   0   0     0    0    0   0.367     12  0.00
   28   28     0   0   0   0  88   0  12   0   0   0   0   0   0   0   0   0   0   0   0   0     0    0    0   0.367     12  0.00
   29   29     0   0   0   0   0   0   0   0   0   0   0   0   0   0   0   0   0  12   0  88     0    0    0   0.367     12  0.00
   30   30     0   0   0   0   0   0   0   0   0   0   0   0   0   0 100   0   0   0   0   0     0    0    0   0.000      0  0.00
   31   31     0   0   0   0   0   0   0 100   0   0   0   0   0   0   0   0   0   0   0   0     0    0    0   0.000      0  0.00
   32   32     0   0   0   0   0   0   0   0   0   0   0 100   0   0   0   0   0   0   0   0     0    0    0   0.000      0  0.00
   33   33     0   0   0   0   0   0   0   0   0  12   0   0   0   0   0   0  88   0   0   0     0    0    0   0.367     12  0.00
   34   34     0   0  12  88   0   0   0   0   0   0   0   0   0   0   0   0   0   0   0   0     0    0    0   0.367     12  0.00
   35   35     0   0   0   0   0   0   0   0   0   0   0   0   0   0   0   0   0   0 100   0     0    0    0   0.000      0  0.00
   36   36     0   0 100   0   0   0   0   0   0   0   0   0   0   0   0   0   0   0   0   0     0    0    0   0.000      0  0.00
   37   37     0   0   0   0   0   0   0   0   0   0   0   0   4   0   0   0   0   0  96   0     0    0    0   0.168      5  0.00
   38   38     0 100   0   0   0   0   0   0   0   0   0   0   0   0   0   0   0   0   0   0     0    0    0   0.000      0  0.00
   39   39     0   0   0   0   0   0 100   0   0   0   0   0   0   0   0   0   0   0   0   0     0    0    0   0.000      0  0.00
   40   40     0   0   0   0   0   0   0   0   0   0   0   0   0   0   0   0   0   4   0  96     0    0    0   0.168      5  0.00
   41   41     0   0   0   0   0   0   0   0   0   0   0   0   0 100   0   0   0   0   0   0     0    0    0   0.000      0  0.00
   42   42     0   0   0   0   0   0   0   0 100   0   0   0   0   0   0   0   0   0   0   0     0    0    0   0.000      0  0.00
   43   43     0   0   0   0   0   0   0   0   0   0   0   0   0   0 100   0   0   0   0   0     0    0    0   0.000      0  0.00
   44   44     0   0   0   0   0   0   0 100   0   0   0   0   0   0   0   0   0   0   0   0     0    0    0   0.000      0  0.00
   45   45     0   0   0   0   0   0   0   0   0   0   0 100   0   0   0   0   0   0   0   0     0    0    0   0.000      0  0.00
   46   46     4   0   0   0   0   0   0   0   8   0   0   0   0   0   0   0  88   0   0   0     0    0    0   0.443     14  0.00
   47   47     0   0   0   0   0   0   0   0   0   0   0 100   0   0   0   0   0   0   0   0     0    0    0   0.000      0  0.00
   48   48     0   0   0   0   0   0   0 100   0   0   0   0   0   0   0   0   0   0   0   0     0    0    0   0.000      0  0.00
   49   49     0   0   0   0  88   0   0   0   0   0   0   0   0   0   0   0   0   0  12   0     0    0    0   0.367     12  0.00
   50   50    88   0   0   0   0   0   0   0   0   0   0  12   0   0   0   0   0   0   0   0     0    0    0   0.367     12  0.00
   51   51     0   0   0   0   0   0   0   0   0   0   0   0   0   0 100   0   0   0   0   0     0    0    0   0.000      0  0.00
   52   52     0   0   0   0   0   0  75   0   0   0   0   0   0  25   0   0   0   0   0   0     0    0    0   0.562     18  0.00
   53   53     0   0   0   0   0   0   0   0   0   0   0   0   0   0   0   0   0   0  13  88     0    0    0   0.377     12  0.00
   54   54     0   0   0   0   0   0   0   0   0   0   0   0   0   0   0   0   0   0   0 100     0    0    0   0.000      0  0.00
   55   55     0   0   0   0   0   0   0 100   0   0   0   0   0   0   0   0   0   0   0   0     0    0    0   0.000      0  0.00
   56   56     0   0   0   0   0   0 100   0   0   0   0   0   0   0   0   0   0   0   0   0     0    0    0   0.000      0  0.00
   57   57   100   0   0   0   0   0   0   0   0   0   0   0   0   0   0   0   0   0   0   0     0    0    0   0.000      0  0.00
   58   58     0   0   0   0   0   0   0   0   0   0 100   0   0   0   0   0   0   0   0   0     0    0    0   0.000      0  0.00
   59   59     0   0   0   0   0   0   0   0   0   0   0 100   0   0   0   0   0   0   0   0     0    0    0   0.000      0  0.00
   60   60     0   0   0   0   0   0   0   0   0   0  83  13   0   0   0   4   0   0   0   0     0    0    0   0.544     18  0.00
   61   61     4  63  25   0   0   0   0   0   0   0   0   8   0   0   0   0   0   0   0   0     0    0    0   0.980     32  0.00
   62   62     0   0   0   0   0   0   0   0   0   0  88  13   0   0   0   0   0   0   0   0     0    0    0   0.377     12  0.00
   63   63     0 100   0   0   0   0   0   0   0   0   0   0   0   0   0   0   0   0   0   0     0    0    0   0.000      0  0.00
   64   64     0   0   0   0   0   0   0   0   0   0   0   0   0   0 100   0   0   0   0   0     0    0    0   0.000      0  0.00
   65   65     0   0   0   0   0   0   0   0   0   0  88   0   0   0   0   0  13   0   0   0     0    0    0   0.377     12  0.00
   66   66     0   0   0   0   0   0   0   0 100   0   0   0   0   0   0   0   0   0   0   0     0    0    0   0.000      0  0.00
   67   67     0   0   0   0   0   0   0   0   0   0   0   0   0 100   0   0   0   0   0   0     0    0    0   0.000      0  0.00
   68   68     0 100   0   0   0   0   0   0   0   0   0   0   0   0   0   0   0   0   0   0     0    0    0   0.000      0  0.00
   69   69    25   8   4   0   0   0   0   0  63   0   0   0   0   0   0   0   0   0   0   0     0    0    0   0.980     32  0.00
   70   70     0   0   0   0   0   0   0 100   0   0   0   0   0   0   0   0   0   0   0   0     0    0    0   0.000      0  0.00
   71   71     0   0   0   0   0   0   0   0   0   0   0   0   0   0   0   0 100   0   0   0     0    0    0   0.000      0  0.00
   72   72     0   0   0   0   0   0   4   0   0   0  58  25   0   0   0   0   0   0  13   0     0    0    0   1.053     35  0.00
   73   73     0   0  92   8   0   0   0   0   0   0   0   0   0   0   0   0   0   0   0   0     0    0    0   0.287      9  0.00
   74   74     0 100   0   0   0   0   0   0   0   0   0   0   0   0   0   0   0   0   0   0     0    0    0   0.000      0  0.00
   75   75     0   0   0   0   0   0   0  13   0   0  88   0   0   0   0   0   0   0   0   0     0    0    0   0.377     12  0.00
   76   76     0   0   0   0   0   0   0  96   0   0   4   0   0   0   0   0   0   0   0   0     0    0    0   0.173      5  0.00
   77   77     0   0   0   0   0   0  75   0   0   0   0   0   0  25   0   0   0   0   0   0     0    0    0   0.562     18  0.00
   78   78     0   0   0   0   0   0   0   0   0   0  88   0   0   0   0   0   0   0  13   0     0    0    0   0.377     12  0.00
   79   79     0   4   0   0   0   0   0   0   0   0   0  83   0   0   0   0   0  13   0   0     0    0    0   0.544     18  0.00
   80   80     0   0   0   0   0   0  96   0   0   0   0   4   0   0   0   0   0   0   0   0     0    0    0   0.173      5  0.00
   81   81     0   0   4   0   0   0  96   0   0   0   0   0   0   0   0   0   0   0   0   0     0    0    0   0.173      5  0.00
   82   82     0   4  92   0   0   0   4   0   0   0   0   0   0   0   0   0   0   0   0   0     0    0    0   0.345     11  0.00
   83   83     0   0   4   0   0   0  96   0   0   0   0   0   0   0   0   0   0   0   0   0     0    0    0   0.173      5  0.00
   84   84   100   0   0   0   0   0   0   0   0   0   0   0   0   0   0   0   0   0   0   0     0    0    0   0.000      0  0.00
   85   85    13   4  83   0   0   0   0   0   0   0   0   0   0   0   0   0   0   0   0   0     0    0    0   0.544     18  0.00
   86   86     0   0   0   0   0   0   0   0 100   0   0   0   0   0   0   0   0   0   0   0     0    0    0   0.000      0  0.00
   87   87     0   0   0   0   0   0   0   0   9   4   0  87   0   0   0   0   0   0   0   0     0    0    0   0.470     15  0.00
   88   88     0   0   0   0   0   0   0   0 100   0   0   0   0   0   0   0   0   0   0   0     0    0    0   0.000      0  0.00
   89   89     0   0   0   0   0   0   0   0   0 100   0   0   0   0   0   0   0   0   0   0     0    0    0   0.000      0  0.00
   90   90     0   0   0   0   0   0   0   0   0   0   0   0   0   0   0   0   0   0 100   0     0    0    0   0.000      0  0.00
   91   91     0  13   0  88   0   0   0   0   0   0   0   0   0   0   0   0   0   0   0   0     0    0    0   0.377     12  0.00
   92   92     0   0   0   0 100   0   0   0   0   0   0   0   0   0   0   0   0   0   0   0     0    0    0   0.000      0  0.00
   93   93     0   0   0   0   0   0   0   0   0   0   0   0   0   0   0   0   0   0  88  12     0    0    0   0.367     12  0.00
   94   94    96   0   0   0   0   0   0   0   0   0   0   0   0   0   0   4   0   0   0   0     0    0    0   0.168      5  0.00
   95   95     0   0   0   0   0   0   0   0   0   0   0   0   0   0   0   0   0   0 100   0     0    0    0   0.000      0  0.00
   96   96     0   0   0   0   0   0   0  12   0   0   0   0   0   0   0   0   0   0   0  88     0    0    0   0.367     12  0.00
   97   97   100   0   0   0   0   0   0   0   0   0   0   0   0   0   0   0   0   0   0   0     0    0    0   0.000      0  0.00
   98   98     0  96   4   0   0   0   0   0   0   0   0   0   0   0   0   0   0   0   0   0     0    0    0   0.168      5  0.00
   99   99     0   0   0   0   0   0   0  96   0   0   4   0   0   0   0   0   0   0   0   0     0    0    0   0.168      5  0.00
  100  100    60   0   0   0   0   0   0   0  28   0   0   0   0   0  12   0   0   0   0   0     0    0    0   0.917     30  0.00
  101  101     0   0   0   0   0   0 100   0   0   0   0   0   0   0   0   0   0   0   0   0     0    0    0   0.000      0  0.00
  102  102     0   0   0   0   0   0   0   0   4   0  96   0   0   0   0   0   0   0   0   0     0    0    0   0.168      5  0.00
  103  103     0   0   0   0   0   0   0   0   0 100   0   0   0   0   0   0   0   0   0   0     0    0    0   0.000      0  0.00
  104  104     0   0   0   0   0   0  12   0   0   0   0   0   0  88   0   0   0   0   0   0     0    0    0   0.367     12  0.00
  105  105     0   0   0   0   0   0   0   0   0 100   0   0   0   0   0   0   0   0   0   0     0    0    0   0.000      0  0.00
  106  106     0   0   0   0   0   0  63   0   0   0  13   0   0   0   0   0   0   0   0  25     0    0    0   0.900     30  0.00
  107  107     0   0   0   0   0   0   0   0   0   0   0   0   0   0   0   0   4  96   0   0     0    0    0   0.168      5  0.00
  108  108     0   0   0   0   0   0   0   0   0   0   0   0   0   0   0   0  84   4  12   0     0    0    0   0.530     17  0.00
  109  109     0   0   0   0   0   0   0   0   0   0   0   0   0   0   0   4   0  96   0   0     0    0    0   0.168      5  0.00
  110  110    88   0   0   0   4   0   8   0   0   0   0   0   0   0   0   0   0   0   0   0     0    0    0   0.443     14  0.00
  111  111     0   0   0   0   0   0   0   0  12   0  88   0   0   0   0   0   0   0   0   0     0    0    0   0.367     12  0.00
  112  112     0   0   0   0   0   0   0   0 100   0   0   0   0   0   0   0   0   0   0   0     0    0    0   0.000      0  0.00
  113  113     0 100   0   0   0   0   0   0   0   0   0   0   0   0   0   0   0   0   0   0     0    0    0   0.000      0  0.00
  114  114     0   0   0   0   0   0   0 100   0   0   0   0   0   0   0   0   0   0   0   0     0    0    0   0.000      0  0.00
  115  115     0   0   0   0   0   0   0 100   0   0   0   0   0   0   0   0   0   0   0   0     0    0    0   0.000      0  0.00
  116  116     0   0 100   0   0   0   0   0   0   0   0   0   0   0   0   0   0   0   0   0     0    0    0   0.000      0  0.00
  117  117     0   0   0   0   0   0   0   0   0 100   0   0   0   0   0   0   0   0   0   0     0    0    0   0.000      0  0.00
  118  118     0  12   0   0   0   0  88   0   0   0   0   0   0   0   0   0   0   0   0   0     0    0    0   0.367     12  0.00
  119  119     0   0   0   0   0   0   0   0   0   0 100   0   0   0   0   0   0   0   0   0     0    0    0   0.000      0  0.00
  120  120     0   0   0   0   0   0   0   0   0   0   0   0   0   0   0   0  96   4   0   0     0    0    0   0.168      5  0.00
  121  121     0   0 100   0   0   0   0   0   0   0   0   0   0   0   0   0   0   0   0   0     0    0    0   0.000      0  0.00
  122  122     0   0  12   0   0   0  88   0   0   0   0   0   0   0   0   0   0   0   0   0     0    0    0   0.367     12  0.00
  123  123     0   0   0   0   0   0   0 100   0   0   0   0   0   0   0   0   0   0   0   0     0    0    0   0.000      0  0.00
  124  124     0   0   0   0   0 100   0   0   0   0   0   0   0   0   0   0   0   0   0   0     0    0    0   0.000      0  0.00
  125  125     0   0   0   0   0   0 100   0   0   0   0   0   0   0   0   0   0   0   0   0     0    0    0   0.000      0  0.00
  126  126     0   0   0   0   0   0   0   0   0   0   0   0   0   0 100   0   0   0   0   0     0    0    0   0.000      0  0.00
  127  127   100   0   0   0   0   0   0   0   0   0   0   0   0   0   0   0   0   0   0   0     0    0    0   0.000      0  0.00
  128  128     0   0   0   0   0   0   0   0   0   0  12   0   0  28   0   0   0   0  60   0     0    0    0   0.917     30  0.00
  129  129     0   0   0   0 100   0   0   0   0   0   0   0   0   0   0   0   0   0   0   0     0    0    0   0.000      0  0.00
  130  130     0   0   0   0   0   0   0 100   0   0   0   0   0   0   0   0   0   0   0   0     0    0    0   0.000      0  0.00
  131  131    88   0   0   0   0   0   0   0  12   0   0   0   0   0   0   0   0   0   0   0     0    0    0   0.367     12  0.00
  132  132     0  28  72   0   0   0   0   0   0   0   0   0   0   0   0   0   0   0   0   0     0    0    0   0.593     19  0.00
  133  133     0   0   0   0   0   0   0   0   0   0   0   0   0   0   0   0   0  12   0  88     0    0    0   0.367     12  0.00
  134  134     0   0   0   0   0   0   0  12   0   0   0   0   0   0   0   0   0  88   0   0     0    0    0   0.367     12  0.00
  135  135     0   0   0   0   0   0   0  12   0   0   0   0   0   0  60   0  24   4   0   0     0    0    0   1.032     34  0.00
  136  136     0  88   0  12   0   0   0   0   0   0   0   0   0   0   0   0   0   0   0   0     0    0    0   0.367     12  0.00
  137  137     0   0   0   0   0   0   0   0   0   0   0   0   0  96   0   0   4   0   0   0     0    0    0   0.168      5  0.00
  138  138     0   0   0   0   0   0   0   4   0   0   0   0   0   0  96   0   0   0   0   0     0    0    0   0.173      5  0.00
  139  139     0   0   0   0   0   0   0   0   0   0   0   0   0   0   0   0   0   0 100   0     0    0    0   0.000      0  0.00
  140  140     0   0   0   0   0   0   0   0   0   0   0   0   0   0 100   0   0   0   0   0     0    0    0   0.000      0  0.00
  141  141     0   0   0   0   0   0   0  28   0   0   0   0   0   0   0   0   0  60   0  12     0    0    0   0.917     30  0.00
  142  142     0   0   0   0   0   0 100   0   0   0   0   0   0   0   0   0   0   0   0   0     0    0    0   0.000      0  0.00
  143  143     0   0   0   0   0   0   0   0   0   0   0   0   0   0 100   0   0   0   0   0     0    0    0   0.000      0  0.00
  144  144     0   0   0   0   0   0   0   4   0   0   0   0   0   0   8   0   0   0   0  88     0    0    0   0.443     14  0.00
  145  145     0   0   0   0   0   0   0   0   0   0   0   0   0   0  88   0   0   0   0  12     0    0    0   0.367     12  0.00
  146  146     0  12   0   0   0   0  88   0   0   0   0   0   0   0   0   0   0   0   0   0     0    0    0   0.367     12  0.00
  147  147     0   0   0   0  12   0  88   0   0   0   0   0   0   0   0   0   0   0   0   0     0    0    0   0.367     12  0.00
  148  148     0   0   0   0   0   0   0   0   0   0  28   0   0   0  72   0   0   0   0   0     0    0    0   0.593     19  0.00
  149  149     0   0   0   0   0   0   0  12   0   0   0   0   0   0   0   0   0   0  88   0     0    0    0   0.367     12  0.00
  150  150     0 100   0   0   0   0   0   0   0   0   0   0   0   0   0   0   0   0   0   0     0    0    0   0.000      0  0.00
  151  151     0   0   0   0   0   0   0   0   0   0   8   4   0   0   0   0   0   0  60  28     0    0    0   0.994     33  0.00
  152  152     4   0  88   0   0   0   0   0   8   0   0   0   0   0   0   0   0   0   0   0     0    0    0   0.443     14  0.00
  153  153     0   0   0   0   0   0   0   0 100   0   0   0   0   0   0   0   0   0   0   0     0    0    0   0.000      0  0.00
  154  154     0   0   0   0   0   0   0   0   0 100   0   0   0   0   0   0   0   0   0   0     0    0    0   0.000      0  0.00
  155  155     0   0   0   0   0   0   0   0  88   0   0   0   0   0   0   0   0   0  12   0     0    0    0   0.367     12  0.00
  156  156     0   0   0   0   0   0   0   0  28   0   0   0   0   0   0   0   0  72   0   0     0    0    0   0.593     19  0.00
  157  157     0   0   0   0   0   0   0   0   0   0   0   0   0   0   0   0   0   0   0 100     0    0    0   0.000      0  0.00
  158  158     0   0   0   0   0   0   0 100   0   0   0   0   0   0   0   0   0   0   0   0     0    0    0   0.000      0  0.00
  159  159     0   0   0   0   0   0 100   0   0   0   0   0   0   0   0   0   0   0   0   0     0    0    0   0.000      0  0.00
  160  160     0   0   0   0   0   0   0  28   0   0   0   0   0   0  68   0   4   0   0   0     0    0    0   0.747     24  0.00
  161  161     0  92   8   0   0   0   0   0   0   0   0   0   0   0   0   0   0   0   0   0     0    0    0   0.279      9  0.00
  162  162     0   0   0   0   0   0   0   0 100   0   0   0   0   0   0   0   0   0   0   0     0    0    0   0.000      0  0.00
  163  163     0   0   0   0   0   0   0  96   0   0   0   0   4   0   0   0   0   0   0   0     0    0    0   0.168      5  0.00
  164  164     0   0   0   0 100   0   0   0   0   0   0   0   0   0   0   0   0   0   0   0     0    0    0   0.000      0  0.00
  165  165     0   0   0   0   0   0   0   0   0 100   0   0   0   0   0   0   0   0   0   0     0    0    0   0.000      0  0.00
  166  166     0   0   0   0   0   0   0   0   0  88   4   0   0   0   0   0   0   0   0   8     0    0    0   0.443     14  0.00
  167  167     0   0   0   0   0   0   0   8   0   0   0   0   0   0   0   0   0  28   4  60     0    0    0   0.994     33  0.00
  168  168     0   0   0   0  12   0   0   0   0   0   0   0   0  88   0   0   0   0   0   0     0    0    0   0.367     12  0.00
  169  169     0   0   0   0   0   0   0   0   0  12   0   0   0   0  28   0  60   0   0   0     0    0    0   0.917     30  0.00
  170  170     0   0   0   0   0   0   0   0 100   0   0   0   0   0   0   0   0   0   0   0     0    0    0   0.000      0  0.00
  171  171     0   0   0   0   0 100   0   0   0   0   0   0   0   0   0   0   0   0   0   0     0    0    0   0.000      0  0.00
  172  172     0   0   0   0   0   0   0   0   0   0   0   0   0   0  92   0   0   8   0   0     0    0    0   0.279      9  0.00
  173  173     0   0   0   0   0   0   0   0   0   0   0   0   0   0   0   0   0 100   0   0     0    0    0   0.000      0  0.00
  174  174     8   0   0   4   0   0   0   0   0   0   0   0   0   0   0   0   0  88   0   0     0    0    0   0.443     14  0.00
  175  175     0   0   0   0   0   0   0   0   0 100   0   0   0   0   0   0   0   0   0   0     0    0    0   0.000      0  0.00
  176  176     0   0   0   0   0 100   0   0   0   0   0   0   0   0   0   0   0   0   0   0     0    0    0   0.000      0  0.00
  177  177     0   0  88   0   0   0   0   0   0   0   4   0   0   0   8   0   0   0   0   0     0    0    0   0.443     14  0.00
  178  178     0   0   0   0   0   0   0   0   0   0   0   4   0  88   0   0   0   8   0   0     0    0    0   0.443     14  0.00
  179  179     0   0   0   0  12   0   0   0   0   0   0   0   0  88   0   0   0   0   0   0     0    0    0   0.367     12  0.00
  180  180     0   0   0   0   0   0   0   0 100   0   0   0   0   0   0   0   0   0   0   0     0    0    0   0.000      0  0.00
  181  181     0   0   0   0   0   0   0   0   0 100   0   0   0   0   0   0   0   0   0   0     0    0    0   0.000      0  0.00
  182  182     0   0   0   0   0   0   0   0   0  28   0   0   0   0   0   0  60   4   8   0     0    0    0   0.994     33  0.00
  183  183     0   0   0   0   0   0   0  88   0   0   8   0   0   0   0   0   4   0   0   0     0    0    0   0.443     14  0.00
  184  184     0   0   0   0   0   0   0   0   0   0   0   0 100   0   0   0   0   0   0   0     0    0    0   0.000      0  0.00
  185  185     0   0   0   0   0   0   0 100   0   0   0   0   0   0   0   0   0   0   0   0     0    0    0   0.000      0  0.00
//
