ID Pseudo hssp file.
SEQ 
SEQ gi|4505135|ref|NP_002382.1| midkine (neurite growth-promoting fa...    88  2e-17
SEQ gi|8978319|dbj|BAA98139.1| (AB036426) midkine [Bos taurus]             86  4e-17
SEQ gi|13639735|ref|XP_006297.2| midkine (neurite growth-promoting f...    85  1e-16
SEQ gi|13540681|ref|NP_110486.1| midkine [Rattus norvegicus] >gi|582...    79  6e-15
SEQ gi|4699752|pdb|1MKN|A Chain A, N-Terminal Half Of Midkine              78  1e-14
SEQ gi|6754668|ref|NP_034914.1| midkine [Mus musculus] >gi|127117|sp...    77  3e-14
SEQ gi|998621|gb|AAB33466.1| midkine, MK [cattle, follicular fluid, ...    71  2e-12
SEQ gi|434358|emb|CAA54020.1| (X76482) RIHB [Gallus gallus]                68  2e-11
SEQ gi|127115|sp|P24052|MK_CHICK MIDKINE PRECURSOR (RETINOIC ACID-IN...    67  3e-11
SEQ gi|1346888|sp|P48531|PTA2_XENLA PLEIOTROPHIC FACTOR-ALPHA-2 PREC...    66  5e-11
SEQ gi|5031408|gb|AAD38157.1|AF149802_1 (AF149802) pleiotrophin 1 [D...    66  5e-11
SEQ gi|1362687|pir||JC4168 midkine precursor - African clawed frog >...    66  9e-11
SEQ gi|1346887|sp|P48530|PTA1_XENLA PLEIOTROPHIC FACTOR-ALPHA-1 PREC...    66  9e-11
SEQ gi|5031406|gb|AAD38156.1|AF149801_1 (AF149801) pleiotrophin 2 [D...    64  2e-10
SEQ gi|11849649|gb|AAG27035.1| (AY008836) midkine-related growth fac...    64  2e-10
SEQ gi|2134112|pir||I51651 midkine homolog - African clawed frog >gi...    63  6e-10
SEQ gi|627915|pir||JC2267 midkine-related protein - mouse >gi|786176...    60  5e-09
SEQ gi|12857177|dbj|BAB30917.1| (AK017768) putative [Mus musculus]         56  1e-07
SEQ gi|6679543|ref|NP_032999.1| pleiotrophin; osteoblastic cell fact...    55  1e-07
SEQ gi|12847991|dbj|BAB27787.1| (AK011699) putative [Mus musculus]         54  2e-07
SEQ gi|1695743|dbj|BAA13972.1| (D89546) pleiotrophic factor beta [Su...    53  5e-07
SEQ gi|131552|sp|P21782|PTN_BOVIN PLEIOTROPHIN PRECURSOR (PTN) (HEPA...    53  5e-07
SEQ gi|4506281|ref|NP_002816.1| pleiotrophin (heparin binding growth...    52  1e-06
SEQ gi|417552|sp|P32760|PTN_CHICK PLEIOTROPHIN (PTN) (HEPARIN-BINDIN...    52  1e-06
SEQ gi|1346889|sp|P48532|PTB1_XENLA PLEIOTROPHIC FACTOR-BETA-1 PRECU...    51  2e-06
SEQ gi|1346890|sp|P48533|PTB2_XENLA PLEIOTROPHIC FACTOR-BETA-2 PRECU...    51  2e-06
SEQ gi|408989|gb|AAB26465.1| heparin binding neurite-promoting facto...    51  2e-06
SEQ gi|204574|gb|AAA41311.1| (M68916) heparin-binding neurotrophic f...    48  1e-05
SEQ gi|91264|pir||A27684 retinoic acid-induced differentiation facto...    47  3e-05
SEQ 
## SEQUENCE PROFILE AND ENTROPY
 SeqNo PDBNo   V   L   I   M   F   W   Y   G   A   P   S   T   C   H   R   K   Q   E   N   D  NOCC NDEL NINS ENTROPY RELENT WEIGHT
    1    1     0   0   0   0   0   0   0   0   0   0   0   0   0   0   0 100   0   0   0   0     0    0    0   0.000      0  0.00
    2    2     0   0   0   0   0   0   0   0   0   0   0   0   0   0   0 100   0   0   0   0     0    0    0   0.000      0  0.00
    3    3     0   0   0   0   0   0   0   0   0   0   0   0   0   0   0 100   0   0   0   0     0    0    0   0.000      0  0.00
    4    4     0   0   0   0   0   0   0   0   0   0   0   0   0   0   0   0   0   0   0 100     0    0    0   0.000      0  0.00
    5    5     0   0   0   0   0   0   0   0   0   0   0   0   0   0   0 100   0   0   0   0     0    0    0   0.000      0  0.00
    6    6   100   0   0   0   0   0   0   0   0   0   0   0   0   0   0   0   0   0   0   0     0    0    0   0.000      0  0.00
    7    7     0   0   0   0   0   0   0   0   0   0   0   0   0   0   0 100   0   0   0   0     0    0    0   0.000      0  0.00
    8    8     0   0   0   0   0   0   0   0   0   0   0   0   0   0   0 100   0   0   0   0     0    0    0   0.000      0  0.00
    9    9     0   0   0   0   0   0   0 100   0   0   0   0   0   0   0   0   0   0   0   0     0    0    0   0.000      0  0.00
   10   10     0   0   0   0   0   0   0  86   0   0   0   0   0   0   0  14   0   0   0   0     0    0    0   0.410     13  0.00
   11   11     0   0   0   0   0   0   0  14   0  86   0   0   0   0   0   0   0   0   0   0     0    0    0   0.410     13  0.00
   12   12     0   0   0   0   0   0   0 100   0   0   0   0   0   0   0   0   0   0   0   0     0    0    0   0.000      0  0.00
   13   13     0   0   0   0   0   0   0   0  11   0  89   0   0   0   0   0   0   0   0   0     0    0    0   0.340     11  0.00
   14   14     0   0   0   0   0   0   0   0   0   0   0   0   0   0   0   3   0  41   0  55     0    0    0   0.809     27  0.00
   15   15     0   0   0   0   0   0   0   0   0   0   0   0 100   0   0   0   0   0   0   0     0    0    0   0.000      0  0.00
   16   16     0   0   0   0   0   0   0  38  24   0  17  14   0   0   0   0   7   0   0   0     0    0    0   1.472     49  0.00
   17   17     0   0   0   0   0   0   0   0   0   0   0   0   0   0   0   0   0  90   0  10     0    0    0   0.333     11  0.00
   18   18     0   0   0   0   0 100   0   0   0   0   0   0   0   0   0   0   0   0   0   0     0    0    0   0.000      0  0.00
   19   19     0   3   0   0   0   0   0   0  14   0   0  31   0   7   0   0  45   0   0   0     0    0    0   1.297     43  0.00
   20   20     0   0   0   0   0  90  10   0   0   0   0   0   0   0   0   0   0   0   0   0     0    0    0   0.333     11  0.00
   21   21     0   0   0   0   0   0   0  62   0   0  38   0   0   0   0   0   0   0   0   0     0    0    0   0.664     22  0.00
   22   22    38   0   0   0   0   0   0   0   0  38  17   0   0   0   0   7   0   0   0   0     0    0    0   1.223     40  0.00
   23   23     0   0   0   0   0   0   0   0   0   0   0   0 100   0   0   0   0   0   0   0     0    0    0   0.000      0  0.00
   24   24    48   0  24   0   0   0   0   0   0   0   0  28   0   0   0   0   0   0   0   0     0    0    0   1.050     35  0.00
   25   25     0   0   0   0   0   0   0   0   3  97   0   0   0   0   0   0   0   0   0   0     0    0    0   0.150      5  0.00
   26   26     0   0   0   0   0   0   0   0   0   0  31  38   0   0   0   0   0   0  31   0     0    0    0   1.094     36  0.00
   27   27     0   0   0   0   0   0   0   0   0   0  93   0   0   0   0   0   0   0   7   0     0    0    0   0.251      8  0.00
   28   28     0   0   0   0   0   0   0  48   0   0   0   0   0   0   0  52   0   0   0   0     0    0    0   0.693     23  0.00
   29   29     0   0   0   0   0   0   0   0   0   0   0   0   0   0   0   0   0   0   0 100     0    0    0   0.000      0  0.00
   30   30     0   0   0   0   0   0   0   0   0   0   0   0 100   0   0   0   0   0   0   0     0    0    0   0.000      0  0.00
   31   31     0   0   0   0   0   0   0 100   0   0   0   0   0   0   0   0   0   0   0   0     0    0    0   0.000      0  0.00
   32   32    20  43   0  13   0   0   0   0  13   0   0   0   0   0   0   0   3   0   7   0     0    0    0   1.515     50  0.00
   33   33     0   0   0   0   0   0   0 100   0   0   0   0   0   0   0   0   0   0   0   0     0    0    0   0.000      0  0.00
   34   34     0   0   7   3  31   0   7   0   0   0   0  52   0   0   0   0   0   0   0   0     0    0    0   1.189     39  0.00
   35   35     0   0   0   0   0   0   0   0   0   0   0   0   0   0 100   0   0   0   0   0     0    0    0   0.000      0  0.00
   36   36     0   0   0   0   0   0   0   0   0   0   0   0   0   0   0   0   0 100   0   0     0    0    0   0.000      0  0.00
   37   37     0   0   0   0   0   0   0  93   7   0   0   0   0   0   0   0   0   0   0   0     0    0    0   0.245      8  0.00
   38   38     0   0   0   0   0   0   0   0   0   0   7  93   0   0   0   0   0   0   0   0     0    0    0   0.245      8  0.00
   39   39     0   0   0   0   0   0   0   0   0   0   0   0 100   0   0   0   0   0   0   0     0    0    0   0.000      0  0.00
   40   40     0   0   0   0   0   0   0  40   0   0   0   0   0   0   0  50   0   0  10   0     0    0    0   0.943     31  0.00
   41   41     3   0   0   0   0   0   0   0  30   0   0   0   0   0   0   0  37  23   0   7     0    0    0   1.363     45  0.00
   42   42     0   0   0   0   0   0   0   0   0   0   0  37   0   0   0   0  43  20   0   0     0    0    0   1.052     35  0.00
   43   43     0   0   7  27   0   0   0   0   0   0   7  60   0   0   0   0   0   0   0   0     0    0    0   1.020     34  0.00
   44   44     0   0   0   0   0   0   0   0   0   0   0   0   0   0  23  43  33   0   0   0     0    0    0   1.068     35  0.00
   45   45     0   0   0   0   0   0   0   0   0   0   0  37   0   3  30  30   0   0   0   0     0    0    0   1.204     40  0.00
   46   46    10  20  27   0   0   0   0   0   0   0   0   7   0   0   0   0  37   0   0   0     0    0    0   1.453     48  0.00
   47   47     0   0   0   0   0   0   0   0   0   0   0   0   0  13  47  40   0   0   0   0     0    0    0   0.991     33  0.00
   48   48     0   0   0   0   0   0   0   0   0   0   0   0 100   0   0   0   0   0   0   0     0    0    0   0.000      0  0.00
   49   49     0   0   0   0   0   0   0   0   0   0   0   0   0   0  23  77   0   0   0   0     0    0    0   0.543     18  0.00
   50   50    43   0  57   0   0   0   0   0   0   0   0   0   0   0   0   0   0   0   0   0     0    0    0   0.684     22  0.00
   51   51     0   3   0   0   0   0   0   0   0  97   0   0   0   0   0   0   0   0   0   0     0    0    0   0.146      4  0.00
   52   52     0   0   0   0   0   0   0   0   0   0   0   0 100   0   0   0   0   0   0   0     0    0    0   0.000      0  0.00
   53   53     0   0   0   0   0   0   0   0   0   0   0   0   0   0   0   0   0   0 100   0     0    0    0   0.000      0  0.00
   54   54     0   0   0   0   0 100   0   0   0   0   0   0   0   0   0   0   0   0   0   0     0    0    0   0.000      0  0.00
   55   55     0   0   0   0   0   0   0   0   0   0   0   0   0   0   0 100   0   0   0   0     0    0    0   0.000      0  0.00
   56   56     0   0   0   0   0   0   0   0   0   0   0   0   0   0   0 100   0   0   0   0     0    0    0   0.000      0  0.00
   57   57     0   0   0   0   0   0   0   0  10   0   0   0   0   0   0   7  38  34   0  10     0    0    0   1.389     46  0.00
   58   58     0   0   0   0 100   0   0   0   0   0   0   0   0   0   0   0   0   0   0   0     0    0    0   0.000      0  0.00
   59   59     0   0   0   0   0   0   0 100   0   0   0   0   0   0   0   0   0   0   0   0     0    0    0   0.000      0  0.00
//
