ID Pseudo hssp file.
SEQ 
SEQ gi|5031985|ref|NP_005787.1| nuclear transport factor 2 (placenta...   251  3e-66
SEQ gi|2780953|pdb|1AR0|A Chain A, Nuclear Transport Factor 2 (Ntf2)...   250  7e-66
SEQ gi|2914436|pdb|1ASK|A Chain A, Nuclear Transport Factor 2 (Ntf2)...   248  2e-65
SEQ gi|7246005|pdb|1QMA|A Chain A, Nuclear Transport Factor 2 (Ntf2)...   247  4e-65
SEQ gi|6093543|sp|O42242|NTF2_XENLA NUCLEAR TRANSPORT FACTOR 2 (NTF-...   220  7e-57
SEQ gi|7492245|pir||T38039 probable nuclear transport factor 2 - fis...    99  2e-20
SEQ gi|2833310|sp|Q21735|NTF2_CAEEL PROBABLE NUCLEAR TRANSPORT FACTO...    95  3e-19
SEQ gi|7298448|gb|AAF53669.1| (AE003659) CG10174 gene product [Droso...    95  4e-19
SEQ gi|2829735|sp|P87102|NTF2_NEUCR NUCLEAR TRANSPORT FACTOR 2 (NTF-...    93  2e-18
SEQ gi|7295554|gb|AAF50866.1| (AE003569) CG1740 gene product [Drosop...    92  3e-18
SEQ gi|6320846|ref|NP_010925.1| nuclear transport factor, homologous...    91  8e-18
SEQ gi|5360221|dbj|BAA81910.1| (AB011262) nuclear transport factor 2...    87  9e-17
SEQ gi|12323001|gb|AAG51491.1|AC069471_22 (AC069471) nuclear transpo...    86  1e-16
SEQ gi|7673015|gb|AAF66701.1|AF145758_1 (AF145758) nuclear transport...    86  2e-16
SEQ gi|7839539|gb|AAF70316.1|AF260231_1 (AF260231) Rph1 [Yarrowia li...    84  1e-15
SEQ gi|9802547|gb|AAF99749.1|AC004557_28 (AC004557) F17L21.10 [Arabi...    83  2e-15
SEQ gi|6554189|gb|AAF16635.1|AC011661_13 (AC011661) T23J18.22 [Arabi...    78  7e-14
SEQ gi|347715|gb|AAB49379.1| (L22204) shows 46% identity to human pl...    76  2e-13
SEQ gi|5880869|gb|AAD54944.1|AF156959_1 (AF156959) NTF2-related expo...    57  1e-07
SEQ gi|8920577|gb|AAF81299.1|AC027656_16 (AC027656) Strong similarit...    51  5e-06
SEQ gi|5880871|gb|AAD54945.1|AF156960_1 (AF156960) NTF2-related expo...    47  1e-04
SEQ gi|7019471|ref|NP_037380.1| NTF2-related export protein 1 [Homo ...    44  8e-04
SEQ gi|11641229|ref|NP_062735.2| NTF2-related export protein 1; NTF2...    44  0.001
SEQ 
## SEQUENCE PROFILE AND ENTROPY
 SeqNo PDBNo   V   L   I   M   F   W   Y   G   A   P   S   T   C   H   R   K   Q   E   N   D  NOCC NDEL NINS ENTROPY RELENT WEIGHT
    1    1     0   0   0   0   0   0   0 100   0   0   0   0   0   0   0   0   0   0   0   0     0    0    0   0.000      0  0.00
    2    2     0   0   0   0   0   0   0   0   0   0   0   0   0   0   0   0   0  14  14  71     0    0    0   0.796     26  0.00
    3    3     0   0   0   0   0   0   0   0   0   0   0   0   0   0   0  86   0   0  14   0     0    0    0   0.410     13  0.00
    4    4     0   0   0   0   0   0   0  11   0  89   0   0   0   0   0   0   0   0   0   0     0    0    0   0.349     11  0.00
    5    5     0   0  78   0   0   0   0   0   0   0   0   0   0   0   0   0  11   0   0  11     0    0    0   0.684     22  0.00
    6    6     0   0   0   0   0  45  36   0   9   0   0   0   0   0   0   0   0   9   0   0     0    0    0   1.162     38  0.00
    7    7     0   0   0   0   0   0   0   0   0   0   0   0   0   0   0   0   0  71   7  21     0    0    0   0.759     25  0.00
    8    8     0   0   0   0   0   0   0   0  29   0   7   0   0   0   0   0  43   7   0  14     0    0    0   1.376     45  0.00
    9    9    30  20  50   0   0   0   0   0   0   0   0   0   0   0   0   0   0   0   0   0     0    0    0   1.030     34  0.00
   10   10     0   0   0   0   0   0   0  45  50   0   5   0   0   0   0   0   0   0   0   0     0    0    0   0.856     28  0.00
   11   11     0   0   0   0   0   0   0   0   5   0  30  15   0   0   0  35  10   0   5   0     0    0    0   1.543     51  0.00
   12   12     0   0   0   0   0   0   0   5  24   0  33   5   0   0   0   0  14  10  10   0     0    0    0   1.724     57  0.00
   13   13     0   0   0   0 100   0   0   0   0   0   0   0   0   0   0   0   0   0   0   0     0    0    0   0.000      0  0.00
   14   14    42   0  29   4   0   0   0   0   0   0   0  17   8   0   0   0   0   0   0   0     0    0    0   1.362     45  0.00
   15   15     0   0   0   0   0   0   0   0   4   0   0   0   0   0   4   0  50  21  17   4     0    0    0   1.369     45  0.00
   16   16    13   4   0   0  21   0   0   0   0   0   0   0   0  46   0   4  13   0   0   0     0    0    0   1.469     49  0.00
   17   17     0   0   0   0   0   0 100   0   0   0   0   0   0   0   0   0   0   0   0   0     0    0    0   0.000      0  0.00
   18   18     0   0   0   0   0   0 100   0   0   0   0   0   0   0   0   0   0   0   0   0     0    0    0   0.000      0  0.00
   19   19     0   0   0   0   0   0   0   0  13   0  17   8   0   4   4   0  33   0  17   4     0    0    0   1.828     61  0.00
   20   20     4  29   8   0   0   0   0   0   0   0   4  38   0   0   0   4  13   0   0   0     0    0    0   1.591     53  0.00
   21   21     4   4   0  13  79   0   0   0   0   0   0   0   0   0   0   0   0   0   0   0     0    0    0   0.710     23  0.00
   22   22     0   0   0   0   0   0   4   0   0   0   0   0   0   0   0   0   0   0   0  96     0    0    0   0.173      5  0.00
   23   23     0   0   0   4   0   0   0   0   8   0  13  21   0   0   4  13   0   0  29   8     0    0    0   1.885     62  0.00
   24   24     0   0   0   0   0   0   0   0   0   8   8   0   0   0  13   4   0   0  13  54     0    0    0   1.399     46  0.00
   25   25     0   0   0   0   0   0   0   0   8   4   0   0   0   0  88   0   0   0   0   0     0    0    0   0.456     15  0.00
   26   26     4   0   0   0   0   0   0   0   4   8  29  25   0   0   8   4   4   4   8   0     0    0    0   1.989     66  0.00
   27   27     0   8   0   0   0   0   0   8   4   0   4   0   0   0   8   4  58   0   4   0     0    0    0   1.465     48  0.00
   28   28     4  79   8   0   0   0   0   0   4   0   0   0   0   0   0   0   0   4   0   0     0    0    0   0.789     26  0.00
   29   29     8   0   0   0   0   0   0  46  13   0  21   0   0   4   0   0   0   0   8   0     0    0    0   1.491     49  0.00
   30   30    13   0   0   0   4   0   0   8  21   0  17   0   0   0  13   0   4   0  17   4     0    0    0   2.048     68  0.00
   31   31     4  63  29   0   4   0   0   0   0   0   0   0   0   0   0   0   0   0   0   0     0    0    0   0.918     30  0.00
   32   32     0   0   0   0   4   0  92   0   0   0   0   0   0   0   0   0   0   0   4   0     0    0    0   0.345     11  0.00
   33   33     0   8  21   8   4   0   4   0   0   4   0   8   0   0  25   0  13   0   4   0     0    0    0   2.084     69  0.00
   34   34     0   0   0   0   0   0   4   8   0   4   0   0   0   0   0   0   4  17  17  46     0    0    0   1.559     52  0.00
   35   35     4   0   0   0   0   0   0   8  33   0   4  13   0   4   0   0   0  17  13   4     0    0    0   1.921     64  0.00
   36   36     0   0   0   0   0   0   0   0  13   0  88   0   0   0   0   0   0   0   0   0     0    0    0   0.377     12  0.00
   37   37     4   4   0  38   8   0   4   0   0   0   0  13  25   0   0   0   0   0   4   0     0    0    0   1.711     57  0.00
   38   38     0  83   0  13   0   0   0   0   4   0   0   0   0   0   0   0   0   0   0   0     0    0    0   0.544     18  0.00
   39   39    13   0   0   0   0   0   0   4   0   0   8  75   0   0   0   0   0   0   0   0     0    0    0   0.815     27  0.00
   40   40     0   0   0   0  54  42   0   0   0   0   0   0   0   0   4   0   0   0   0   0     0    0    0   0.829     27  0.00
   41   41     0   0   0   0   0   0   0   0   0   4   0   4   0   0   0   4   0  71  17   0     0    0    0   0.940     31  0.00
   42   42     0   0   0   0   0   0   0  88   0   0   0  13   0   0   0   0   0   0   0   0     0    0    0   0.377     12  0.00
   43   43     0   0   0   0   0   0   0   0   8   0  17   4   0   4   0   0  46   0  21   0     0    0    0   1.455     48  0.00
   44   44     0   0   0   0   0   0   0   4   8   4   4   4   0   0   0   8  67   0   0   0     0    0    0   1.214     40  0.00
   45   45    13  17  25   0  25   0   4   0   8   0   4   0   0   4   0   0   0   0   0   0     0    0    0   1.856     61  0.00
   46   46     0   8   4   0   0   0   4   0   0   0   8   0   0   4   0   8  58   0   4   0     0    0    0   1.465     48  0.00
   47   47     0   0   0   0   0   0   0  96   0   0   4   0   0   0   0   0   0   0   0   0     0    0    0   0.173      5  0.00
   48   48     8   4   0   0   0   0   4   0  33   0   4   4   0   0   8  25   8   0   0   0     0    0    0   1.864     62  0.00
   49   49     0   0   0   0   0   0   0   0  29   8   0   0   0   0   4  17  21   8   0  13     0    0    0   1.791     59  0.00
   50   50     0   0   0   4   0   0   0   8  42   0  17   0   0   0   0   8   0   0   8  13     0    0    0   1.677     55  0.00
   51   51     0   8  92   0   0   0   0   0   0   0   0   0   0   0   0   0   0   0   0   0     0    0    0   0.287      9  0.00
   52   52    54  13   0   0   0   0   0   0   4   0  13   4   4   0   0   0   0   4   4   0     0    0    0   1.514     50  0.00
   53   53     0   0   0   0   0   0   0   4   8   0   4   0   0   0   0   0   4  75   4   0     0    0    0   0.953     31  0.00
   54   54     0   0   0   0  13   0   4   0   0   0   0   0   0   0   0  79   4   0   0   0     0    0    0   0.710     23  0.00
   55   55     8  67   4   4  17   0   0   0   0   0   0   0   0   0   0   0   0   0   0   0     0    0    0   1.041     34  0.00
   56   56    17   0   0   4   0   0   0   4   4   0  25  17   0   0   0   8  13   8   0   0     0    0    0   2.015     67  0.00
   57   57     0   4   0   8   0   0   0   8   4   0  63   4   0   0   0   0   4   4   0   0     0    0    0   1.370     45  0.00
   58   58     0  96   0   0   4   0   0   0   0   0   0   0   0   0   0   0   0   0   0   0     0    0    0   0.173      5  0.00
   59   59     0   0   0   0   0   0   0   4   0  83   8   0   0   0   0   0   0   0   0   4     0    0    0   0.624     20  0.00
   60   60     0   0   0   0  83   0   4   0   0   0  13   0   0   0   0   0   0   0   0   0     0    0    0   0.560     18  0.00
   61   61     0   0   0   0   0   0   0   4   4   0  13   4   0   0   0   0  65   4   0   4     0    0    0   1.226     40  0.00
   62   62     0   0   4   0   0   0   0   0   0   0   4   0   0   0   4  57  22   9   0   0     0    0    0   1.276     42  0.00
   63   63    26   0  39   0   9   0   0   0   0   0   4   4  17   0   0   0   0   0   0   0     0    0    0   1.507     50  0.00
   64   64     0   0   0   0   0   0   0   0   8   0   0   4   0   8   4  17  54   0   4   0     0    0    0   1.442     48  0.00
   65   65     0   0  13   0   0   0   0   0   4   0   0   0   0  71  13   0   0   0   0   0     0    0    0   0.897     29  0.00
   66   66     8   4   0   0   0   0   0   0   4   0  33   0   0   4  17   4   8   4   4   8     0    0    0   2.081     69  0.00
   67   67     8   4  83   0   0   0   4   0   0   0   0   0   0   0   0   0   0   0   0   0     0    0    0   0.624     20  0.00
   68   68     8   4   0   0   0   0   0   4   0   0  21  50   0   0   0   0   4   0   8   0     0    0    0   1.485     49  0.00
   69   69     5   0   0   0   0   0   0   0  23   5   9  55   0   0   0   0   0   0   0   5     0    0    0   1.307     43  0.00
   70   70    27  27   9   0   0   0   0   0   5   5   0   0   0   0   0   0  27   0   0   0     0    0    0   1.562     52  0.00
   71   71     0   0   0   0   0   0   0   0   0   0   0   0   0   0   0   0   0   0   0 100     0    0    0   0.000      0  0.00
   72   72     0   0   0   0   0   0   0   0  33   0  21   0  21  25   0   0   0   0   0   0     0    0    0   1.366     45  0.00
   73   73     0   0   0   0   0   0   0   0   0   0   0   0   0   0   0   0 100   0   0   0     0    0    0   0.000      0  0.00
   74   74     0   0   0   0   0   0   0   0   4  92   0   0   0   0   4   0   0   0   0   0     0    0    0   0.345     11  0.00
   75   75     8   8   4   0   0   0   0   0   4   0  33  42   0   0   0   0   0   0   0   0     0    0    0   1.410     47  0.00
   76   76     4   0   0   0   4   0   8   4  13  50   8   0   0   8   0   0   0   0   0   0     0    0    0   1.625     54  0.00
   77   77     0   0   0   4   0   0   0   4  13   0   0   8   0   0   0   0   4   4  13  50     0    0    0   1.603     53  0.00
   78   78     0   0   0   0   0   0   0  46   0   0  29  13   0   0   0   0   8   0   4   0     0    0    0   1.316     43  0.00
   79   79     4   0   0   0   0   0   0  33   4   0   8   8  29   0   0   0   0   0   0  13     0    0    0   1.664     55  0.00
   80   80    42   0  42  13   0   0   0   0   0   0   0   4   0   0   0   0   0   0   0   0     0    0    0   1.122     37  0.00
   81   81     4  50  38   0   0   0   0   4   0   0   0   0   0   0   0   0   4   0   0   0     0    0    0   1.112     37  0.00
   82   82    50   0  17   0   0   0   0   0   0   0  25   4   0   0   0   0   0   0   0   4     0    0    0   1.257     41  0.00
   83   83     8  13   4  54  17   0   0   0   0   0   0   0   0   0   0   0   0   0   4   0     0    0    0   1.363     45  0.00
   84   84    79   0  17   0   0   0   0   0   4   0   0   0   0   0   0   0   0   0   0   0     0    0    0   0.616     20  0.00
   85   85    26  13   0   0   0   0   0   0   4   0  22  26   9   0   0   0   0   0   0   0     0    0    0   1.647     54  0.00
   86   86     0   0   0   0   0   0   0 100   0   0   0   0   0   0   0   0   0   0   0   0     0    0    0   0.000      0  0.00
   87   87     0   4   0   0   0   0   0   0   4   0  13   4   0   0   9   0  39  13   9   4     0    0    0   1.869     62  0.00
   88   88    17  83   0   0   0   0   0   0   0   0   0   0   0   0   0   0   0   0   0   0     0    0    0   0.462     15  0.00
   89   89     0  13   4   0   0   0   0   0   0   0   0   9   4   4   4  48  13   0   0   0     0    0    0   1.642     54  0.00
   90   90    17   4   9   0  13   0   0   4  35   0   0   9   9   0   0   0   0   0   0   0     0    0    0   1.847     61  0.00
   91   91     0   0   0   0   0   0   0   9   4   0   0   0   0   0   0   4   0  13   0  70     0    0    0   1.003     33  0.00
   92   92     0   0   0   0   0   0   0  17   0   0   0   0   0   0   0   0   0  61   0  22     0    0    0   0.938     31  0.00
   93   93     0   0   0   0   0   0   0   4   0   0   0   0   0   9   0   0  13  17   9  48     0    0    0   1.484     49  0.00
   94   94     0   0   0   0   0   0   0   0   0  48   4   0   0   9   4   9  22   0   4   0     0    0    0   1.518     50  0.00
   95   95     0   9  32   5   0   0   0   0  14  23   0   0   0   0   5   5   9   0   0   0     0    0    0   1.830     61  0.00
   96   96     0  22   0  30   0   0   0   0   0   0   0   0   0   9  22   0  13   0   4   0     0    0    0   1.640     54  0.00
   97   97     0   0   0   0   4   0   0  30  13   9   0   0   0   0  17  17   0   0   0   9     0    0    0   1.797     59  0.00
   98   98     0   0   0   0  78   0  17   0   0   0   4   0   0   0   0   0   0   0   0   0     0    0    0   0.632     21  0.00
   99   99     0   0   0   0   0   0   0   4   0   0  48   4   0  26   0   0   9   0   9   0     0    0    0   1.401     46  0.00
  100  100     0   0   0   0   0   0   0   0   0   0   0   4   0   0   0   0  96   0   0   0     0    0    0   0.179      5  0.00
  101  101    30   0   4  35   4   0   0   0   4   0   4   9   0   0   0   0   0   0   9   0     0    0    0   1.699     56  0.00
  102  102     0   4   0   0  91   0   0   0   0   0   0   0   0   4   0   0   0   0   0   0     0    0    0   0.356     11  0.00
  103  103     0  43  17   0   9   0   0   0   0   0   0   0   0  22   0   0   9   0   0   0     0    0    0   1.423     47  0.00
  104  104     4  87   4   4   0   0   0   0   0   0   0   0   0   0   0   0   0   0   0   0     0    0    0   0.531     17  0.00
  105  105     9   4  17   0   0   0   0   4   0   9   0  13   0   0   4  35   4   0   0   0     0    0    0   1.907     63  0.00
  106  106     9   0   0   0   0   0   0   0  17  26   4   4   0   0   0   0   0   0  35   4     0    0    0   1.643     54  0.00
  107  107     0   9  26   0   0   0   0   0   9   4   9   0   0   0   0   0   0   9  22  13     0    0    0   1.934     64  0.00
  108  108     0   0   0   0   0   0   0  17   4   0   4   0   0   0   0   0  22   0  48   4     0    0    0   1.398     46  0.00
  109  109     0   0   0   0   0   0   0  52   0   0   4   9   0   0   0   0   0   0   4  30     0    0    0   1.187     39  0.00
  110  110     9   0   0   0   0   0   0   0  26   0  35   4   0   0   0   9   4   0  13   0     0    0    0   1.681     56  0.00
  111  111     0   4   0   0  17  43  35   0   0   0   0   0   0   0   0   0   0   0   0   0     0    0    0   1.170     39  0.00
  112  112    26   0   0   0  26   0  30   0   0   0   0   0   0   0   0  17   0   0   0   0     0    0    0   1.367     45  0.00
  113  113    61   0  13   0   0   0   0   0   0   0   0   0  26   0   0   0   0   0   0   0     0    0    0   0.918     30  0.00
  114  114     4   9   0   0  26   0   0   4  17   0   0  26   0   0   0   4   9   0   0   0     0    0    0   1.839     61  0.00
  115  115     0   0   0   0   0   0   0   0   0   0  17   0   0   9   0   0   0   0  74   0     0    0    0   0.740     24  0.00
  116  116     0   0   0   0   0   0   0   0   0   0   0   0   0   0   0   0   0   9   0  91     0    0    0   0.295      9  0.00
  117  117     4   4  39  35   0   0   0   0   0   0   0   0  13   0   4   0   0   0   0   0     0    0    0   1.409     47  0.00
  118  118     0   0   0   0  96   0   4   0   0   0   0   0   0   0   0   0   0   0   0   0     0    0    0   0.179      5  0.00
  119  119     0   0   0   0   0   0   0   0   0   0   0   0   0   0  96   4   0   0   0   0     0    0    0   0.179      5  0.00
  120  120     0  95   0   5   0   0   0   0   0   0   0   0   0   0   0   0   0   0   0   0     0    0    0   0.206      6  0.00
  121  121    10   0   0   0   0   0   0   0  60   0   0   0   0   0   0   0   0   0  20  10     0    0    0   1.089     36  0.00
  122  122     0  80  20   0   0   0   0   0   0   0   0   0   0   0   0   0   0   0   0   0     0    0    0   0.500     16  0.00
  123  123     0   0   0   0   0   0   0   0   0   0   0   0   0 100   0   0   0   0   0   0     0    0    0   0.000      0  0.00
  124  124     0   0   0   0   0   0   0   0   0   0   0   0   0   0   0   0   0   0 100   0     0    0    0   0.000      0  0.00
  125  125     0   0   0   0 100   0   0   0   0   0   0   0   0   0   0   0   0   0   0   0     0    0    0   0.000      0  0.00
//
