ID Pseudo hssp file.
SEQ 
SEQ gi|462565|sp|P34948|MANA_CANAL MANNOSE-6-PHOSPHATE ISOMERASE (PH...   855  0.0
SEQ gi|1941990|pdb|1PMI|    Human Rantes                                  855  0.0
SEQ gi|6320839|ref|NP_010918.1| mannose-6-phosphate isomerase; Pmi40...   519  e-146
SEQ gi|172166|gb|AAA34872.1| (M85238) phosphomannose isomerase [Sacc...   517  e-145
SEQ gi|266501|sp|P29951|MANA_EMENI MANNOSE-6-PHOSPHATE ISOMERASE (PH...   334  2e-90
SEQ gi|7492164|pir||T40155 mannose-6-phosphate isomerase - fission y...   330  3e-89
SEQ gi|9965934|gb|AAG10203.1|AF291701_1 (AF291701) mannose-6-phospha...   295  7e-79
SEQ gi|4505235|ref|NP_002426.1| mannose-6- phosphate isomerase; Mann...   279  6e-74
SEQ gi|6957720|gb|AAF32464.1| (AC021640) putative mannose-6-phosphat...   264  2e-69
SEQ gi|11275529|dbj|BAB18294.1| (AP002860) putative mannose-6-phosph...   258  8e-68
SEQ gi|14290579|gb|AAH09068.1|AAH09068 (BC009068) Similar to mannose...   255  7e-67
SEQ gi|9755456|gb|AAF98217.1|AC007152_13 (AC007152) Putative mannose...   248  7e-65
SEQ gi|11602715|emb|CAC18544.1| (AJ292370) putative mannose-6-phosph...   248  1e-64
SEQ gi|11342604|emb|CAC17142.1| (AJ300464) phosphomannose isomerase ...   202  6e-51
SEQ gi|462564|sp|P34650|MANA_CAEEL PROBABLE MANNOSE-6-PHOSPHATE ISOM...   198  1e-49
SEQ gi|7299246|gb|AAF54442.1| (AE003684) CG8417 gene product [Drosop...   193  3e-48
SEQ gi|7495423|pir||T31747 hypothetical protein C05C8.7 - Caenorhabd...   192  6e-48
SEQ gi|11355647|pir||G82150 mannose-6-phosphate isomerase VC1827 [im...   165  8e-40
SEQ gi|126726|sp|P25081|MANA_SALTY MANNOSE-6-PHOSPHATE ISOMERASE (PH...   152  7e-36
SEQ gi|10834550|gb|AAG23720.1|AF159377_1 (AF159377) phosphomannose i...   148  1e-34
SEQ gi|12515597|gb|AAG56600.1|AE005385_1 (AE005385) mannose-6-phosph...   146  5e-34
SEQ gi|126724|sp|P00946|MANA_ECOLI MANNOSE-6-PHOSPHATE ISOMERASE (PH...   146  8e-34
SEQ gi|11355646|pir||D82343 mannose-6-phosphate isomerase VC0269 [im...   144  2e-33
SEQ gi|7649489|emb|CAB88909.1| (AL353862) mannose-6-phosphate isomer...   139  8e-32
SEQ gi|12833864|dbj|BAB22693.1| (AK003289) putative [Mus musculus]        135  1e-30
SEQ gi|7437348|pir||A70594 probable manA protein - Mycobacterium tub...   131  2e-29
SEQ gi|13092880|emb|CAC30274.1| (AL583919) putative mannose-6-phosph...   129  6e-29
SEQ gi|12721136|gb|AAK02913.1| (AE006121) Pmi [Pasteurella multocida]     112  1e-23
SEQ gi|7437347|pir||F70150 mannose-6-phosphate isomerase (manA) homo...    98  2e-19
SEQ gi|913619|gb|AAB32921.1| type I phosphomannose isomerase, type I...    85  2e-15
SEQ 
## SEQUENCE PROFILE AND ENTROPY
 SeqNo PDBNo   V   L   I   M   F   W   Y   G   A   P   S   T   C   H   R   K   Q   E   N   D  NOCC NDEL NINS ENTROPY RELENT WEIGHT
    1    1     0   0   0   0   0   0   0   0  20   0  60   0   0   0   0   0   0   0  20   0     0    0    0   0.950     31  0.00
    2    2     0   0   0   0   0   0   0   0  11   0  78   0   0   0   0   0   0  11   0   0     0    0    0   0.684     22  0.00
    3    3     0   0   0   0   0   0   0   0   0  18   9   0   0   0   0   0   0  45  18   9     0    0    0   1.414     47  0.00
    4    4     0   0   0   0   0   0   0   0   0   7   7   0   0   0  21  36   0  21   7   0     0    0    0   1.593     53  0.00
    5    5    17  50  17  11   0   0   0   0   0   0   6   0   0   0   0   0   0   0   0   0     0    0    0   1.349     45  0.00
    6    6     6  22   0   0  50   0   6   0   0   0   0   0   0   0   6   0  11   0   0   0     0    0    0   1.407     46  0.00
    7    7     0   5   0   0   0   0   0   0   0  11   0   0   0   0  63  16   5   0   0   0     0    0    0   1.129     37  0.00
    8    8     0  74  21   5   0   0   0   0   0   0   0   0   0   0   0   0   0   0   0   0     0    0    0   0.708     23  0.00
    9    9     0   0   0   0   0   0   0   0   0   0  16   0   0   0  21  26  21   0   0  16     0    0    0   1.590     53  0.00
   10   10     5   0   0   0   0   0   0   0  11   5   0   0  74   0   0   0   0   0   5   0     0    0    0   0.927     30  0.00
   11   11     5   0   0   0  11   0   0  42  16   0   5   5   0   5   0   0   0   0   5   5     0    0    0   1.822     60  0.00
   12   12    53   0  11   0   0   0  26   0   0   0   5   0   0   5   0   0   0   0   0   0     0    0    0   1.236     41  0.00
   13   13     0   0   0   0   0   0   0   0   0   0   0   0   0   0   7  26  56   0  11   0     0    0    0   1.113     37  0.00
   14   14     0   0   0   0   0   0   0   0   0   0  15   7   0   4   4   0  19   4  41   7     0    0    0   1.713     57  0.00
   15   15     0   0   0   0   0   0 100   0   0   0   0   0   0   0   0   0   0   0   0   0     0    0    0   0.000      0  0.00
   16   16     0   0   0   0   0   0   0   7  46   0   0   0   0   0   0   0   0  11   0  36     0    0    0   1.152     38  0.00
   17   17     0   0   0   0   0 100   0   0   0   0   0   0   0   0   0   0   0   0   0   0     0    0    0   0.000      0  0.00
   18   18     0   0   0   0   0   0   0 100   0   0   0   0   0   0   0   0   0   0   0   0     0    0    0   0.000      0  0.00
   19   19     0   0   0   0   0   0   0   5   0   5   5   0   0   0  10  76   0   0   0   0     0    0    0   0.866     28  0.00
   20   20    19  10  38   5   0   0   5   0   0   0   0   0   0   0   5  14   0   0   0   5     0    0    0   1.765     58  0.00
   21   21     0   0   0   0   0   0   0  93   4   0   0   0   0   0   0   0   0   0   0   4     0    0    0   0.315     10  0.00
   22   22     4   0   4   0   0   0   0   0   4  11  63   0   0   4   0   0   0   7   4   0     0    0    0   1.339     44  0.00
   23   23     0   0   0   0   0   0   0   0   8   0  27   4   0   0   8  19   0  19  12   4     0    0    0   1.882     62  0.00
   24   24     0   0   0   0   0   0   0   0   0   0  73  27   0   0   0   0   0   0   0   0     0    0    0   0.582     19  0.00
   25   25     0  23   4   4   4   0   0   0  50   0   0   0   0   0   4   0   0  12   0   0     0    0    0   1.435     47  0.00
   26   26    56  15  15   0   0   0   0   0  15   0   0   0   0   0   0   0   0   0   0   0     0    0    0   1.175     39  0.00
   27   27     0   0   0   0   0   0   7   4  67   4   0  11   0   0   0   0   4   0   4   0     0    0    0   1.196     39  0.00
   28   28     0   0   0   0   0   0   0   0   0   0   4   4   4   0  22  15  33  19   0   0     0    0    0   1.662     55  0.00
   29   29     0  63   0   4  29   0   4   0   0   0   0   0   0   0   0   0   0   0   0   0     0    0    0   0.918     30  0.00
   30   30    19  19   0   0  12   0  12   0  27   0   4   8   0   0   0   0   0   0   0   0     0    0    0   1.808     60  0.00
   31   31     0   4   0   4   0   0   4  20  28   0   0   4   0  12   0   0   8   8   0   8     0    0    0   2.054     68  0.00
   32   32     0   4   8   8   0   0   0   4  15   0  12   4   0   8   8   0   0   8  15   8     0    0    0   2.385     79  0.00
   33   33     0   0   0   0   4   0   0   7  19  11  30   7   0   0   0   0   0  15   7   0     0    0    0   1.900     63  0.00
   34   34     7   0   7   0   0   0   0   7   7   0   0   0   0   4   0   0   0   4  33  30     0    0    0   1.742     58  0.00
   35   35     0   0   0   0   0   0   4   0   0  71   4   7   0   4   0   4   0   4   0   4     0    0    0   1.143     38  0.00
   36   36     0   8   4   0   0   0   0  15   8   0  35   4   0   0   0   0   0   0   8  19     0    0    0   1.815     60  0.00
   37   37    10  10  20   0  25   0   5   0  10   5   0   0   0   5   0   0  10   0   0   0     0    0    0   2.039     68  0.00
   38   38     0   5   0   0   0   0   0   5   5   0   5  25   0   0  15   0  25  10   5   0     0    0    0   1.957     65  0.00
   39   39    15  10  55   0   0   0   0   5   0   5   0   0   0   5   0   0   0   0   5   0     0    0    0   1.443     48  0.00
   40   40     5   0   0   0   0   0   0   0   5   0   5   0   0   0   0   0   0  15   5  65     0    0    0   1.164     38  0.00
   41   41     0   0   0   0   0   0   0   0   5  14   9   0   0   0   0  18  18  32   0   5     0    0    0   1.755     58  0.00
   42   42     0   4   4   0   0   0   0   7  11   0  11  14   0   0   0   4   4  11   4  29     0    0    0   2.137     71  0.00
   43   43     0   0   7   0   0   0   0   0   0   0   0   7   0   7  11  41  11  11   0   4     0    0    0   1.799     60  0.00
   44   44     0   0   0   4   0   0   0   0   4  89   0   4   0   0   0   0   0   0   0   0     0    0    0   0.458     15  0.00
   45   45     0   0   0  10   3   0  66   0   0   0   0   0   0   0   0   3  10   7   0   0     0    0    0   1.163     38  0.00
   46   46     0   0   0   0   0   0   0   0 100   0   0   0   0   0   0   0   0   0   0   0     0    0    0   0.000      0  0.00
   47   47     0   0   0   0   0   0   0   0   0   0   0   0   0   0   0   0   0 100   0   0     0    0    0   0.000      0  0.00
   48   48     3  72   0  10  10   3   0   0   0   0   0   0   0   0   0   0   0   0   0   0     0    0    0   0.935     31  0.00
   49   49     0   0   0   0   0 100   0   0   0   0   0   0   0   0   0   0   0   0   0   0     0    0    0   0.000      0  0.00
   50   50     7   7   0  79   7   0   0   0   0   0   0   0   0   0   0   0   0   0   0   0     0    0    0   0.737     24  0.00
   51   51     0   0   0   0   0   0   0 100   0   0   0   0   0   0   0   0   0   0   0   0     0    0    0   0.000      0  0.00
   52   52     0   0   0   0   0   0   0   0  31   0   3  66   0   0   0   0   0   0   0   0     0    0    0   0.756     25  0.00
   53   53     0   0   0   0   0   0   0   0   0   0   0   0   0 100   0   0   0   0   0   0     0    0    0   0.000      0  0.00
   54   54     4   4   0   0   0   0   0   0   4  68   7   0   0   0   0   4   0  11   0   0     0    0    0   1.167     38  0.00
   55   55     0   0   0   0   0   0   0   7   0   0  43   4   0   0   7  18   0   0  18   4     0    0    0   1.593     53  0.00
   56   56    14   4   0   7   4   0   0  39  11   0  11   0   4   0   0   0   0   0   4   4     0    0    0   1.907     63  0.00
   57   57     0   0   0   0   0   4   0   0   0  64  18   0   7   0   0   0   0   0   0   7     0    0    0   1.088     36  0.00
   58   58     0   4   0   0   0   0   0   0  18   0  79   0   0   0   0   0   0   0   0   0     0    0    0   0.616     20  0.00
   59   59     0   0   0   4   4   4  11   4   0   0   4   0   4  11  19  30   7   0   0   0     0    0    0   2.086     69  0.00
   60   60    21  25  18   0   0   0   4   0  18   0   0   4   0   0   0   0   0   0   7   4     0    0    0   1.837     61  0.00
   61   61    12  12  20   4   4   4   0   0   8   0   8   4   0   8   0   0  12   4   0   0     0    0    0   2.335     77  0.00
   62   62     0   0   0   0   0   0   4   0   0   0   0   8   0   0   0   0   0  25  17  46     0    0    0   1.342     44  0.00
   63   63     0  20  10   0   5   0   0  20  20   5   0   0   0   0   0  15   0   0   5   0     0    0    0   1.930     64  0.00
   64   64     0   0   0   0   0   0   0   4  12   4  20   4   8   4   0  12   0   4  28   0     0    0    0   2.033     67  0.00
   65   65     0   0   4   8   0   0   0  23   4   0   0   4   0   4   4   8  12   8  15   8     0    0    0   2.291     76  0.00
   66   66    15   0   4   0   0   0   4   7   4   0   4   7   0   0   4   7  22  15   0   7     0    0    0   2.282     76  0.00
   67   67     4  15   0   0   0   0   0   0   4   0  19  52   0   0   0   4   4   0   0   0     0    0    0   1.424     47  0.00
   68   68     0  93   4   0   0   0   0   4   0   0   0   0   0   0   0   0   0   0   0   0     0    0    0   0.315     10  0.00
   69   69     0  11   0   0   0   0   0   4  11   0  11   0   0   0  37  19   0   7   0   0     0    0    0   1.727     57  0.00
   70   70     0   0   0   0   0   0   0   0   7   4  14   7   0   0   0   4  11  11   0  43     0    0    0   1.735     57  0.00
   71   71    11  25   7   4  11  21   0   0   7   0   0   0   0   7   0   4   0   0   0   4     0    0    0   2.078     69  0.00
   72   72    29  21  39   0   4   0   0   0   0   0   4   0   4   0   0   0   0   0   0   0     0    0    0   1.412     47  0.00
   73   73     4  12   0   0   0   0   0   0  19   0  12  15   0   0   4   4   8  19   0   4     0    0    0   2.119     70  0.00
   74   74     0   4   0   0   0   0   0   0  25   0  11   7   0   0   4  11  14  14   0  11     0    0    0   2.047     68  0.00
   75   75     0   4   0   0   0   0   0   0   0   0   4   0   0   7   0  21   0   4  39  21     0    0    0   1.573     52  0.00
   76   76     0   4   0   0   0   0   0   0   0  67   0   4   0   4   0  19   0   0   4   0     0    0    0   1.071     35  0.00
   77   77     0   4   0   0   0   0   0   0   8   4  20  12   0   0   0  12  16  12  12   0     0    0    0   2.092     69  0.00
   78   78     0   4   0   0   0   0   0   8  23   0   8  12   0   0   0   8   0  27   0  12     0    0    0   1.907     63  0.00
   79   79     4  32   4  12   4   0  20   0   0   0   4   4   4   0   0   0   8   4   0   0     0    0    0   2.044     68  0.00
   80   80     3  79   3   3   3   0   0   0   0   0   0   0   3   0   0   0   3   0   0   0     0    0    0   0.881     29  0.00
   81   81     0   0   0   0   0   0   0  86   4   0  11   0   0   0   0   0   0   0   0   0     0    0    0   0.490     16  0.00
   82   82     4   0   4   0   0   0   0   0   4   7  21   4   0   0   0  18   0  32   4   4     0    0    0   1.905     63  0.00
   83   83     4   0   0   0   0   0   4   0  25   4  18   4   0   4   4  21   4   4   0   7     0    0    0   2.125     70  0.00
   84   84    48   0  19   0   0   0   0   0   0   4  19   7   0   0   0   0   4   0   0   0     0    0    0   1.413     47  0.00
   85   85    19  15  19   0   0   0   4   0  22   0   7   0   0   0   7   7   0   0   0   0     0    0    0   1.942     64  0.00
   86   86     0   0   4   0   0   0   0   0  15   0   7  19   0   0   4  15   0  11   7  19     0    0    0   2.064     68  0.00
   87   87     0   0   0   0   0   0   4   0   0   0   0  11   0   0  30  37  11   4   4   0     0    0    0   1.583     52  0.00
   88   88     0   0   0   0  70  15   7   0   0   0   0   4   0   0   0   0   0   0   4   0     0    0    0   0.967     32  0.00
   89   89     0   0   0   0   0   0   0  75   0   0   0   0   0   7   4   0   0   4  11   0     0    0    0   0.882     29  0.00
   90   90     0   0   0   0   0   0   0  18   9   5  23   0  18   0   0   0   0   9   0  18     0    0    0   1.843     61  0.00
   91   91    14   0   0   0   0   0   0   0   7   0  21  29   7   0   0   7   0   0  14   0     0    0    0   1.810     60  0.00
   92   92     0   0   0   0   0   0   0   8   0   0   0   0   0   0   8  58   0   0  17   8     0    0    0   1.234     41  0.00
   93   93     0   0   0   0   0   0   0   0   0   0   0   0   0   4   8   8   4  48   4  24     0    0    0   1.485     49  0.00
   94   94     3  93   0   0   3   0   0   0   0   0   0   0   0   0   0   0   0   0   0   0     0    0    0   0.299      9  0.00
   95   95     0   0   0   0   0   0   0   0   0  93   7   0   0   0   0   0   0   0   0   0     0    0    0   0.251      8  0.00
   96   96     0   0   0   0  83   0  17   0   0   0   0   0   0   0   0   0   0   0   0   0     0    0    0   0.460     15  0.00
   97   97     0  97   3   0   0   0   0   0   0   0   0   0   0   0   0   0   0   0   0   0     0    0    0   0.150      5  0.00
   98   98     7  14   0   3  76   0   0   0   0   0   0   0   0   0   0   0   0   0   0   0     0    0    0   0.783     26  0.00
   99   99     0   0   0   0   0   0   0   0   0   0   0   0   0   0   0 100   0   0   0   0     0    0    0   0.000      0  0.00
  100  100    83   3  14   0   0   0   0   0   0   0   0   0   0   0   0   0   0   0   0   0     0    0    0   0.546     18  0.00
  101  101     0  97   0   3   0   0   0   0   0   0   0   0   0   0   0   0   0   0   0   0     0    0    0   0.150      5  0.00
  102  102     0   0   0   0   0   0   0   0  17   0  69   0  10   0   0   0   0   0   0   3     0    0    0   0.910     30  0.00
  103  103    31   0  38   0   0   0   0   0  31   0   0   0   0   0   0   0   0   0   0   0     0    0    0   1.094     36  0.00
  104  104     0   3   0   0   0   0   0   7  24   0   0   7   0   0  10   0   0  24  14  10     0    0    0   1.914     63  0.00
  105  105     0   0   0   0   0   0   0   3   3   0   0  17   0   0   3  55  10   7   0   0     0    0    0   1.399     46  0.00
  106  106    21   0   0   0   0   0   0   0  38  38   0   3   0   0   0   0   0   0   0   0     0    0    0   1.177     39  0.00
  107  107     0 100   0   0   0   0   0   0   0   0   0   0   0   0   0   0   0   0   0   0     0    0    0   0.000      0  0.00
  108  108     0   0   0   0   0   0   0   0   0   0 100   0   0   0   0   0   0   0   0   0     0    0    0   0.000      0  0.00
  109  109     0  14  86   0   0   0   0   0   0   0   0   0   0   0   0   0   0   0   0   0     0    0    0   0.401     13  0.00
  110  110     0   0   0   0   0   0   0   0   0   0   0   0   0   0   0   0 100   0   0   0     0    0    0   0.000      0  0.00
  111  111    28   3   7   0   0   0   0   0  62   0   0   0   0   0   0   0   0   0   0   0     0    0    0   0.952     31  0.00
  112  112     0   0   0   0   0   0   0   0   0   0   0   0   0 100   0   0   0   0   0   0     0    0    0   0.000      0  0.00
  113  113     0   0   0   0   0   0   0   0   0 100   0   0   0   0   0   0   0   0   0   0     0    0    0   0.000      0  0.00
  114  114     0   0   0   0   0   0   0   0   0   0  14  10   3   0   0   0   0   0  34  38     0    0    0   1.359     45  0.00
  115  115     0   0   0   0   0   0   0   0   3   0   0   3   0   0   0  90   0   3   0   0     0    0    0   0.446     14  0.00
  116  116     0   0   0   0   0   0   0   0  17   7   0   0   3   7   7  31   3  17   0   7     0    0    0   1.939     64  0.00
  117  117     0  52   3   3   3   0   0   0  10   0   0   0   0   0   3   0  17   7   0   0     0    0    0   1.528     50  0.00
  118  118     0   0   0   0   0   0   0  41  59   0   0   0   0   0   0   0   0   0   0   0     0    0    0   0.678     22  0.00
  119  119    14   3  14   0   0   0   0   0  14   0   0   0   0   0   3  21   0  31   0   0     0    0    0   1.741     58  0.00
  120  120     3   3   7   0   0   0   0   0   7  14   0   0   0   0  10  24  17  14   0   0     0    0    0   2.028     67  0.00
  121  121     0  72   0  14   0   0   0  10   0   0   0   0   0   0   0   0   0   3   0   0     0    0    0   0.858     28  0.00
  122  122     0   0   3   0   3   0  10   0   0   0   0   3   0  62   0   0   0   0   3  14     0    0    0   1.268     42  0.00
  123  123     0   7   0   0   0   0   0   0  55   0   7   0   0   0   7  10   0   7   3   3     0    0    0   1.533     51  0.00
  124  124     0   3   0   0   0   0   0   0  34   3  14   7   0   0   3   3  14  17   0   0     0    0    0   1.866     62  0.00
  125  125     0   0   0   0   0   0   0   0   7  10   0   3   0   7  10   3   7  10   3  38     0    0    0   1.973     65  0.00
  126  126     4   0   4   0   0   0   0   0   0  83   0   0   0   0   0   0   0   4   4   0     0    0    0   0.682     22  0.00
  127  127     0   7   3   0   0   0   0   0   3   0   0   0   0   0  34  28   3   3   3  14     0    0    0   1.761     58  0.00
  128  128     3  14   3   0   0   0   0   0   0   0   0  10   0  10   0   3   0   3  52   0     0    0    0   1.548     51  0.00
  129  129     0   0   0   0   0   0 100   0   0   0   0   0   0   0   0   0   0   0   0   0     0    0    0   0.000      0  0.00
  130  130     0   0   0   0   0   0   0   0   0  34   0   0   0   0  14  52   0   0   0   0     0    0    0   0.981     32  0.00
  131  131     0   0   0   0   0   0   0   0   0   0   0   0   0   0   0   0   0   0   0 100     0    0    0   0.000      0  0.00
  132  132     0   0   0   0   0   0   0   7  10  27   0   7   0   0   3   3   0   0  10  33     0    0    0   1.767     58  0.00
  133  133     0   0   0   0   0   0   0   0   0   0  10   0   0   0   0   0   0   0  90   0     0    0    0   0.325     10  0.00
  134  134     0   0   0   0   0   0   0   0   0   3   0   0   0  97   0   0   0   0   0   0     0    0    0   0.146      4  0.00
  135  135     0   0   0   0   0   0   0   0   0   0   0   0   0   0   0 100   0   0   0   0     0    0    0   0.000      0  0.00
  136  136     0   0   3   0   0   0   0   0   0  97   0   0   0   0   0   0   0   0   0   0     0    0    0   0.146      4  0.00
  137  137     0   0   0   0   0   0   0   0   0   0   0   0   0   0   0   0   0 100   0   0     0    0    0   0.000      0  0.00
  138  138     0  39  10  52   0   0   0   0   0   0   0   0   0   0   0   0   0   0   0   0     0    0    0   0.935     31  0.00
  139  139    19   6   6   3   0   0   0   0  61   0   0   3   0   0   0   0   0   0   0   0     0    0    0   1.193     39  0.00
  140  140    10  10  52   0  10   0  13   0   0   0   0   0   6   0   0   0   0   0   0   0     0    0    0   1.460     48  0.00
  141  141     0   0   0   0   0   0   0   0 100   0   0   0   0   0   0   0   0   0   0   0     0    0    0   0.000      0  0.00
  142  142    26  65   6   0   0   0   3   0   0   0   0   0   0   0   0   0   0   0   0   0     0    0    0   0.920     30  0.00
  143  143     0   0   0   0   0   0   0   0   0   0   6  87   0   0   0   0   6   0   0   0     0    0    0   0.474     15  0.00
  144  144     0   0   0   0   0   0   0   0   0  39  10   0   0   0   3   0   3  13   3  29     0    0    0   1.549     51  0.00
  145  145     0   0   0   0  94   0   6   0   0   0   0   0   0   0   0   0   0   0   0   0     0    0    0   0.239      7  0.00
  146  146     0  16   0   0   0   3   3   0   0   0   0   0   0   0   3   0  23  45   0   6     0    0    0   1.498     50  0.00
  147  147     3  10   0   0   0   0   0  32  55   0   0   0   0   0   0   0   0   0   0   0     0    0    0   1.031     34  0.00
  148  148     0  65   0  16  19   0   0   0   0   0   0   0   0   0   0   0   0   0   0   0     0    0    0   0.895     29  0.00
  149  149     3   6   0   0   0   0   0   0   6   0   3   0  58   3   0   3   0   0  16   0     0    0    0   1.407     46  0.00
  150  150     0   0   0   0   0   0   0  83  10   0   0   0   3   0   0   0   0   0   3   0     0    0    0   0.609     20  0.00
  151  151     3   0   0   0  97   0   0   0   0   0   0   0   0   0   0   0   0   0   0   0     0    0    0   0.143      4  0.00
  152  152     7   7   3   3   0   0   0   0   3   0   3   0   0   0  52  21   0   0   0   0     0    0    0   1.500     50  0.00
  153  153     3   0   0   0   0   0   0   3   3  59   3  10   0   0   0   0   7  10   0   0     0    0    0   1.431     47  0.00
  154  154    14  52   3   0  10   0   0   0   7   0   3   0   0   3   0   3   0   0   3   0     0    0    0   1.614     53  0.00
  155  155     0   0   0   0   0   0   0   3   3   3  21   0   0   0   3  10  21  17   3  14     0    0    0   2.044     68  0.00
  156  156     3   0   0   0   0   0   0   0   3   0   0   3   0   0   3   0  21  55   0  10     0    0    0   1.353     45  0.00
  157  157     0  28  66   3   0   0   0   0   0   0   0   3   0   0   0   0   0   0   0   0     0    0    0   0.865     28  0.00
  158  158    25  18   7   4   0   0   0   0  21   0   0   0   4   0   4  14   0   4   0   0     0    0    0   1.927     64  0.00
  159  159     0   3   0   0   0   0   3   0  10   0  13  10   0   3   7  13   7  13   3  13     0    0    0   2.350     78  0.00
  160  160    13  13   0   0  23   0  10   0   3   0   6  13   0   3   0   3   0  10   3   0     0    0    0   2.201     73  0.00
  161  161     0  63  20   7   3   0   0   0   3   3   0   0   0   0   0   0   0   0   0   0     0    0    0   1.132     37  0.00
  162  162     0   3   3   0   3   0   3   0  17   0   0  10   0   0   7  23  17   3   3   7     0    0    0   2.208     73  0.00
  163  163     0   0   0   0   0   0   0   0  17  10  10  20   0   0  13  10   0  13   7   0     0    0    0   2.029     67  0.00
  164  164    50   7  20   0  10   0   0   0   3   0   0   7   0   0   3   0   0   0   0   0     0    0    0   1.487     49  0.00
  165  165     0   7   0   0   0   0   0   0  24  59   0   3   0   0   0   3   3   0   0   0     0    0    0   1.189     39  0.00
  166  166     6   0   0   0   0   0   0  10   3  10  10   0   0   0   0   0   0  58   0   3     0    0    0   1.392     46  0.00
  167  167     3  48  19   0  16   0   0   0  10   0   3   0   0   0   0   0   0   0   0   0     0    0    0   1.411     47  0.00
  168  168     0   6   0   0   0   0   0   0   6   0   3   6   0  10  16   0  19   6  16  10     0    0    0   2.177     72  0.00
  169  169     0  11   0   0   4   0   4   0   0   7   4   0   0   0   4   4   0  50   7   7     0    0    0   1.746     58  0.00
  170  170     0  50  25   0   7   0   0   4  14   0   0   0   0   0   0   0   0   0   0   0     0    0    0   1.279     42  0.00
  171  171    33  11  44   0   4   0   0   0   4   0   0   4   0   0   0   0   0   0   0   0     0    0    0   1.337     44  0.00
  172  172     0   0   0   0   0   0   0  73  15   0   0   8   0   0   0   0   0   0   0   4     0    0    0   0.840     28  0.00
  173  173    12   4   0   0   0   0   0   4   4   4  15   0   0  12   0   4  15  15   4   8     0    0    0   2.311     77  0.00
  174  174     0   0   0   0  12   0   0   0   4   4   8   0   0   0   0   8   4  50   0  12     0    0    0   1.615     53  0.00
  175  175     4  38   0   0   0   0   0   0  21   0   4  17   0   0   0   0   0   8   0   8     0    0    0   1.672     55  0.00
  176  176    32  18   0   0   0   0   0   0  27   5   9   5   0   0   0   5   0   0   0   0     0    0    0   1.668     55  0.00
  177  177     0   4   0   0   0   0   0   4   4   0   9   4   0   0  13   4   0   9   9  39     0    0    0   1.952     65  0.00
  178  178     4   0   0   0   0   0   0   0   0  13   9   0   0   0   0   4  30  17   9  13     0    0    0   1.895     63  0.00
  179  179     4  17  13   0  48   0   9   0   4   0   0   0   4   0   0   0   0   0   0   0     0    0    0   1.544     51  0.00
  180  180     5   9  41   5  14   0   0   0   9   0   0   0   0   0   0   5   5   5   0   5     0    0    0   1.916     63  0.00
  181  181     0   0   0   4   0   0   0   4   8   0  33   4   4   4   0   4   4   8  13   8     0    0    0   2.174     72  0.00
  182  182     0  11   0   0   0   0   0  17  11   0   6  17   0  17   0   0   6   0  17   0     0    0    0   2.004     66  0.00
  183  183    18  29  29   6   0   0   0   0  12   0   0   6   0   0   0   0   0   0   0   0     0    0    0   1.611     53  0.00
  184  184     0   0   0   0   0   0   0   6   6   0   6   0   0   0  11  44  22   0   0   6     0    0    0   1.581     52  0.00
  185  185     0  56   0   0   6   0   0   0   6  13   0   6   0   0   6   0   0   0   0   6     0    0    0   1.450     48  0.00
  186  186     0  12   0   0   0   0   0   0   6  41  12   0   0   6   0  12   0   6   6   0     0    0    0   1.787     59  0.00
  187  187     0   0   0   0   0   0   0   0  38   6   6  19   0   0   0   0   0  19  13   0     0    0    0   1.602     53  0.00
  188  188     0   0   0   0   0   0   0   0   0   0  25   6   0   0   0   6  19  44   0   0     0    0    0   1.369     45  0.00
  189  189    45  10   5   0   0   0   0   5   0   0   0  10   0   0   0  10   5   5   0   5     0    0    0   1.799     60  0.00
  190  190     5   0   0   5   0   0   0  45   5   0   5   5   0  10   0   5   0   5   0  10     0    0    0   1.868     62  0.00
  191  191     0   4   0   0   0   0   0   8   4   4  38   0   0   0   0   4  13  17   0   8     0    0    0   1.870     62  0.00
  192  192     0   0   0   0   4   0   8   0   4  12   0   8   0  16   4   4  36   4   0   0     0    0    0   1.963     65  0.00
  193  193     0   0   0   0   0   0   0   4   4   7   4   0   0   7   4   0   4  11   4  54     0    0    0   1.665     55  0.00
  194  194     0   0   0   0   7   0   0   7   0   0   7  15   0   0   0   0   4  15   0  44     0    0    0   1.627     54  0.00
  195  195    25   0   0   0   0   0   0   0  17   0   4   0   0   0   0   8   8  33   0   4     0    0    0   1.690     56  0.00
  196  196     0   0   0   0   0   0   0   0  12   4  15   4   0   0   4   8  15  15  15   8     0    0    0   2.172     72  0.00
  197  197     8   0   8   8   0   0   0   4   0   4   8   0   0   4   8   0   4   8  38   0     0    0    0   2.053     68  0.00
  198  198     4   4   0   0   0   0   0   0  20   4   4   0   0   0  24  36   0   4   0   0     0    0    0   1.676     55  0.00
  199  199     4   4   0   0   0   0   0   0   0   0  28   4   0   0   4  32   8   8   0   8     0    0    0   1.842     61  0.00
  200  200    16  24   8   4   4   0   4   4  20   0   8   0   4   0   4   0   0   0   0   0     0    0    0   2.134     71  0.00
  201  201    17  77   0   3   0   0   0   0   0   0   0   0   0   0   0   3   0   0   0   0     0    0    0   0.729     24  0.00
  202  202     0   0   0   0   3   0   0   0   0   0  13   0   0   3  30  17  23  10   0   0     0    0    0   1.725     57  0.00
  203  203     0  10   0   0   0   0   0   0  17   0   7  21   0   3   0  14   7  10   7   3     0    0    0   2.157     72  0.00
  204  204    19  26  19   3  10   0   0   0   3   0   0   3  16   0   0   0   0   0   0   0     0    0    0   1.838     61  0.00
  205  205     0   3   0   3  81   3  10   0   0   0   0   0   0   0   0   0   0   0   0   0     0    0    0   0.732     24  0.00
  206  206     0   0   3   0   0   0   0  10  16   0  26  29   0   0   3   3   0   3   3   3     0    0    0   1.894     63  0.00
  207  207     0   6   0   0   3   0   0   3   6   0  13  13   0  10  10  19   6   3   3   3     0    0    0   2.383     79  0.00
  208  208    10  65  10   3   3   3   0   0   3   0   0   0   0   0   0   0   3   0   0   0     0    0    0   1.289     43  0.00
  209  209     0  19   6  65   0   3   3   0   0   3   0   0   0   0   0   0   0   0   0   0     0    0    0   1.110     37  0.00
  210  210     3   0   0   0   0   0   3   0   3   0  19  10   0   3   6  13  13   0  26   0     0    0    0   2.042     68  0.00
  211  211     0   6   0  10   0   0   0   0  35   3  16  19   0   0   0   3   3   3   0   0     0    0    0   1.826     60  0.00
  212  212     0   3   0   0   0   0   0   0   6  10  19   0   3   0   0   0  13  16   0  29     0    0    0   1.860     62  0.00
  213  213     0   0   3   0   0   0   0  16   3   6   3   0   0   0   3  23   6  10   6  19     0    0    0   2.148     71  0.00
  214  214     0   0   0   0   0   0   0   0   0   6   0   3   0   0   0  19   0  35  10  26     0    0    0   1.549     51  0.00
  215  215    26   0   3   3   0   0   0   0   6   0   0   3   0   3   6  16   3  19   3   6     0    0    0   2.157     71  0.00
  216  216    29  10  32   3   0   0   0   0   0   0   0  10   0   0   0  16   0   0   0   0     0    0    0   1.581     52  0.00
  217  217    13   0   0   0   0   0   0   0   3   0  19   3   0   3   3  26   6  16   3   3     0    0    0   2.067     69  0.00
  218  218     3   0  10   0   0   0   0   0   0   3   3   3   0   3  17  10  23  20   0   3     0    0    0   2.101     70  0.00
  219  219    13   7   3   0   3   3   0   0  30   0   0   7   7   0   0   0  27   0   0   0     0    0    0   1.864     62  0.00
  220  220    23  33  17   0   0   0   0   0  13   0   0  13   0   0   0   0   0   0   0   0     0    0    0   1.542     51  0.00
  221  221     0   3   0   0   0   0   0   3  23   7  17   7   0   0  13   7   0   7  10   3     0    0    0   2.199     73  0.00
  222  222     3  13   6   0   0   0   0   0  10   3  10   3   0   0   6  29   6  10   0   0     0    0    0   2.164     72  0.00
  223  223     3  71  13   6   0   0   0   0   0   0   0   3   0   3   0   0   0   0   0   0     0    0    0   1.017     33  0.00
  224  224    23  40  13   3   0   0   0   0  13   0   0   0   0   0   0   7   0   0   0   0     0    0    0   1.537     51  0.00
  225  225     0   0   0   0   3   0   3   0  10   0   7   0   0   0   7  20   7  23  10  10     0    0    0   2.121     70  0.00
  226  226     3   3   0   0   3   0   0   3   7   0  10   0   0   0  53   0   3   7   3   3     0    0    0   1.720     57  0.00
  227  227     0  18  18   0   4   0   7   0  14   0  14  11   4   0   0   0  11   0   0   0     0    0    0   2.076     69  0.00
  228  228     0   4   4   0   0   0   0   0   0   0  14   4   0   7   0  14  21   4   7  21     0    0    0   2.069     69  0.00
  229  229     0   7   0   4   0   0   0  18  11   0   7   4   0   0  14   4  14   4  14   0     0    0    0   2.234     74  0.00
  230  230     0   4   0   0   0   0   4   4   8   0  12   0   0   4   0  12  12  38   0   4     0    0    0   1.939     64  0.00
  231  231    12   4   0   0   0   0   0   4  12  35  12   8   0   0   4   4   4   4   0   0     0    0    0   2.064     68  0.00
  232  232     0   0   0   0   7  11   4   7   4   4  11   0   0   0   0  15  19   7   7   4     0    0    0   2.343     78  0.00
  233  233    18   5  14   0   5   0   0   0  14   0   9   5   5   0   0   0   0   5   5  18     0    0    0   2.224     74  0.00
  234  234     5   9   0   0  36   0   5  18   9   0   0   0   0   5  14   0   0   0   0   0     0    0    0   1.807     60  0.00
  235  235     0   0   0   0   0   0   0   8  17   0   0   4   4   0   8  21   4   8  25   0     0    0    0   1.990     66  0.00
  236  236     0   9   0   0   0   0   0   4   4   4   4   4   0   0   0   9   9  13  17  22     0    0    0   2.220     74  0.00
  237  237    13  13  22  13   0   0   4   0   0   9   0  13   0   0   0   4   0   4   4   0     0    0    0   2.152     71  0.00
  238  238     0   0   0   0   4   0   0   0   8   0   8   0   0   0   0  12   0  32   0  36     0    0    0   1.520     50  0.00
  239  239     0  13   0   0   0   0   0   4   4   0  13  13   0   0   0  17   0   9   9  17     0    0    0   2.103     70  0.00
  240  240     5   0  14   0   5   0   0   0  14   5   5   0   0   0  14   5   5  19   0  10     0    0    0   2.244     74  0.00
  241  241     0  55   0   0  10   5  10   0   0   0   0   5   0   0   5   0   0   5   5   0     0    0    0   1.538     51  0.00
  242  242    14   5   0   0   5   0   0  24  10  29   5   0   0   0   0   0   0   5   0   5     0    0    0   1.926     64  0.00
  243  243     0   0   0   0   0   0   4   4   0   0   4   0   0   0   4  15  15  33   4  19     0    0    0   1.855     61  0.00
  244  244     7  64   7   0   0   4   4   0   0   0   0  14   0   0   0   0   0   0   0   0     0    0    0   1.177     39  0.00
  245  245    17  10  52   0  14   3   0   0   3   0   0   0   0   0   0   0   0   0   0   0     0    0    0   1.384     46  0.00
  246  246    10  34   7   3   0   0   0   0   3   0   0   3   0   0  14   0  17   3   3   0     0    0    0   1.943     64  0.00
  247  247     3  10   0   0   0   0   3   0   0   0   3   0   0   3  34  10  10  21   0   0     0    0    0   1.862     62  0.00
  248  248     3  70  20   3   0   0   3   0   0   0   0   0   0   0   0   0   0   0   0   0     0    0    0   0.912     30  0.00
  249  249     0   0   0   0   3   0   7   7   7   0  13   7   0  10   0   0   0  13  33   0     0    0    0   1.969     65  0.00
  250  250     3   0   0   3   0   0   0   0   0   0   3   7   0   3   3  30  13  23   7   3     0    0    0   2.011     67  0.00
  251  251     0   3   3   0   7   0   3   0   3   0   0   0   0   3   7   0  60   3   0   7     0    0    0   1.528     51  0.00
  252  252     0   0   0   0  37   0  53   0   3   0   0   0   0   7   0   0   0   0   0   0     0    0    0   0.997     33  0.00
  253  253     0   0   0   3   0   0   0   3   0  90   0   3   0   0   0   0   0   0   0   0     0    0    0   0.435     14  0.00
  254  254     0   3   3   0   0   0   0  40   0   0   0   0   0   0   0   0   0   7  27  20     0    0    0   1.448     48  0.00
  255  255     0   0   0   0   0   0   0   0   0   0   0   0   0   0   0   0   0   0   0 100     0    0    0   0.000      0  0.00
  256  256    30   0  47   0   0   0   0   0  10   3  10   0   0   0   0   0   0   0   0   0     0    0    0   1.291     43  0.00
  257  257     0   0   0   0   0   0   0 100   0   0   0   0   0   0   0   0   0   0   0   0     0    0    0   0.000      0  0.00
  258  258    31  48   3   0   0   0   0   0   0   0   0   0  17   0   0   0   0   0   0   0     0    0    0   1.134     37  0.00
  259  259     3  30   7   0  57   3   0   0   0   0   0   0   0   0   0   0   0   0   0   0     0    0    0   1.090     36  0.00
  260  260    10   0   0   5   5   0   0   0  20   0  20   0  40   0   0   0   0   0   0   0     0    0    0   1.540     51  0.00
  261  261     4   0   0   0   0   0   0  20  24  28  24   0   0   0   0   0   0   0   0   0     0    0    0   1.492     49  0.00
  262  262    10   5  19   0  14   0   0   0  24   0   0   5  24   0   0   0   0   0   0   0     0    0    0   1.791     59  0.00
  263  263     0  47   3   3  27   0  17   0   0   3   0   0   0   0   0   0   0   0   0   0     0    0    0   1.347     44  0.00
  264  264     0  47   0   7  43   0   0   3   0   0   0   0   0   0   0   0   0   0   0   0     0    0    0   1.012     33  0.00
  265  265     0  83   0   3  13   0   0   0   0   0   0   0   0   0   0   0   0   0   0   0     0    0    0   0.534     17  0.00
  266  266     0   0   0   0   0   0   0   0   0   0   0   0   0   3   0   0   0   0  97   0     0    0    0   0.146      4  0.00
  267  267    20  13   7   0   3   0  27   0   0   0   0   0   0  23   7   0   0   0   0   0     0    0    0   1.757     58  0.00
  268  268    47  17  23   3   3   0   0   0   0   0   0   0   7   0   0   0   0   0   0   0     0    0    0   1.401     46  0.00
  269  269     0   0   3   0   0   0   0  10   0   0   7  17   0   3  23  27   7   3   0   0     0    0    0   1.922     64  0.00
  270  270     0  97   0   3   0   0   0   0   0   0   0   0   0   0   0   0   0   0   0   0     0    0    0   0.146      4  0.00
  271  271     3   0   0   0   0   0   0   0   3   0   3   3   0   3   3  23  17   7  33   0     0    0    0   1.865     62  0.00
  272  272     0   0   0   0   0   0   0   0   7  73   3   0   0   0   3  10   0   3   0   0     0    0    0   0.978     32  0.00
  273  273     0   0   0   0   0   0   0 100   0   0   0   0   0   0   0   0   0   0   0   0     0    0    0   0.000      0  0.00
  274  274     0   0   0   0   0   0   0   0   0   0   0   0   0   0   0   0   7  93   0   0     0    0    0   0.245      8  0.00
  275  275     3   0   0   0   0   0   0   3  90   0   0   0   3   0   0   0   0   0   0   0     0    0    0   0.435     14  0.00
  276  276     7  17  27  40   0   0   0   0   3   0   0   3   3   0   0   0   0   0   0   0     0    0    0   1.538     51  0.00
  277  277     0   0   0   0  77   0  23   0   0   0   0   0   0   0   0   0   0   0   0   0     0    0    0   0.543     18  0.00
  278  278     0  87   3   0   0   0   3   0   0   0   0   3   0   0   0   0   3   0   0   0     0    0    0   0.578     19  0.00
  279  279     0   0   0   0  10   0   0  17   3   7   3   0   0   0  10   7  10   7   3  21     0    0    0   2.235     74  0.00
  280  280     0   0   0   0   0   0   0   0  90   3   3   0   0   0   0   0   0   0   0   3     0    0    0   0.446     14  0.00
  281  281     0   3   0   0   0   0   0  14   0   0   3   0   0   0   3  17   3  17  34   3     0    0    0   1.827     60  0.00
  282  282    10   0   7   3   0   0   0   0   0   0   0  21   0   0   0   0   0  28   7  24     0    0    0   1.744     58  0.00
  283  283     3  10   7   0   0   0   0   0   0  79   0   0   0   0   0   0   0   0   0   0     0    0    0   0.719     24  0.00
  284  284     0   0   0   0   0   0   0   0   0   0   0   0   0 100   0   0   0   0   0   0     0    0    0   0.000      0  0.00
  285  285     0   0   0   0   0   0   0   0 100   0   0   0   0   0   0   0   0   0   0   0     0    0    0   0.000      0  0.00
  286  286     0   0   0   0   0   0 100   0   0   0   0   0   0   0   0   0   0   0   0   0     0    0    0   0.000      0  0.00
  287  287     7  62  31   0   0   0   0   0   0   0   0   0   0   0   0   0   0   0   0   0     0    0    0   0.844     28  0.00
  288  288     0   0   0   0   3   0   0   0   0   0  41   0   0   3  10  21  10   3   3   3     0    0    0   1.741     58  0.00
  289  289     0   0   0   0   0   0   0 100   0   0   0   0   0   0   0   0   0   0   0   0     0    0    0   0.000      0  0.00
  290  290    14   3   0   0   3   0   0   0   0   0   0   7   0   0   0   0   3  10   3  55     0    0    0   1.485     49  0.00
  291  291     0   0  28   0   0   0   0  17  14   0   0   0  38   0   0   0   0   0   3   0     0    0    0   1.415     47  0.00
  292  292    41  21  31   7   0   0   0   0   0   0   0   0   0   0   0   0   0   0   0   0     0    0    0   1.239     41  0.00
  293  293     0   0   0   0   0   0   0   0   0   0   0   0   0   0   0   0   0 100   0   0     0    0    0   0.000      0  0.00
  294  294    21   7  14   0   0   0   0   0   0   0   0   0  59   0   0   0   0   0   0   0     0    0    0   1.097     36  0.00
  295  295     3   0   0  97   0   0   0   0   0   0   0   0   0   0   0   0   0   0   0   0     0    0    0   0.150      5  0.00
  296  296     0   0   0   0   0   0   0   3  93   0   0   3   0   0   0   0   0   0   0   0     0    0    0   0.299      9  0.00
  297  297     0   0   0   0   0   0   0   0  24   0   3  10  24   0   0   0   0   0  34   3     0    0    0   1.520     50  0.00
  298  298     0   0   0   0   0   0   0   0   0   0 100   0   0   0   0   0   0   0   0   0     0    0    0   0.000      0  0.00
  299  299     0   0   0   0   0   0   0   0   0   0   0   0   0   0   0   0   0   0   3  97     0    0    0   0.150      5  0.00
  300  300     0   0   0   0   0   0   0   0   0   0   0   0   0   0   0   0   0   0 100   0     0    0    0   0.000      0  0.00
  301  301    83   0   0   0   0   0   0   0   0   0   0  17   0   0   0   0   0   0   0   0     0    0    0   0.460     15  0.00
  302  302    52  28  21   0   0   0   0   0   0   0   0   0   0   0   0   0   0   0   0   0     0    0    0   1.022     34  0.00
  303  303     0   0   0   0   0   0   0   0   0   0   0   0   0   0 100   0   0   0   0   0     0    0    0   0.000      0  0.00
  304  304     0   3   0   0   0   0   0  10  83   0   0   0   3   0   0   0   0   0   0   0     0    0    0   0.624     20  0.00
  305  305     0   0   0   0   0   0   0  97   3   0   0   0   0   0   0   0   0   0   0   0     0    0    0   0.150      5  0.00
  306  306     0  72   0   3  24   0   0   0   0   0   0   0   0   0   0   0   0   0   0   0     0    0    0   0.693     23  0.00
  307  307     0   0   0   0   0   0   0   0   0   0   0 100   0   0   0   0   0   0   0   0     0    0    0   0.000      0  0.00
  308  308     0   0   0   0   0   0   0   0   0  93   3   3   0   0   0   0   0   0   0   0     0    0    0   0.299      9  0.00
  309  309     0   0   0   0   0   0   0   0   0   0   0   0   0   0   0 100   0   0   0   0     0    0    0   0.000      0  0.00
  310  310     0   3   0   0  38   3  31   0   0   3   0   0   0  21   0   0   0   0   0   0     0    0    0   1.405     46  0.00
  311  311    14   3  34   3   0   0   0   0   0   0   0   0   0   0  10  34   0   0   0   0     0    0    0   1.474     49  0.00
  312  312     0   0   0   0   0   0   0   0   0   0   0   0   0   0   0   0   0   0   0 100     0    0    0   0.000      0  0.00
  313  313    69   0  24   0   0   0   0   0   0   0   0   0   0   0   3   3   0   0   0   0     0    0    0   0.832     27  0.00
  314  314     3   0   0   0   0   0   0   0   0  34   0   0   0   0   0  17  14  10   0  21     0    0    0   1.620     54  0.00
  315  315     0   0   0   0   0   0   0   0   7   0   3  34   0   0   3   0   3  31  17   0     0    0    0   1.566     52  0.00
  316  316     0  97   0   3   0   0   0   0   0   0   0   0   0   0   0   0   0   0   0   0     0    0    0   0.150      5  0.00
  317  317    41  24   3   0   0   0   0   0   3   0   0   3  24   0   0   0   0   0   0   0     0    0    0   1.400     46  0.00
  318  318     0   0   0   0   0   0   0   0   8   0  31   0   0   0  15   4   0  38   4   0     0    0    0   1.466     48  0.00
  319  319    15   0   8  62   0   0   0   0   0   0   4   0   8   0   0   0   0   0   4   0     0    0    0   1.232     41  0.00
  320  320     8  80   4   0   0   0   0   0   0   0   0   8   0   0   0   0   0   0   0   0     0    0    0   0.711     23  0.00
  321  321     0   4   4   0   0   0   0   0   0   0   8  42   0   0   4   4   4   0  17  13     0    0    0   1.793     59  0.00
  322  322     0   0   0   0  23   0  77   0   0   0   0   0   0   0   0   0   0   0   0   0     0    0    0   0.536     17  0.00
  323  323     0   0   0   0   0   0   0   0   5   0  20  30   0   0   0  25   5   5   5   5     0    0    0   1.779     59  0.00
  324  324     0   5   0   5   5   0  35   0   5  20   5   5   0   5   0   0   5   5   0   0     0    0    0   2.037     68  0.00
  325  325     5   5   0   0   0   0   0  10  10  10   5  19   0   0   0   5   0  24   0  10     0    0    0   2.133     71  0.00
  326  326     0   5   0   0   5   0   5   0   5  33  29   5   0   0   0   0   0   5   0  10     0    0    0   1.818     60  0.00
  327  327    25  10   5   0   0   0   0   0  10  10  15   0   0   0   0   5   5   5   5   5     0    0    0   2.221     74  0.00
  328  328     0   0   0   0   0   0   5   0   5  10  10   0   0   0   0  10   0  48   5  10     0    0    0   1.684     56  0.00
  329  329     0   5  10   0   0   0   0   5   5   0   5   0   0   0  10  43   5   5   5   5     0    0    0   1.971     65  0.00
  330  330     0  25   0   0   0   0  10   0   0   0   5   0   0   0  10   0  35   0   5  10     0    0    0   1.704     56  0.00
  331  331     0  20   0   0   5   0   0   0   0   0   0   0   0   0  30  40   0   5   0   0     0    0    0   1.349     45  0.00
  332  332    11  21   0  26   5   0   0   5  11  11   0   5   0   0   0   0   5   0   0   0     0    0    0   2.010     67  0.00
  333  333     0   5   0   0   5   0   0   5  11  47   0   5   0   0   0   0  21   0   0   0     0    0    0   1.539     51  0.00
  334  334     6  39   6   0   0   0   6   6   6  22   0   6   0   0   0   0   0   6   0   0     0    0    0   1.826     60  0.00
  335  335     6  17   6   0   0   0   0   0   0  11   0   6   0   0   0  11  39   0   6   0     0    0    0   1.796     59  0.00
  336  336     0  12   0   0   0   0   0   6   0  24   0   6   0   0   0  18   0  29   0   6     0    0    0   1.758     58  0.00
  337  337     0   6  18   0  47   0  12   0   0   0   0  12   0   0   6   0   0   0   0   0     0    0    0   1.498     49  0.00
  338  338     6   0   0   0   0   0   0   0   6  61   6  11   0   0   0   0   0   0   0  11     0    0    0   1.271     42  0.00
  339  339     0   5   5   0   5   0  10   0   5   0   0   5   0   0  45   5   0  10   5   0     0    0    0   1.868     62  0.00
  340  340     0   5   0   0   0   0   0   0   9   5  32   9   9   0  14   0  14   5   0   0     0    0    0   1.983     66  0.00
  341  341     5   5   5   0   0   0   5   0   0   5  19   0   5   0   0  24  14  14   0   0     0    0    0   2.083     69  0.00
  342  342     0   0   0   0   0   0   0  60   0   5   5   0   0   0   0   0   5   5   0  20     0    0    0   1.228     40  0.00
  343  343     0   0   6   0   6   0   0   0   0   0  11   6   0   0   0   0   0   0  11  61     0    0    0   1.271     42  0.00
  344  344     0   0   0   6   0   0   0  28  28  11   6   0   0   0   6   0   6   0   0  11     0    0    0   1.842     61  0.00
  345  345    31   8   8   8   0   0  15   0   0   8   8   8   0   0   0   0   0   8   0   0     0    0    0   2.032     67  0.00
  346  346     0  18   0   0   0   0  12   0   0   0   6   0   0   0   6  41   6   6   0   6     0    0    0   1.757     58  0.00
  347  347     6   6   0   0   0   0   0   6   0   6  63  13   0   0   0   0   0   0   0   0     0    0    0   1.247     41  0.00
  348  348    35  24  12   0   6   0   6   0   0   0   6   6   0   0   0   6   0   0   0   0     0    0    0   1.793     59  0.00
  349  349    22  50  17   6   0   0   0   0   0   0   0   0   0   0   6   0   0   0   0   0     0    0    0   1.301     43  0.00
  350  350     0   0   0   0  14   0  86   0   0   0   0   0   0   0   0   0   0   0   0   0     0    0    0   0.410     13  0.00
  351  351     0  10   5   0   0   0   0   0   5   5   0  10   0   0   0   0   0  10  10  48     0    0    0   1.684     56  0.00
  352  352     5   0   0   0   0   0   0   0   0  82   0  14   0   0   0   0   0   0   0   0     0    0    0   0.576     19  0.00
  353  353     0   0   0   0   0   0   0   5   0  91   0   0   0   0   0   0   0   0   0   5     0    0    0   0.368     12  0.00
  354  354    27   0  45   0  14   0   0   0   0   0   0   9   5   0   0   0   0   0   0   0     0    0    0   1.343     44  0.00
  355  355     0   0   0   0   0   0   0   0  23  14   9   0   0   0   0   5   0  23   0  27     0    0    0   1.658     55  0.00
  356  356     0   0   0   0   0   0   0   0   0   0   0   0   0   0   0   0   0  73   0  27     0    0    0   0.586     19  0.00
  357  357     0   0   0   0 100   0   0   0   0   0   0   0   0   0   0   0   0   0   0   0     0    0    0   0.000      0  0.00
  358  358     0   0   0   0   0   5   0   0  24   0  29  14   0   0   5   0   5  19   0   0     0    0    0   1.728     57  0.00
  359  359    76  10  10   0   0   0   0   0   5   0   0   0   0   0   0   0   0   0   0   0     0    0    0   0.800     26  0.00
  360  360     5  37   5  16   0   0   0   0   5   0   5   5   0   5   0   0   5   0   0  11     0    0    0   1.981     66  0.00
  361  361     5  11   0   0   0   0   0   0   0   0   0   0   0   5  16  21  21  16   5   0     0    0    0   1.941     64  0.00
  362  362    10  10  10  10   0   0   5   0   0   0   0  43   5   0   0   0   0   0   0  10     0    0    0   1.773     59  0.00
  363  363    12   6  18   0   0   0   0   0   6   0   6  12   6   0   6   0   6  18   6   0     0    0    0   2.282     76  0.00
  364  364    24  24   6   0  35   0   0   0   0   0   0   0  12   0   0   0   0   0   0   0     0    0    0   1.467     48  0.00
  365  365     0   0   0   0   0   0   0   5   0  20   5   0   0   0   5   5   0  10   0  50     0    0    0   1.498     50  0.00
  366  366     5  20   0   0   0   0   0  15   5   0  10   5   0   5   5  15   0  15   0   0     0    0    0   2.155     71  0.00
  367  367     0   0   0   0   0   0   0   6   0  17  50   6   0   6   0   0   0   6   0  11     0    0    0   1.532     51  0.00
  368  368    15   0   0   0   0   0   5   0   5  10  10   0   0   5   5  35   5   5   0   0     0    0    0   2.011     67  0.00
  369  369     0  19   0   0   0   0   0  52   0   0   5  19   0   0   5   0   0   0   0   0     0    0    0   1.260     42  0.00
  370  370     5   0   0   5   0   0   5  38  14   5   0   0   0   0   0   5   5  19   0   0     0    0    0   1.831     61  0.00
  371  371     0   5   0   0   5   0  14   0   5   0  10   0   0  14   0  33  10   5   0   0     0    0    0   1.950     65  0.00
  372  372     5   5   0   0   0   0   0   5   5   0   5  14   0   0  10  14  19  14   0   5     0    0    0   2.244     74  0.00
  373  373    55   5   0   5   0   0   0   0   0   0  10   5   5  10   0   0   0   5   0   0     0    0    0   1.538     51  0.00
  374  374     0  11  42   0  26   0   0   0   0   0   5   5   0   5   0   0   0   0   0   5     0    0    0   1.572     52  0.00
  375  375     0   0   0   0   0   0   5   0   5  21  21   0   0   0  11   0   5  26   0   5     0    0    0   1.864     62  0.00
  376  376     0   0   0   0   0   0   0  35  15  15  15  15   0   0   0   0   5   0   0   0     0    0    0   1.655     55  0.00
  377  377    33  48   5   0   5   0   0   0   0   5   0   0   0   5   0   0   0   0   0   0     0    0    0   1.299     43  0.00
  378  378     0   0   0   0   0   0   0   5   0  24   5   5   0   5   0   0   0   5  19  33     0    0    0   1.749     58  0.00
  379  379     0   0   0   0   0   0   0  65   0   0  20  10   5   0   0   0   0   0   0   0     0    0    0   0.982     32  0.00
  380  380     0   0   0   0   0   0   0   0  25  70   0   0   0   0   0   0   0   5   0   0     0    0    0   0.746     24  0.00
  381  381     0   0   0   0   0   0   0   0   0   0  86   0   0   0   0   0  14   0   0   0     0    0    0   0.410     13  0.00
  382  382    10  10  76   0   0   0   0   0   0   0   0   0   5   0   0   0   0   0   0   0     0    0    0   0.800     26  0.00
  383  383    14  62   0   0   5   0  10   0   0   0   5   0   5   0   0   0   0   0   0   0     0    0    0   1.234     41  0.00
  384  384    14  52  33   0   0   0   0   0   0   0   0   0   0   0   0   0   0   0   0   0     0    0    0   0.983     32  0.00
  385  385    33   5   5  10   5   0   0   0  14   0   0  10  19   0   0   0   0   0   0   0     0    0    0   1.843     61  0.00
  386  386    19  14   5   5   0   0   0   0   0   0   0  57   0   0   0   0   0   0   0   0     0    0    0   1.204     40  0.00
  387  387     5   0   0   0   0   0   0   5  10   0   5   0   0   5   0  14  19  24  14   0     0    0    0   2.017     67  0.00
  388  388     0   5   0   0   0   0   0  95   0   0   0   0   0   0   0   0   0   0   0   0     0    0    0   0.191      6  0.00
  389  389     0   0   0   0   0   0   5   0   0   0  15  20   0   0   0  25   5  20  10   0     0    0    0   1.805     60  0.00
  390  390    11   0   5   0   0   0   0  74   5   0   0   0   0   0   5   0   0   0   0   0     0    0    0   0.927     30  0.00
  391  391    10   0  10   0   0   0  10   0   0   0   0  50   0   0   5   5   5   5   0   0     0    0    0   1.636     54  0.00
  392  392    17  22  50   6   0   0   0   0   6   0   0   0   0   0   0   0   0   0   0   0     0    0    0   1.301     43  0.00
  393  393     0   0   0   0   0   0   0   0  16   0  11  11   0   5  11  16  21   5   5   0     0    0    0   2.087     69  0.00
  394  394    19   6  31   0   0   0   0   6  13   0   6   6   6   0   0   0   0   6   0   0     0    0    0   1.977     65  0.00
  395  395     0   0  14   0   0   0   0   0   7   0   0  50   0   0   0  14   0   0   0  14     0    0    0   1.369     45  0.00
  396  396     0   7   0   0   0   0   0  50   0  21   0  14   7   0   0   0   0   0   0   0     0    0    0   1.332     44  0.00
  397  397     0   0   7   0   0   0   0  14   0   0  21   7   0   0   0   0   7   7   7  29     0    0    0   1.909     63  0.00
  398  398     0   0   0   6   0   0   0   6  17   0   6   6   0   0   0   6   6   6   0  44     0    0    0   1.783     59  0.00
  399  399     0   5   0   0   0   0   0  21  11   5  21   0   5  16   0   0  11   0   5   0     0    0    0   2.041     68  0.00
  400  400     0   0   0   0   0   0   0   0  11   0  21  32   0   0   0   5  16   0   5  11     0    0    0   1.767     58  0.00
  401  401     6   6   0   0   0   0   0   6   6   6   0   6   0   0   0  41  12  12   0   0     0    0    0   1.869     62  0.00
  402  402     6  11  17   0   0   0   6   0   6   0   0   0   0   0   0   0  28  22   0   6     0    0    0   1.875     62  0.00
  403  403     5   5   5   0   0   0   0   5   0  16   5   0   0   0   5  37   0  16   0   0     0    0    0   1.881     62  0.00
  404  404    16  26  26   0  11   0   0   5  11   0   5   0   0   0   0   0   0   0   0   0     0    0    0   1.778     59  0.00
  405  405    11   0   0   0   0   0  11   5   0   0  11   5   0   0   0  16   5  11  11  16     0    0    0   2.233     74  0.00
  406  406     0   0   0   5   0   0   0   0   5  21   0  21   0   0  37   0   5   5   0   0     0    0    0   1.644     54  0.00
  407  407     0   0   0   0   0   0   0  95   5   0   0   0   0   0   0   0   0   0   0   0     0    0    0   0.206      6  0.00
  408  408     0   0   0   0  21   5  21  16   0   0   5   0   0   0   0   0   0   5   0  26     0    0    0   1.764     58  0.00
  409  409    89   0  11   0   0   0   0   0   0   0   0   0   0   0   0   0   0   0   0   0     0    0    0   0.336     11  0.00
  410  410    11  28   6   0  44   0  11   0   0   0   0   0   0   0   0   0   0   0   0   0     0    0    0   1.365     45  0.00
  411  411     0   0   0   0  89   0  11   0   0   0   0   0   0   0   0   0   0   0   0   0     0    0    0   0.349     11  0.00
  412  412    47   0  47   0   0   0   0   0   5   0   0   0   0   0   0   0   0   0   0   0     0    0    0   0.863     28  0.00
  413  413     0   0   0   0   0   0   0  18  47  29   6   0   0   0   0   0   0   0   0   0     0    0    0   1.187     39  0.00
  414  414     6   0   0   0   0   0   0   0  50  39   0   0   0   0   0   0   0   0   0   6     0    0    0   1.035     34  0.00
  415  415     0   0   0   0   0   0   5  26   5   0   0   0   0  11   0   5   0   5  26  16     0    0    0   1.851     61  0.00
  416  416     0  11   5   0   5   0   0   5  16   0  16  11   0   5   0   5   0  16   0   5     0    0    0   2.278     76  0.00
  417  417     0   0   0   5   0   0   0   0   5  21  32   5   0   0   0   0   0  26   5   0     0    0    0   1.663     55  0.00
  418  418    37   5  47   0   0   0   0   0   0   5   0   0   0   5   0   0   0   0   0   0     0    0    0   1.187     39  0.00
  419  419     5  11   0   0   0   0   0   0   0   0   5   5   0  11  11   5   0  32   0  16     0    0    0   1.986     66  0.00
  420  420     5  53  11   0  11   5   0   0   5   0   0   0   0   0   0   0   0   0  11   0     0    0    0   1.514     50  0.00
  421  421     0   6   0   0   0   0   0   0   0   0  19  38   0   0   6   0   0  31   0   0     0    0    0   1.392     46  0.00
  422  422     6   0   0   0   0   0   0  13  63   0  13   0   0   0   6   0   0   0   0   0     0    0    0   1.160     38  0.00
  423  423     0   0   0   0   0   0   0   0   0   8  25  17   8   0   0   0   8   8   0  25     0    0    0   1.820     60  0.00
  424  424     0   0   0   0   0   0   0  15   0   0  62   0   0   0   0  23   0   0   0   0     0    0    0   0.925     30  0.00
  425  425     0  11  11   0   0   0   0   0  33  11  11   0   0   0   0   0   0  11   0  11     0    0    0   1.831     61  0.00
  426  426     0   0   0   0   0   0   0   0   0   0   0  11   0   0   0   0   0  11  44  33     0    0    0   1.215     40  0.00
  427  427     0   0   9   0   0   0   0   0   0   0   0   0  18   0   9   0  27  36   0   0     0    0    0   1.468     49  0.00
  428  428     0   0   8   8   0   0   0   0   0   8   8   0   0   0   0   8   0   8   0  50     0    0    0   1.589     53  0.00
  429  429     0   0   0   0   0   0   0   7   0   0   0   0   0   0   0  14  29  36   7   7     0    0    0   1.569     52  0.00
  430  430     7   0   0   0   0   0   0   7  14  14   7   0   0   0   0   0   0   0   0  50     0    0    0   1.468     49  0.00
  431  431     7  36   0   0  57   0   0   0   0   0   0   0   0   0   0   0   0   0   0   0     0    0    0   0.876     29  0.00
  432  432     7  14   0   0   0   0   0   0   0   0   7  43   0   7   0   7   0  14   0   0     0    0    0   1.673     55  0.00
  433  433    13  13   7   7   0   0   0  13   7   0   0  40   0   0   0   0   0   0   0   0     0    0    0   1.714     57  0.00
  434  434     0   0   0   0  33   0  67   0   0   0   0   0   0   0   0   0   0   0   0   0     0    0    0   0.637     21  0.00
  435  435     0   0   7   0   0   0   0   0   0   0   0   0   0   0  80   7   7   0   0   0     0    0    0   0.720     24  0.00
  436  436     0   0   0   0   0   0   0   0  93   0   0   7   0   0   0   0   0   0   0   0     0    0    0   0.245      8  0.00
  437  437     0   0   0   0  69   0  15  15   0   0   0   0   0   0   0   0   0   0   0   0     0    0    0   0.831     27  0.00
  438  438    73   0   9   0   0   0   0   0   0   0   0   0  18   0   0   0   0   0   0   0     0    0    0   0.760     25  0.00
  439  439     0   0   0   0   0   0   0   0   0   0   0   0   0   0   0   0   0  70  20  10     0    0    0   0.802     26  0.00
  440  440     0   0   0   0   0   0   0   0  67   0  33   0   0   0   0   0   0   0   0   0     0    0    0   0.637     21  0.00
//
