ID Pseudo hssp file.
SEQ 
SEQ gi|3002951|gb|AAC08964.1| (AF044773) breakpoint cluster region p...   176  5e-44
SEQ gi|4502389|ref|NP_003851.1| barrier to autointegration factor; B...   174  2e-43
SEQ gi|6753178|ref|NP_035923.1| breakpoint cluster region protein 1;...   171  2e-42
SEQ gi|5708069|dbj|BAA83101.1| (AB024333) L2BP1 [Rattus norvegicus]       171  2e-42
SEQ gi|10120888|pdb|1CI4|A Chain A, The Crystal Structure Of Human B...   169  6e-42
SEQ gi|13643727|ref|XP_017905.1| similar to barrier to autointegrati...   160  5e-39
SEQ gi|7297331|gb|AAF52592.1| (AE003619) CG7380 gene product [Drosop...   123  5e-28
SEQ gi|6226745|sp|Q03565|YKD7_CAEEL HYPOTHETICAL 42.9 KDA PROTEIN B0...   112  1e-24
SEQ gi|12276035|gb|AAG50230.1|AF303272_1 (AF303272) barrier-to-autoi...   112  1e-24
SEQ gi|11136903|emb|CAC15540.1| (AL160071) dJ803K15.1 (novel protein...    69  1e-11
SEQ gi|280525|pir||S28284 hypothetical protein B0464.7 - Caenorhabdi...    52  2e-06
SEQ 
## SEQUENCE PROFILE AND ENTROPY
 SeqNo PDBNo   V   L   I   M   F   W   Y   G   A   P   S   T   C   H   R   K   Q   E   N   D  NOCC NDEL NINS ENTROPY RELENT WEIGHT
    1    1     0   0   0 100   0   0   0   0   0   0   0   0   0   0   0   0   0   0   0   0     0    0    0   0.000      0  0.00
    2    2     0   0   0   0   0   0   0   0   0   0  30  70   0   0   0   0   0   0   0   0     0    0    0   0.611     20  0.00
    3    3     0   0   0   0   0   0   0   0   0   0   0 100   0   0   0   0   0   0   0   0     0    0    0   0.000      0  0.00
    4    4     0   0   0   0   0   0   0   0   0   0 100   0   0   0   0   0   0   0   0   0     0    0    0   0.000      0  0.00
    5    5    25   0   0   0   0   0   0   0   0   8   0   0   0   0   0   0  67   0   0   0     0    0    0   0.824     27  0.00
    6    6     0   0   0   0   0   0   0   0   0   0   0   0   0   0   8  92   0   0   0   0     0    0    0   0.287      9  0.00
    7    7     0   8   0   0   0   0   0   0   0   0   0   0   0  92   0   0   0   0   0   0     0    0    0   0.287      9  0.00
    8    8     0   0   0   0   0   0   0   0   0   0   0   0   0   0 100   0   0   0   0   0     0    0    0   0.000      0  0.00
    9    9     0   0   0   0   0   0   0   0   8   0   0   0   0   0   0   0   0  25   8  58     0    0    0   1.075     35  0.00
   10   10     0   0   0   0 100   0   0   0   0   0   0   0   0   0   0   0   0   0   0   0     0    0    0   0.000      0  0.00
   11   11    92   8   0   0   0   0   0   0   0   0   0   0   0   0   0   0   0   0   0   0     0    0    0   0.287      9  0.00
   12   12     0   0   0   0   0   0   0  25  67   0   8   0   0   0   0   0   0   0   0   0     0    0    0   0.824     27  0.00
   13   13     0   0   0   0   0   0   0   0   0   0   0   0   0   0   0   0   0 100   0   0     0    0    0   0.000      0  0.00
   14   14     0   0   0   0   0   0   0   0   0 100   0   0   0   0   0   0   0   0   0   0     0    0    0   0.000      0  0.00
   15   15     0   0   9  91   0   0   0   0   0   0   0   0   0   0   0   0   0   0   0   0     0    0    0   0.305     10  0.00
   16   16     0   0   0   0   0   0   0 100   0   0   0   0   0   0   0   0   0   0   0   0     0    0    0   0.000      0  0.00
   17   17     0   0   0   0   0   0   0   0   0   0   0   0   0   0   0   0   0  67   8  25     0    0    0   0.824     27  0.00
   18   18     0   0   0   0   0   0   0   0   0   0   0   0   0   0   0 100   0   0   0   0     0    0    0   0.000      0  0.00
   19   19     0   0   0   0   0   0   0   0   0  58   8   0   0   0   0   0   0  25   0   8     0    0    0   1.075     35  0.00
   20   20   100   0   0   0   0   0   0   0   0   0   0   0   0   0   0   0   0   0   0   0     0    0    0   0.000      0  0.00
   21   21     0   0   0   0   0   0   0  58   0   0   0  33   8   0   0   0   0   0   0   0     0    0    0   0.888     29  0.00
   22   22     0   0   0   0   0   8   0   0   0   0  58   0  25   0   0   0   0   8   0   0     0    0    0   1.075     35  0.00
   23   23     8  67  25   0   0   0   0   0   0   0   0   0   0   0   0   0   0   0   0   0     0    0    0   0.824     27  0.00
   24   24     0   0   0   0   0   0   0   0  92   0   0   0   0   0   0   0   0   0   0   8     0    0    0   0.287      9  0.00
   25   25     0   0   0   0   0   0   0 100   0   0   0   0   0   0   0   0   0   0   0   0     0    0    0   0.000      0  0.00
   26   26     0   0 100   0   0   0   0   0   0   0   0   0   0   0   0   0   0   0   0   0     0    0    0   0.000      0  0.00
   27   27     0   0   0   0   0   0   0  92   0   0   8   0   0   0   0   0   0   0   0   0     0    0    0   0.287      9  0.00
   28   28     0   0   0   0   0   0   0   0   0  25   0   0   0   8   0   0   0  50   0  17     0    0    0   1.199     40  0.00
   29   29    50   0   0   0   0   0   0   0   8   0   0  33   0   0   0   0   0   8   0   0     0    0    0   1.127     37  0.00
   30   30     0  75   0   0   0   0  25   0   0   0   0   0   0   0   0   0   0   0   0   0     0    0    0   0.562     18  0.00
   31   31     0   0   0   0   0   0   0  83   8   0   8   0   0   0   0   0   0   0   0   0     0    0    0   0.566     18  0.00
   32   32     0   0   8   0   0   0   0   8   0   0   0  25   0   0   0  58   0   0   0   0     0    0    0   1.075     35  0.00
   33   33     0   0   0   0   0   0   0   0   0   0   0   0   0   0  25  67   0   0   8   0     0    0    0   0.824     27  0.00
   34   34     0 100   0   0   0   0   0   0   0   0   0   0   0   0   0   0   0   0   0   0     0    0    0   0.000      0  0.00
   35   35     8   0   0   0   0   0   0   0   0   0   0  25   0   0   0   8   0  58   0   0     0    0    0   1.075     35  0.00
   36   36     0   0   0   0   0   0   0   0   0   0   0   8   0   0   0   0   0  58   0  33     0    0    0   0.888     29  0.00
   37   37     0   0   0   0   0   0   0   0  33   0   0   0   0   0  58   8   0   0   0   0     0    0    0   0.888     29  0.00
   38   38     0   0   0   0   0   0   0 100   0   0   0   0   0   0   0   0   0   0   0   0     0    0    0   0.000      0  0.00
   39   39     0   0   8   0  92   0   0   0   0   0   0   0   0   0   0   0   0   0   0   0     0    0    0   0.287      9  0.00
   40   40     0   0   0   0   0   0   0   0   0   0   0   0   0   0   0   0   0   0   8  92     0    0    0   0.287      9  0.00
   41   41     0   0   0   8   0   0   0   0   0   0   0   0   0   0   0  92   0   0   0   0     0    0    0   0.287      9  0.00
   42   42     0   0   0   0   0   0   0   0 100   0   0   0   0   0   0   0   0   0   0   0     0    0    0   0.000      0  0.00
   43   43     0   0   0   0   0   0 100   0   0   0   0   0   0   0   0   0   0   0   0   0     0    0    0   0.000      0  0.00
   44   44    82   0   9   0   0   0   0   0   0   0   0   9   0   0   0   0   0   0   0   0     0    0    0   0.600     20  0.00
   45   45    73  27   0   0   0   0   0   0   0   0   0   0   0   0   0   0   0   0   0   0     0    0    0   0.586     19  0.00
   46   46     0  82   0   0  18   0   0   0   0   0   0   0   0   0   0   0   0   0   0   0     0    0    0   0.474     15  0.00
   47   47     0   0   0   0   0   0   0 100   0   0   0   0   0   0   0   0   0   0   0   0     0    0    0   0.000      0  0.00
   48   48     0   0   0   0   0   0   0   0   0   0   0   0   0   0   0   0 100   0   0   0     0    0    0   0.000      0  0.00
   49   49     0   0   0   0  73   0  27   0   0   0   0   0   0   0   0   0   0   0   0   0     0    0    0   0.586     19  0.00
   50   50     0 100   0   0   0   0   0   0   0   0   0   0   0   0   0   0   0   0   0   0     0    0    0   0.000      0  0.00
   51   51    73  27   0   0   0   0   0   0   0   0   0   0   0   0   0   0   0   0   0   0     0    0    0   0.586     19  0.00
   52   52     0  91   0   9   0   0   0   0   0   0   0   0   0   0   0   0   0   0   0   0     0    0    0   0.305     10  0.00
   53   53     0   0   0   0   0   0   0   0   0   0   0   0   0   9   0  91   0   0   0   0     0    0    0   0.305     10  0.00
   54   54     0   0   0   0   0   0   0   0   0   0   0   0   0   0   0 100   0   0   0   0     0    0    0   0.000      0  0.00
   55   55     0   0   0   0   0   0   0   0   0   0   0   0   0   0   0   0   0   0   9  91     0    0    0   0.305     10  0.00
   56   56     0   0   0   0   0   0   0   0   0   0   0   0   0   0   0   0   0 100   0   0     0    0    0   0.000      0  0.00
   57   57     0   0   0   0   0   0   0   0   9   0   0   0   0   0   0   0   0   9   0  82     0    0    0   0.600     20  0.00
   58   58     0  91   0   0   0   0   0   0   0   0   0   0   0   0   0   0   0   9   0   0     0    0    0   0.305     10  0.00
   59   59     0   0   0   0  91   0   9   0   0   0   0   0   0   0   0   0   0   0   0   0     0    0    0   0.305     10  0.00
   60   60     0   0  18   0   0   0   0   0   0   0   0   0   0   0  64   9   9   0   0   0     0    0    0   1.034     34  0.00
   61   61     0   0   0   0   0   0   0   0   0   0   0   0   0   0   9   0   0  82   0   9     0    0    0   0.600     20  0.00
   62   62     0   0   0   0   0 100   0   0   0   0   0   0   0   0   0   0   0   0   0   0     0    0    0   0.000      0  0.00
   63   63     0  91   0   9   0   0   0   0   0   0   0   0   0   0   0   0   0   0   0   0     0    0    0   0.305     10  0.00
   64   64     0   0   9   0   0   0   0   0   0   0   0   0   0   0   0  91   0   0   0   0     0    0    0   0.305     10  0.00
   65   65     0   0   0   0   0   0   0   0   0   0   0   0   9   0   0   0   0  27   0  64     0    0    0   0.860     28  0.00
   66   66     9   0   0   0   0   0   0   0   0   0   0  82   9   0   0   0   0   0   0   0     0    0    0   0.600     20  0.00
   67   67     0   0   0   0   9   0   0   0  18   0   0   0  73   0   0   0   0   0   0   0     0    0    0   0.760     25  0.00
   68   68     0   0   0   0   0   0   0  91   0   0   0   0   0   9   0   0   0   0   0   0     0    0    0   0.305     10  0.00
   69   69    18   0   0   0   0   0   0   0  82   0   0   0   0   0   0   0   0   0   0   0     0    0    0   0.474     15  0.00
   70   70     0   0   0   0   0   0   0   0   0   0  18  27   0   0   0   0   0   0  55   0     0    0    0   0.995     33  0.00
   71   71     0   0   0   0   0   0   0   0  82   0   9   0   0   0   0   0   0   9   0   0     0    0    0   0.600     20  0.00
   72   72     0   0   0   0   0   0   0   0   0   0   0   0   9   0   0  73   0   0  18   0     0    0    0   0.760     25  0.00
   73   73     0   0   0   0   0   0   0   0   0   0   0   0   0  18   0   0  73   9   0   0     0    0    0   0.760     25  0.00
   74   74     0   0   0   0   0   0   0   0  36   0  64   0   0   0   0   0   0   0   0   0     0    0    0   0.655     21  0.00
   75   75     0   0   0   0   0   0   0   0   0   0   9   0   0   0  64  18   9   0   0   0     0    0    0   1.034     34  0.00
   76   76     0   0   0   0   0   0   0   0   0   0   0  18   0   0   0   0   9   0   0  73     0    0    0   0.760     25  0.00
   77   77     0   0   0   0   0   0   0   0  20   0   0  10  70   0   0   0   0   0   0   0     0    0    0   0.802     26  0.00
   78   78     0   0   0   0  80   0  10   0   0   0  10   0   0   0   0   0   0   0   0   0     0    0    0   0.639     21  0.00
   79   79     0   0   0   0   0   0   0  60   0   0   0   0   0  10   0   0   0   0  30   0     0    0    0   0.898     29  0.00
   80   80     0   0   0   0   0   0   0   0   0   0   0   0 100   0   0   0   0   0   0   0     0    0    0   0.000      0  0.00
   81   81     0 100   0   0   0   0   0   0   0   0   0   0   0   0   0   0   0   0   0   0     0    0    0   0.000      0  0.00
   82   82     0   0   0   0   0   0   0   0   0   0   0   0   0   0  64   9   0   0  27   0     0    0    0   0.860     28  0.00
   83   83     0   0   0   0   0   0   0   0   0   0   0   0   0   0   0   0   0  91   0   9     0    0    0   0.305     10  0.00
   84   84     0   0   0   0   0 100   0   0   0   0   0   0   0   0   0   0   0   0   0   0     0    0    0   0.000      0  0.00
   85   85     0   0   0   0   0   0   0   0  18   0   0   0  82   0   0   0   0   0   0   0     0    0    0   0.474     15  0.00
   86   86     0   0   0   0   0   0   0   0   9   0   0   0   0   0   0   0   0   9   0  82     0    0    0   0.600     20  0.00
   87   87     0   0   0   0   0   0   0   0  60   0   0   0  10   0   0   0  20  10   0   0     0    0    0   1.089     36  0.00
   88   88     0   0   0   0 100   0   0   0   0   0   0   0   0   0   0   0   0   0   0   0     0    0    0   0.000      0  0.00
   89   89     0  80   0  20   0   0   0   0   0   0   0   0   0   0   0   0   0   0   0   0     0    0    0   0.500     16  0.00
//
