ID Pseudo hssp file.
SEQ 
SEQ gi|9506369|ref|NP_062017.1| acid phosphatase 5, tartrate resista...   604  e-172
SEQ gi|7767180|pdb|1QFC|A Chain A, Structure Of Rat Purple Acid Phos...   604  e-172
SEQ gi|6680624|ref|NP_031414.1| acid phosphatase 5, tartrate resista...   584  e-166
SEQ gi|4501873|ref|NP_001602.1| tartrate resistant acid phosphatase ...   549  e-155
SEQ gi|130722|sp|P13686|PPA5_HUMAN TARTRATE-RESISTANT ACID PHOSPHATA...   540  e-153
SEQ gi|178006|gb|AAA76849.1| (J04430) acid phosphatase type 5 [Homo ...   536  e-151
SEQ gi|417521|sp|P09889|PPA5_PIG TARTRATE-RESISTANT ACID PHOSPHATASE...   527  e-149
SEQ gi|6137386|pdb|1UTE|A Chain A, Pig Purple Acid Phosphatase Compl...   527  e-149
SEQ gi|164720|gb|AAA31139.1| (M30284) uteroferrin precursor [Sus scr...   520  e-146
SEQ gi|4520363|dbj|BAA75919.1| (AB009340) tartrate-resistant acid ph...   516  e-145
SEQ gi|89751|pir||B27035 acid phosphatase (EC 3.1.3.2) 5 - bovine         344  7e-94
SEQ gi|2143527|pir||I55533 type 5 acid phosphatase - mouse (fragment...   221  8e-57
SEQ gi|7498492|pir||T20514 hypothetical protein F02E9.7 - Caenorhabd...   199  3e-50
SEQ gi|4262021|gb|AAD14321.1|S80099_1 (S80099) uteroferrin [Sus scrofa]   168  9e-41
SEQ gi|7331193|gb|AAF60315.1|AF236107_1 (AF236107) putative purple a...   103  3e-21
SEQ gi|164712|gb|AAA31135.1| (M31215) uteroferrin [Sus scrofa]            102  4e-21
SEQ gi|6624897|emb|CAB63938.1| (AJ243527) acid phosphatase type 5 [A...   100  3e-20
SEQ gi|11067287|gb|AAG28815.1|AC079374_18 (AC079374) hypothetical pr...    99  9e-20
SEQ gi|4522007|gb|AAD21780.1| (AC007069) putative purple acid phosph...    96  8e-19
SEQ gi|6635445|gb|AAF19823.1|AF200827_1 (AF200827) putative purple a...    94  3e-18
SEQ gi|7331197|gb|AAF60317.1|AF236109_1 (AF236109) putative purple a...    94  3e-18
SEQ gi|4522012|gb|AAD21785.1| (AC007069) putative purple acid phosph...    93  7e-18
SEQ gi|8778212|gb|AAF79221.1|AC006917_6 (AC006917) F10B6.10 [Arabido...    92  8e-18
SEQ gi|7331195|gb|AAF60316.1|AF236108_1 (AF236108) putative purple a...    88  2e-16
SEQ gi|262925|gb|AAB24795.1| tartrate-resistant acid phosphatase pea...    59  6e-08
SEQ gi|164710|gb|AAA31134.1| (M31214) uteroferrin [Sus scrofa]             56  5e-07
SEQ gi|554391|gb|AAA40479.1| (M85212) tartrate-resistant acid phosph...    51  3e-05
SEQ 
## SEQUENCE PROFILE AND ENTROPY
 SeqNo PDBNo   V   L   I   M   F   W   Y   G   A   P   S   T   C   H   R   K   Q   E   N   D  NOCC NDEL NINS ENTROPY RELENT WEIGHT
    1    1     0   0   0   0   0   0   0   0   0   0 100   0   0   0   0   0   0   0   0   0     0    0    0   0.000      0  0.00
    2    2     0   0   0   0   0   0   0   0   0   0  56  44   0   0   0   0   0   0   0   0     0    0    0   0.685     22  0.00
    3    3     8  83   4   0   4   0   0   0   0   0   0   0   0   0   0   0   0   0   0   0     0    0    0   0.624     20  0.00
    4    4     0   0   0   0   0   0   0   0   0   0  38   0   0   0  63   0   0   0   0   0     0    0    0   0.662     22  0.00
    5    5     0   4   4   0  92   0   0   0   0   0   0   0   0   0   0   0   0   0   0   0     0    0    0   0.345     11  0.00
    6    6    63  33   4   0   0   0   0   0   0   0   0   0   0   0   0   0   0   0   0   0     0    0    0   0.792     26  0.00
    7    7    38   4   0   0   0   0   0   0  58   0   0   0   0   0   0   0   0   0   0   0     0    0    0   0.815     27  0.00
    8    8    75   0  25   0   0   0   0   0   0   0   0   0   0   0   0   0   0   0   0   0     0    0    0   0.562     18  0.00
    9    9     0   0   0   0   0   0   0 100   0   0   0   0   0   0   0   0   0   0   0   0     0    0    0   0.000      0  0.00
   10   10     0   0   0   0   0   0   0   0   0   0   0   0   0   0   0   0   0   0   0 100     0    0    0   0.000      0  0.00
   11   11     0   0   0   0   0  96   0   0   0   0   0   4   0   0   0   0   0   0   0   0     0    0    0   0.173      5  0.00
   12   12     0   0   0   0   0   0   0 100   0   0   0   0   0   0   0   0   0   0   0   0     0    0    0   0.000      0  0.00
   13   13     0   0   0   0   0   0   0  94   0   0   0   0   0   0   6   0   0   0   0   0     0    0    0   0.234      7  0.00
   14   14    88   0   6   0   0   0   0   0   0   0   0   0   0   0   0   6   0   0   0   0     0    0    0   0.463     15  0.00
   15   15     0   0   0   0   0   0   0   0   0  75   0   0   0   0  25   0   0   0   0   0     0    0    0   0.562     18  0.00
   16   16     0   0   5   0   0   0   0   0   0   0   0   0   0   0  20   5   0   0  70   0     0    0    0   0.871     29  0.00
   17   17     0   5   0   0   0   0   0  25  70   0   0   0   0   0   0   0   0   0   0   0     0    0    0   0.746     24  0.00
   18   18     0   0   0   0   0   0   0   0   0  70  20   0   0   0   0   0   0   5   0   5     0    0    0   0.871     29  0.00
   19   19     0   0   0   0  75   0  20   0   0   0   0   5   0   0   0   0   0   0   0   0     0    0    0   0.687     22  0.00
   20   20     0   0   0   0   0   0   5   5   0   0   0   5   0  62   0   0   0   0  24   0     0    0    0   1.073     35  0.00
   21   21     0   0   0   0   0   5   0   0   0   0   5  67   0   0   0   0  24   0   0   0     0    0    0   0.902     30  0.00
   22   22     0   0   0   0   0   0   4   4  58   0  21   0   0   0  13   0   0   0   0   0     0    0    0   1.166     38  0.00
   23   23     0   4   0   0   0   0   0   0   0   4   0   0   0   4  52   9  22   0   4   0     0    0    0   1.429     47  0.00
   24   24    22   0   0   0   0   0   0  17   0   0   0   0   0   0   0   0   4  52   4   0     0    0    0   1.248     41  0.00
   25   25     0   4   0  57   0   0   0   4  26   0   4   0   0   0   0   0   0   4   0   0     0    0    0   1.218     40  0.00
   26   26     4  13   0   0   9   0  13   0  57   0   0   0   0   0   0   0   0   4   0   0     0    0    0   1.339     44  0.00
   27   27     5   0   0   0   0   0   0   0   0   0   0   0   0   0   0   5  23   0  68   0     0    0    0   0.879     29  0.00
   28   28     0   0   0  23   0   0   0   0  59   0   5   0   0   0   0   0  14   0   0   0     0    0    0   1.060     35  0.00
   29   29     0   0   0   0   0   0   0  22   4   0  13   0   0   0   0  57   4   0   0   0     0    0    0   1.193     39  0.00
   30   30     0   9   0   0   0   0   0   0  17   0   0   4   0   0   0  13  13  43   0   0     0    0    0   1.546     51  0.00
   31   31    14   0  77   9   0   0   0   0   0   0   0   0   0   0   0   0   0   0   0   0     0    0    0   0.689     22  0.00
   32   32     0   0   0   0   0   0   0  30  70   0   0   0   0   0   0   0   0   0   0   0     0    0    0   0.615     20  0.00
   33   33     0   0   0   0   5   0   0   0   0   0   5  15   0   5  40  15   0  10   0   5     0    0    0   1.765     58  0.00
   34   34    10   5   0   0   0   0   0   0   0   0   0  52   0   0   0  10  14   0   0  10     0    0    0   1.433     47  0.00
   35   35    55  23   5   9   0   0   0   5   5   0   0   0   0   0   0   0   0   0   0   0     0    0    0   1.307     43  0.00
   36   36     0   0   0   0   0   0   0   9   9   0   0   0   0   0   0  18  41   0   9  14     0    0    0   1.601     53  0.00
   37   37    10   5  48   5   0   0   0   0   0   0   0  19   0   0   0   5   0  10   0   0     0    0    0   1.552     51  0.00
   38   38     6  50   6  31   0   0   0   0   0   0   0   0   0   6   0   0   0   0   0   0     0    0    0   1.230     41  0.00
   39   39     0   0   0   0   0   0   0  82   0   0   6   0   0   0   0   0   0   0   6   6     0    0    0   0.660     22  0.00
   40   40    12   0  12   0   0   0   0   0  71   0   0   0   0   0   0   0   0   6   0   0     0    0    0   0.916     30  0.00
   41   41     0   0   0   0   0   0   0   0   0   0   0   0   0   5   0   0   5   0   5  86     0    0    0   0.548     18  0.00
   42   42     0   0   0   5  95   0   0   0   0   0   0   0   0   0   0   0   0   0   0   0     0    0    0   0.185      6  0.00
   43   43    36   9  55   0   0   0   0   0   0   0   0   0   0   0   0   0   0   0   0   0     0    0    0   0.916     30  0.00
   44   44    14  38  29  19   0   0   0   0   0   0   0   0   0   0   0   0   0   0   0   0     0    0    0   1.319     44  0.00
   45   45     0   0   0   0   0   0   0   0   0   0  95   0   0   0   0   0   0   0   5   0     0    0    0   0.185      6  0.00
   46   46     5  52   0   5   0   0   0   0   0   0   0  38   0   0   0   0   0   0   0   0     0    0    0   0.996     33  0.00
   47   47     0   0   0   0   0   0   0 100   0   0   0   0   0   0   0   0   0   0   0   0     0    0    0   0.000      0  0.00
   48   48     0   0   0   0   0   0   0   0   0   0   0   0   0   0   0   0   0   0   0 100     0    0    0   0.000      0  0.00
   49   49     0   0   0   0   0   0   0   0   0   0   0   0   0   0   0   0   0   0 100   0     0    0    0   0.000      0  0.00
   50   50     0   0   9   0  91   0   0   0   0   0   0   0   0   0   0   0   0   0   0   0     0    0    0   0.305     10  0.00
   51   51     0   0   0   0   0   0 100   0   0   0   0   0   0   0   0   0   0   0   0   0     0    0    0   0.000      0  0.00
   52   52     0   0   0   0  59   0   0   0   0   0   0   0   0   0   0   0   0   0   0  41     0    0    0   0.677     22  0.00
   53   53     0   0   0   0   0   0   0   0   0   0   9  50   0   0   0   0   0   0  23  18     0    0    0   1.211     40  0.00
   54   54     0   0   0   0   0   0   0 100   0   0   0   0   0   0   0   0   0   0   0   0     0    0    0   0.000      0  0.00
   55   55    52  29  10   5   0   0   0   0   0   5   0   0   0   0   0   0   0   0   0   0     0    0    0   1.211     40  0.00
   56   56     0   0  10   0   5   0   0   0   0   0   5  19   0  33   0  10  19   0   0   0     0    0    0   1.736     57  0.00
   57   57     0   0   0   0   0   0   0  19   0   0  29   0   0   0   0   0   0   0   0  52     0    0    0   1.012     33  0.00
   58   58    19   5  19   0   0   0   0   0  33  10   0   0   0   0   0   0   0  14   0   0     0    0    0   1.645     54  0.00
   59   59     0   0   0   0   9   0   9   0   0   0   9   0   0  14   0  14   0   0  36   9     0    0    0   1.783     59  0.00
   60   60     0   0   0   0   0   0   0   0   0   0   0   0   0   0   0   0   0   0   0 100     0    0    0   0.000      0  0.00
   61   61     0   0   0   0   0   0   0   0   0  32   9   0   0   0   0  55   0   0   0   5     0    0    0   1.053     35  0.00
   62   62     0   5   0   0   0   0   0   0  14   0   9   0   0   0  59   0   9   0   5   0     0    0    0   1.300     43  0.00
   63   63     0   0   0   0 100   0   0   0   0   0   0   0   0   0   0   0   0   0   0   0     0    0    0   0.000      0  0.00
   64   64     0   0   0   0   0   0   0   0   0   0   0   4   0   0   0   0  74  22   0   0     0    0    0   0.692     23  0.00
   65   65     0   9   0   0   0   0   0   0   4   0   4   0   0   0   0   0   4  65   0  13     0    0    0   1.166     38  0.00
   66   66     0   0   0   0   0   0   0   0   0   0  39  57   0   0   4   0   0   0   0   0     0    0    0   0.826     27  0.00
   67   67     0   0   0   0 100   0   0   0   0   0   0   0   0   0   0   0   0   0   0   0     0    0    0   0.000      0  0.00
   68   68     0   0   0   0   0   0   0   0   0   0  17  22   0   0   0   0   0  61   0   0     0    0    0   0.938     31  0.00
   69   69     0   0   0   0   0   0   0   0   0   0   0   0   0   4   0   9   0   0  26  61     0    0    0   1.001     33  0.00
   70   70    65   0  35   0   0   0   0   0   0   0   0   0   0   0   0   0   0   0   0   0     0    0    0   0.646     21  0.00
   71   71     0   0   0   0  57   0  43   0   0   0   0   0   0   0   0   0   0   0   0   0     0    0    0   0.685     22  0.00
   72   72     0   0   0   0   0   0   0   0   0   0  57  43   0   0   0   0   0   0   0   0     0    0    0   0.685     22  0.00
   73   73     0   0   0   0   0   0   0   0  35   0   4   0   0   4   0   0   0   0   4  52     0    0    0   1.116     37  0.00
   74   74     0   0   0   0   0   0   0   0   0  39   4   9   0   0  39   4   0   4   0   0     0    0    0   1.356     45  0.00
   75   75     0   0   0   0   0   0   0   0  22   4  74   0   0   0   0   0   0   0   0   0     0    0    0   0.692     23  0.00
   76   76     0 100   0   0   0   0   0   0   0   0   0   0   0   0   0   0   0   0   0   0     0    0    0   0.000      0  0.00
   77   77     0   0   0   0   0   0   0   0   0   0   0   0   0   0  54   0  46   0   0   0     0    0    0   0.690     23  0.00
   78   78     0   0   0   0   0   0   0   0   0   0   4   0   0   0   0  52   0   0  43   0     0    0    0   0.838     27  0.00
   79   79    67   0  33   0   0   0   0   0   0   0   0   0   0   0   0   0   0   0   0   0     0    0    0   0.637     21  0.00
   80   80     0   0   0   0   0   0   0   0   0  79   0   0   0   0   0   4  17   0   0   0     0    0    0   0.616     20  0.00
   81   81     0   0   0   0   0 100   0   0   0   0   0   0   0   0   0   0   0   0   0   0     0    0    0   0.000      0  0.00
   82   82     0   4   0   0   0   0  78   0   0   0   0   0   0  17   0   0   0   0   0   0     0    0    0   0.632     21  0.00
   83   83    59   5   0   0   0   0   0   0   0   0  18   5   0   0   0   0   0   0  14   0     0    0    0   1.174     39  0.00
   84   84    36  59   5   0   0   0   0   0   0   0   0   0   0   0   0   0   0   0   0   0     0    0    0   0.819     27  0.00
   85   85     0  33   0   0   0   0   0   0  63   0   4   0   0   0   0   0   0   0   0   0     0    0    0   0.792     26  0.00
   86   86     0   0   0   0   0   0   0 100   0   0   0   0   0   0   0   0   0   0   0   0     0    0    0   0.000      0  0.00
   87   87     0   0   0   0   0   0   0   0   0   0   0   0   0   0   0   0   0   0 100   0     0    0    0   0.000      0  0.00
   88   88     0   0   0   0   0   0   0   0   0   0   0   0   0 100   0   0   0   0   0   0     0    0    0   0.000      0  0.00
   89   89     0   0   0   0   0   0   0   0   0   0   0   0   0   0   0   0   0   0   0 100     0    0    0   0.000      0  0.00
   90   90     0   0   0   0   0   0  38   0   0   0   0   0   0  63   0   0   0   0   0   0     0    0    0   0.662     22  0.00
   91   91     0  52   4   0   4   0   0   0   0   0   0   0   0   0  39   0   0   0   0   0     0    0    0   0.979     32  0.00
   92   92     0   0   0   0   0   0   0 100   0   0   0   0   0   0   0   0   0   0   0   0     0    0    0   0.000      0  0.00
   93   93     0   0   0   0   0   0   0   0   0   0   0   0   0   0   0   0   0   0  79  21     0    0    0   0.512     17  0.00
   94   94    88   0   0   0   0   0   0   0  13   0   0   0   0   0   0   0   0   0   0   0     0    0    0   0.377     12  0.00
   95   95     0   0   0   0   0   0   8   0   0   0  58   4   0   0   4   4   0  21   0   0     0    0    0   1.246     41  0.00
   96   96     0   0   0   0   0   0   0   0 100   0   0   0   0   0   0   0   0   0   0   0     0    0    0   0.000      0  0.00
   97   97     0   0   0   0   0   0   0   0   0   0   0   0   0   0   0   4  92   4   0   0     0    0    0   0.345     11  0.00
   98   98     0  35  65   0   0   0   0   0   0   0   0   0   0   0   0   0   0   0   0   0     0    0    0   0.646     21  0.00
   99   99     0   0   4   0   0   0   0   0  57   0  35   0   0   0   0   0   0   4   0   0     0    0    0   0.962     32  0.00
  100  100     0  29   0   0   0   0  58   0   0   0   0   0   0   4   0   8   0   0   0   0     0    0    0   1.013     33  0.00
  101  101     4   0   0   0   0   0   0   0   0   0  58   4   0   0  29   0   4   0   0   0     0    0    0   1.071     35  0.00
  102  102     0   4   0   0   0   0   4   0   4   0   4   0   0   0   0  71   0   4   0   8     0    0    0   1.113     37  0.00
  103  103     4  17  61   4   0   0   0   0   0   0   0   4   0   4   4   0   0   0   0   0     0    0    0   1.288     42  0.00
  104  104     0   0   0   0   0   0   0   0   0   0  63   0   0   0   0   0   4   0   0  33     0    0    0   0.792     26  0.00
  105  105     0   0   0   0   0   0   0   0   0   4  13   0   8   0   0  67   0   0   8   0     0    0    0   1.077     35  0.00
  106  106     0   0   0   0   0   0   0   0   0   0   0   0   0   0  92   4   0   0   0   4     0    0    0   0.345     11  0.00
  107  107     0   0   0   0   0 100   0   0   0   0   0   0   0   0   0   0   0   0   0   0     0    0    0   0.000      0  0.00
  108  108     6   0  11   0   0   0   6   0   0   0   0   0   0   0   0   6   0   0  72   0     0    0    0   0.961     32  0.00
  109  109     0   0   0   0  83   0   0   0   0   0   0   0  17   0   0   0   0   0   0   0     0    0    0   0.451     15  0.00
  110  110     0   6   0   0   6   0   0   0   0  83   0   0   0   0   0   0   6   0   0   0     0    0    0   0.634     21  0.00
  111  111     0   0   0   0   0   0   0   0   0   0  83   0   0   0  17   0   0   0   0   0     0    0    0   0.451     15  0.00
  112  112     0   5   0   0   0   0   0   0   0  79  16   0   0   0   0   0   0   0   0   0     0    0    0   0.633     21  0.00
  113  113     0   0   0   0  26   0  68   0   0   0   0   0   5   0   0   0   0   0   0   0     0    0    0   0.766     25  0.00
  114  114     5   5  14   0   0   0  76   0   0   0   0   0   0   0   0   0   0   0   0   0     0    0    0   0.775     25  0.00
  115  115     0   0   0   0   0   0   0   0   0   0   0   0  19   0  71   5   0   0   0   5     0    0    0   0.846     28  0.00
  116  116     0  79   0  11   0   5   0   0   0   0   0   0   0   0   0   5   0   0   0   0     0    0    0   0.734     24  0.00
  117  117     0   0   0   0   0   0   0   0   0   0   5   0   0  14  81   0   0   0   0   0     0    0    0   0.594     19  0.00
  118  118     0   0   0   0  71   5   0   5   0   0  19   0   0   0   0   0   0   0   0   0     0    0    0   0.846     28  0.00
  119  119     9   0   0   0  18   0   5   0   0   0   5   0   0   0   5  59   0   0   0   0     0    0    0   1.260     42  0.00
  120  120    32   5  59   0   0   0   0   0   0   0   0   0   5   0   0   0   0   0   0   0     0    0    0   0.956     31  0.00
  121  121    22   0   0   0   0   0   0   0   0  65   0   4   0   0   4   0   0   4   0   0     0    0    0   1.019     34  0.00
  122  122     0   4   0   0   4   0   0   0   0   0   0   0   0   0  57   0  13   0   9  13     0    0    0   1.339     44  0.00
  123  123     0   0   0   0   0   0   0   0  17   0  42  29   0   0   0   0   0   0  13   0     0    0    0   1.283     42  0.00
  124  124     0   4   0   0   4   0   0   4   0   0   4   4   0   0   0   0   0  21  54   4     0    0    0   1.453     48  0.00
  125  125    38   8  38   0   0   0   0   0   0   0   0   8   0   0   0   0   0   8   0   0     0    0    0   1.357     45  0.00
  126  126     0   5   0   0   0   0   0   0  10   0  43  33   0   0   5   0   0   0   5   0     0    0    0   1.388     46  0.00
  127  127    91   0   5   0   0   0   0   0   0   0   5   0   0   0   0   0   0   0   0   0     0    0    0   0.368     12  0.00
  128  128     0   0   0   0   0   0   0   0  57   0   4   4   0   0   0   0   0  13   0  22     0    0    0   1.193     39  0.00
  129  129     4  13  61   4  17   0   0   0   0   0   0   0   0   0   0   0   0   0   0   0     0    0    0   1.145     38  0.00
  130  130     0   4   0   0  88   0   4   0   0   0   0   0   0   0   0   0   0   0   4   0     0    0    0   0.514     17  0.00
  131  131     0   0   0  67  33   0   0   0   0   0   0   0   0   0   0   0   0   0   0   0     0    0    0   0.637     21  0.00
  132  132    30  61   4   0   4   0   0   0   0   0   0   0   0   0   0   0   0   0   0   0     0    0    0   0.937     31  0.00
  133  133     0   4   0   0   0   0   0   0   0   0   0   0   0   0   0   0   0   0   0  96     0    0    0   0.179      5  0.00
  134  134     0   0   0   0   0   0   4   0   0   0   0  96   0   0   0   0   0   0   0   0     0    0    0   0.179      5  0.00
  135  135    61   0   4   0   0   0   0   0   0   0   0  30   0   4   0   0   0   0   0   0     0    0    0   0.937     31  0.00
  136  136     0   0   0  22   0   0   0   0   0  30   4  39   0   0   0   4   0   0   0   0     0    0    0   1.334     44  0.00
  137  137     0  65   0   0  26   0   4   0   0   0   0   0   4   0   0   0   0   0   0   0     0    0    0   0.902     30  0.00
  138  138    33   0   0   0   0   0   0   0   0   0   0   0  67   0   0   0   0   0   0   0     0    0    0   0.637     21  0.00
  139  139     0   0   4   0   0   0   0  74   0   0   0   0   0   0   0   4   0   4   0  13     0    0    0   0.898     29  0.00
  140  140     0   0   0   0   0   0   4   0   4   0   4   0   0   4   4   4   0   4  70   0     0    0    0   1.207     40  0.00
  141  141     0   0   0   0   0   0   4   0   4   0  70   4   0   0   4   9   0   0   4   0     0    0    0   1.146     38  0.00
  142  142     0   0   0   0   0   0   4   0   0   4   0   0   0   0   0   4   0   0  13  74     0    0    0   0.898     29  0.00
  143  143     0   0   0   0   0   0   0   9   0   0   4   0   0   9   0   4   0   4   0  70     0    0    0   1.086     36  0.00
  144  144     4   4   4   0  63   4   4   4   0   0   0   4   0   8   0   0   0   0   0   0     0    0    0   1.428     47  0.00
  145  145    35  22   0   0   9   0   9   0   9   0   4   0   0   0   4   4   4   0   0   0     0    0    0   1.882     62  0.00
  146  146     0   0   9   0   4   0   9   4   0   0  65   0   0   0   0   0   0   0   0   9     0    0    0   1.189     39  0.00
  147  147     0   4   4   0   0   9   0   0   0   4   0   0   0   4   4   0  61   0   0   9     0    0    0   1.409     47  0.00
  148  148     0   4   4   0   0   9   0   0   0   4   0   4   0   0   9   0  61   0   0   4     0    0    0   1.409     47  0.00
  149  149     0   0   4   0   0   0   0  13   0  65   0   0   0   0   9   0   0   0   4   4     0    0    0   1.166     38  0.00
  150  150     9   0   0   0   0   0   0   4   4   0   0   0   0   4   9  17   4  48   0   0     0    0    0   1.627     54  0.00
  151  151     9  14   0  23   0   0   0   5   0   0   0   5   0   5  32   9   0   0   0   0     0    0    0   1.830     61  0.00
  152  152     5   0   0   0   5   0   5   0   0  73   5   0   0   0   5   0   0   0   0   5     0    0    0   1.075     35  0.00
  153  153     9   0   0   0   4   0   9   0   0   4   4   0   0   0  65   0   0   0   0   4     0    0    0   1.249     41  0.00
  154  154     0   9   0   0   0   4   4   0   0   0   0   4   0   0   4   0   4   0  30  39     0    0    0   1.623     54  0.00
  155  155    10  60   5   0   0   5   0   0   0   0  10   0   0   0   0   0   5   0   5   0     0    0    0   1.366     45  0.00
  156  156     0   0   0   0   0   0   0  33  29   0   5  10   0   0   0  10   0  10   5   0     0    0    0   1.686     56  0.00
  157  157    33  38   4   0   0   0  13   0   4   0   0   8   0   0   0   0   0   0   0   0     0    0    0   1.466     48  0.00
  158  158     4   8   0   0   0   0   0   0  67   0   4   4   0   0   4   4   4   0   0   0     0    0    0   1.272     42  0.00
  159  159     0   0   0   0   0   0   0   0   0   0   0   0   0   0  63  17   8   8   4   0     0    0    0   1.139     38  0.00
  160  160     0   0   0   0   0   0   0   0   4   0  12  68   0   0   0   4   0   4   4   4     0    0    0   1.160     38  0.00
  161  161     8   8   4   4   0   0   8   0   0   0   0   0   0   0   4   0  64   0   0   0     0    0    0   1.278     42  0.00
  162  162     0  84   0   0   0   4   0   0   8   0   0   0   0   0   0   0   0   0   0   4     0    0    0   0.606     20  0.00
  163  163     0   4   0   0   0   0   0   0  32   0  36  12   0   0   4   4   0   0   8   0     0    0    0   1.575     52  0.00
  164  164     0   0   0   0   0  72   0   4   4   0   0   0   0   0   0   4   0   4   4   8     0    0    0   1.082     36  0.00
  165  165     5  77  18   0   0   0   0   0   0   0   0   0   0   0   0   0   0   0   0   0     0    0    0   0.650     21  0.00
  166  166     0   9   0   0   0   0   0   0   0   0   0   0   0   0   5  64   0  18   0   5     0    0    0   1.097     36  0.00
  167  167     9   0   0   5   0   0   5   0   0   0   0   0   0   0   5  68   5   0   5   0     0    0    0   1.182     39  0.00
  168  168     0   0   0   0   0   0   0   5   9   0   9   0   0   5   0   0  59   5   5   5     0    0    0   1.449     48  0.00
  169  169     0  95   0   0   0   0   0   0   0   0   0   5   0   0   0   0   0   0   0   0     0    0    0   0.191      6  0.00
  170  170     0   0   0   5   0   0   0   0  67   0   0   0   0   0   5   5   5  10   0   5     0    0    0   1.219     40  0.00
  171  171     5   0   5   0   0   0   0   0  62   0   5   5   0   0   0   5   0  10   0   5     0    0    0   1.391     46  0.00
  172  172     0   0   0   0   0   5   0   0  71   0  24   0   0   0   0   0   0   0   0   0     0    0    0   0.727     24  0.00
  173  173     0  10   0   5   0   0   0   0   0   0  10   5   0   0  14  57   0   0   0   0     0    0    0   1.336     44  0.00
  174  174     0   0   0   0   0   0   0   0  20   0   0   5   0   0   5   5   0  65   0   0     0    0    0   1.051     35  0.00
  175  175     0   0   0   0   0   0   0   0   0   0   0   0   0   0   5  15   5   5   0  70     0    0    0   0.984     32  0.00
  176  176     0   0   0   0   0  25  70   0   0   0   5   0   0   0   0   0   0   0   0   0     0    0    0   0.746     24  0.00
  177  177    64   5   0   0   0   0   0   0   0   0   0   0   0   0   5  27   0   0   0   0     0    0    0   0.923     30  0.00
  178  178     4  57  35   0   4   0   0   0   0   0   0   0   0   0   0   0   0   0   0   0     0    0    0   0.962     32  0.00
  179  179    96   0   4   0   0   0   0   0   0   0   0   0   0   0   0   0   0   0   0   0     0    0    0   0.179      5  0.00
  180  180    26   0  13   0   0   0   0   0  57   0   4   0   0   0   0   0   0   0   0   0     0    0    0   1.075     35  0.00
  181  181     0   0   0   0   0   0   0 100   0   0   0   0   0   0   0   0   0   0   0   0     0    0    0   0.000      0  0.00
  182  182     0   0   0   0   0   0   0   0   0   0   0   0   0 100   0   0   0   0   0   0     0    0    0   0.000      0  0.00
  183  183     0   0   0   0   0   0  61   0   0   0   0   0   0  39   0   0   0   0   0   0     0    0    0   0.669     22  0.00
  184  184     0   0   0   0   0   0   0   4  13  65   0  17   0   0   0   0   0   0   0   0     0    0    0   0.985     32  0.00
  185  185    45   0  50   5   0   0   0   0   0   0   0   0   0   0   0   0   0   0   0   0     0    0    0   0.845     28  0.00
  186  186     0   0   0   0   0  55   0   0   0   0   0   0   0   5  14  27   0   0   0   0     0    0    0   1.097     36  0.00
  187  187     0   0   0   0   0   0   0   0   0   0  91   5   0   0   0   0   0   0   5   0     0    0    0   0.368     12  0.00
  188  188     0   0  67   5   0   0   0   0  29   0   0   0   0   0   0   0   0   0   0   0     0    0    0   0.773     25  0.00
  189  189     0   0   0   0   0   0   0  36  55   0   9   0   0   0   0   0   0   0   0   0     0    0    0   0.916     30  0.00
  190  190     0   0   5   0   0   0   0   0   0   0   5   0   0  32   0   0   0  55   5   0     0    0    0   1.116     37  0.00
  191  191     0   0   0   0   0   0   0   0   0   0   0   0   0 100   0   0   0   0   0   0     0    0    0   0.000      0  0.00
  192  192     0   0   0   0   0   0   0 100   0   0   0   0   0   0   0   0   0   0   0   0     0    0    0   0.000      0  0.00
  193  193     9   0   0   0   0   0   0   0   0  55   0   0   0   0   0   0   0   0  18  18     0    0    0   1.169     39  0.00
  194  194     5   0   0   0   0   0   0   0   0   0   0  95   0   0   0   0   0   0   0   0     0    0    0   0.185      6  0.00
  195  195     0   0  14   0   0   0   0   0   0   0   0   0   0  36  18  14  14   0   0   5     0    0    0   1.633     54  0.00
  196  196     0   0   0   0   0   0   0   0   0   0   0   0  59   0   0   0   0  41   0   0     0    0    0   0.677     22  0.00
  197  197     0 100   0   0   0   0   0   0   0   0   0   0   0   0   0   0   0   0   0   0     0    0    0   0.000      0  0.00
  198  198    64   5   5   0   0   0   0   0   0   0   0   0   0   0   5   0   0  18   5   0     0    0    0   1.160     38  0.00
  199  199     0   0   5   0   0   0   0   0   0   0   5   0   0   0   5  68   5   9   0   5     0    0    0   1.182     39  0.00
  200  200     0   5   0   0   0   0   0   0   0   0   0   0   0  14   9   5  45   5  18   0     0    0    0   1.580     52  0.00
  201  201     0  95   0   0   5   0   0   0   0   0   0   0   0   0   0   0   0   0   0   0     0    0    0   0.191      6  0.00
  202  202     0  57   0   0   0   0   0   0   0   0   0   0   0   0  33   0   5   0   0   5     0    0    0   0.976     32  0.00
  203  203     0   0   0   0   0   0   0   0   0 100   0   0   0   0   0   0   0   0   0   0     0    0    0   0.000      0  0.00
  204  204     0  62  38   0   0   0   0   0   0   0   0   0   0   0   0   0   0   0   0   0     0    0    0   0.665     22  0.00
  205  205     0 100   0   0   0   0   0   0   0   0   0   0   0   0   0   0   0   0   0   0     0    0    0   0.000      0  0.00
  206  206     5   0   0   0   0   0   0   0  32   0   0  14   0   0   5  14   5  23   5   0     0    0    0   1.806     60  0.00
  207  207     0   0   0   0   0   0   0   0  45   0   0  36   0   0   5   5   0   9   0   0     0    0    0   1.225     40  0.00
  208  208     0   0   0   0   5   0  41   0   0   0   0   0   0  18   0   0   0   0  36   0     0    0    0   1.184     39  0.00
  209  209     0   0   0   0   0   0   0  41   0   0   0   0   0   0   0  27   0  14  14   5     0    0    0   1.404     46  0.00
  210  210   100   0   0   0   0   0   0   0   0   0   0   0   0   0   0   0   0   0   0   0     0    0    0   0.000      0  0.00
  211  211     0   0   0   0   0   0   0   0   0   0   0  55   0   0   0   0   0   0   5  41     0    0    0   0.837     27  0.00
  212  212     0  36   0   5   0   0   0   0  59   0   0   0   0   0   0   0   0   0   0   0     0    0    0   0.819     27  0.00
  213  213     0   0   0   0   0   0 100   0   0   0   0   0   0   0   0   0   0   0   0   0     0    0    0   0.000      0  0.00
  214  214     5  52  19  19   5   0   0   0   0   0   0   0   0   0   0   0   0   0   0   0     0    0    0   1.260     42  0.00
  215  215     0   0   0   0   0   0   0   0   0   0   5   0  55   0   0   0   0   0  41   0     0    0    0   0.837     27  0.00
  216  216     0   0   0   0   0   0   0 100   0   0   0   0   0   0   0   0   0   0   0   0     0    0    0   0.000      0  0.00
  217  217     0   0   0   0   0   0   0   0   0   0   0   0   0 100   0   0   0   0   0   0     0    0    0   0.000      0  0.00
  218  218     0   0   0   0   0   0   0   0   0   0   0   0   0   0   0   0   0   0   0 100     0    0    0   0.000      0  0.00
  219  219     0   0   0   0   0   0   0   0   0   0   0   0   0 100   0   0   0   0   0   0     0    0    0   0.000      0  0.00
  220  220     0   0   0   0   0   0   0   0   0   0   9   0  35   0   0   0   0   0  57   0     0    0    0   0.902     30  0.00
  221  221     0 100   0   0   0   0   0   0   0   0   0   0   0   0   0   0   0   0   0   0     0    0    0   0.000      0  0.00
  222  222     0   0   0   0   0   0   0   0   0   0   0   0   0   0   0   0  74  26   0   0     0    0    0   0.574     19  0.00
  223  223     0   0   0   0   0   0  57   0   0   0   0   0   0  43   0   0   0   0   0   0     0    0    0   0.685     22  0.00
  224  224     0  55  36   5   5   0   0   0   0   0   0   0   0   0   0   0   0   0   0   0     0    0    0   0.979     32  0.00
  225  225     0   0   0   0   0   0   0   4   0   0  35   4   0   0   0   0  57   0   0   0     0    0    0   0.962     32  0.00
  226  226     0   0   0   0   0   0   0   9   0   0  26   0   0   0   0   0   4   0   0  61     0    0    0   1.001     33  0.00
  227  227     0   0   9   0   0   0   0   0   0   0   0   4   0   4   0   0   4  70   0   9     0    0    0   1.086     36  0.00
  228  228     0   0   0   0   0   0   0   4   0   0  22   0   0   4   0   0   0   0  65   4     0    0    0   1.019     34  0.00
  229  229     0   0   4   0   0   0   0  65   0   9  13   0   0   0   0   4   0   0   4   0     0    0    0   1.166     38  0.00
  230  230    41  18  32   5   0   0   0   0   0   0   0   5   0   0   0   0   0   0   0   0     0    0    0   1.321     44  0.00
  231  231     0   0   0   0   0   0   0  57   0   0   0   0   0   0   0   0  39   0   4   0     0    0    0   0.826     27  0.00
  232  232     0   0   0   0  61   0  39   0   0   0   0   0   0   0   0   0   0   0   0   0     0    0    0   0.669     22  0.00
  233  233    61  22   0  17   0   0   0   0   0   0   0   0   0   0   0   0   0   0   0   0     0    0    0   0.938     31  0.00
  234  234     5  55   0   0   0   0   0   0   0   0   0  41   0   0   0   0   0   0   0   0     0    0    0   0.837     27  0.00
  235  235     0   0   0   0   0   0   0   0   0   0 100   0   0   0   0   0   0   0   0   0     0    0    0   0.000      0  0.00
  236  236     0   0   0   0   0   0   0 100   0   0   0   0   0   0   0   0   0   0   0   0     0    0    0   0.000      0  0.00
  237  237     0   0   0   0   0   0   0  30  70   0   0   0   0   0   0   0   0   0   0   0     0    0    0   0.615     20  0.00
  238  238     0   0   0   0   0   0   0  96   4   0   0   0   0   0   0   0   0   0   0   0     0    0    0   0.179      5  0.00
  239  239     0   0   0   0   0   0   0   0   0   0  36   0   0   0   0   0   0   0  64   0     0    0    0   0.655     21  0.00
  240  240     0   0   0   0  81   0   6   0   0   0   0   0   0   0   6   6   0   0   0   0     0    0    0   0.689     22  0.00
  241  241     6   0   0  81   0   0   0   0  13   0   0   0   0   0   0   0   0   0   0   0     0    0    0   0.602     20  0.00
  242  242     0   0   0   0   0   6   0   0   0   0   0   0   0   0   0   6   0   6   0  82     0    0    0   0.660     22  0.00
  243  243     0   0   0   0   0   0   0   0  11  78   0   0   0   0   6   6   0   0   0   0     0    0    0   0.761     25  0.00
  244  244     0   0   0   0   0   6   0   6   6   0  78   0   0   0   0   0   0   6   0   0     0    0    0   0.838     27  0.00
  245  245    24   0   0   0   0   6   0   0   0   0   0  12   0   0   6  47   0   0   0   6     0    0    0   1.447     48  0.00
  246  246     0   0   6   0   0   0   0   6   0   0   0   0   0   0  44  39   6   0   0   0     0    0    0   1.209     40  0.00
  247  247     0   0   0   0   0   0   0   6   6   0   0   0   0  83   0   0   0   0   6   0     0    0    0   0.634     21  0.00
  248  248     6  22   6   0   0   6   0   0   0   6   0   0   0   0   0   0  50   0   0   6     0    0    0   1.484     49  0.00
  249  249     6   0   0   0   0   0   0   0   0   0   0   6   0   0  71  12   6   0   0   0     0    0    0   0.998     33  0.00
  250  250     0   0   0   0   0   0   0   6   0   6   6   6   0   0   0  72   0   6   0   0     0    0    0   1.038     34  0.00
  251  251    68   0   5   0   5   5   0   0   5   0   0   0   0   0   0   0   5   0   0   5     0    0    0   1.189     39  0.00
  252  252     5   0   0   0   0   5   0   0   0  68  11   0   0   0   0   0   0   0   5   5     0    0    0   1.117     37  0.00
  253  253     0   0   0   0   0   0   0   0   0  11   0   0   0   0  11   0   0   5  68   5     0    0    0   1.044     34  0.00
  254  254     0   0   0   0   0   0   0  79   0   0   0   0   0   0   0  11   0   0   0  11     0    0    0   0.661     22  0.00
  255  255     0   5   0   0   0   5  70   0   0   0   0   5   0   0   0   0   0  15   0   0     0    0    0   0.984     32  0.00
  256  256     0  79   0  21   0   0   0   0   0   0   0   0   0   0   0   0   0   0   0   0     0    0    0   0.515     17  0.00
  257  257     0   0   0   0   0   0   0   0   0   0   0   0   0   0  75  25   0   0   0   0     0    0    0   0.562     18  0.00
  258  258     0   5   0   0  95   0   0   0   0   0   0   0   0   0   0   0   0   0   0   0     0    0    0   0.199      6  0.00
  259  259     0   0   0   0   5   0  25   0   0   0   0   0   0  65   0   0   0   0   5   0     0    0    0   0.926     30  0.00
  260  260     0   0   0   0  20   0  80   0   0   0   0   0   0   0   0   0   0   0   0   0     0    0    0   0.500     16  0.00
  261  261     0   0   0   0   0   0   0  65   0   5   0   0   0   0   0   0   0   0   0  30     0    0    0   0.791     26  0.00
  262  262     0   0   0   0   0   0   0  30  30   0  20  15   0   0   0   0   0   5   0   0     0    0    0   1.479     49  0.00
  263  263     0   0   0   0   0   0   0   0   0   0   0   0   0   0   0   5  30  65   0   0     0    0    0   0.791     26  0.00
  264  264     0   0   0   0   0   0   0   0   0   0   7   0   0   0   0   0   0   0  43  50     0    0    0   0.898     29  0.00
  265  265     0   0   0   0   0   7   0   0   0   0  93   0   0   0   0   0   0   0   0   0     0    0    0   0.257      8  0.00
  266  266     0  92   0   0   8   0   0   0   0   0   0   0   0   0   0   0   0   0   0   0     0    0    0   0.271      9  0.00
  267  267     0   0   0   0   0   0   0 100   0   0   0   0   0   0   0   0   0   0   0   0     0    0    0   0.000      0  0.00
  268  268     0   0   0   0   0   0   0 100   0   0   0   0   0   0   0   0   0   0   0   0     0    0    0   0.000      0  0.00
  269  269     0   5   0   0  95   0   0   0   0   0   0   0   0   0   0   0   0   0   0   0     0    0    0   0.199      6  0.00
  270  270     0   0   5  32   0   0   0   0  42   0   0  21   0   0   0   0   0   0   0   0     0    0    0   1.211     40  0.00
  271  271     0   0   0   0   0   0  63   0   0   0  32   0   0   5   0   0   0   0   0   0     0    0    0   0.809     27  0.00
  272  272    79  11   0   0   0   0   0   0  11   0   0   0   0   0   0   0   0   0   0   0     0    0    0   0.661     22  0.00
  273  273     0   0   0   0   0   0   5   0   0   0   0   0   0  16   5   5   0  68   0   0     0    0    0   1.016     33  0.00
  274  274     6   0  78   0  11   0   0   0   0   0   0   6   0   0   0   0   0   0   0   0     0    0    0   0.761     25  0.00
  275  275     0   0   0   0   0   0   0  21   0   0  42  37   0   0   0   0   0   0   0   0     0    0    0   1.060     35  0.00
  276  276     0   0   0   0   0   0   0   0   0  32  32   0   0  16   5   0   5  11   0   0     0    0    0   1.566     52  0.00
  277  277     0   0   0   0   0   0   5   0  11   0  16   5   0   0   0  63   0   0   0   0     0    0    0   1.129     37  0.00
  278  278     0   0   0   0   0   0   0   0   0   0   0   0   0   0   0   5   5  79   5   5     0    0    0   0.807     26  0.00
  279  279     0  21   0  63   0   0   0   0  16   0   0   0   0   0   0   0   0   0   0   0     0    0    0   0.910     30  0.00
  280  280     0   0   0   0   0   0   0   0   0   0  42  26   0   0  21   5   0   5   0   0     0    0    0   1.353     45  0.00
  281  281    58   5  32   0   5   0   0   0   0   0   0   0   0   0   0   0   0   0   0   0     0    0    0   0.990     33  0.00
  282  282    21   0  11   0   0   0   0   0   0   0   5  58   0   0   0   0   0   0   0   5     0    0    0   1.191     39  0.00
  283  283     0   0   0   0  32   0  68   0   0   0   0   0   0   0   0   0   0   0   0   0     0    0    0   0.624     20  0.00
  284  284    22   0  33   6  11   0  28   0   0   0   0   0   0   0   0   0   0   0   0   0     0    0    0   1.461     48  0.00
  285  285     0   0   0   0   0   0   0   0   0   0   0   0   0   0   0   0   0  63   0  37     0    0    0   0.658     21  0.00
  286  286    26   0   0   0   0   0   0   5  63   0   0   0   0   0   0   5   0   0   0   0     0    0    0   0.951     31  0.00
  287  287     0   5   0   0  16   0   0   0   0   0  74   0   0   0   5   0   0   0   0   0     0    0    0   0.826     27  0.00
  288  288     0   0   0   0   0   0   0  95   5   0   0   0   0   0   0   0   0   0   0   0     0    0    0   0.206      6  0.00
  289  289     0   0   0   0   0   0   0   0   0   0   0   0   0  11   0  63   0   5  21   0     0    0    0   1.010     33  0.00
  290  290    16   0   5   0   0   0   0   0   5   0  68   0   0   0   0   0   5   0   0   0     0    0    0   1.016     33  0.00
  291  291     0  94   6   0   0   0   0   0   0   0   0   0   0   0   0   0   0   0   0   0     0    0    0   0.215      7  0.00
  292  292     0   0   0   0  67   0   6   0   0   0   0   0   0  28   0   0   0   0   0   0     0    0    0   0.787     26  0.00
  293  293     0   0   0   0   0   0   0   0   0   0   6   0   0   0  11  83   0   0   0   0     0    0    0   0.557     18  0.00
  294  294     0   0   0   0   0   7   0   0   0   0   7  87   0   0   0   0   0   0   0   0     0    0    0   0.485     16  0.00
  295  295     0   0   7   0   0   0   0   0   0   0  40   0   0   0  33  20   0   0   0   0     0    0    0   1.235     41  0.00
  296  296     0  92   8   0   0   0   0   0   0   0   0   0   0   0   0   0   0   0   0   0     0    0    0   0.271      9  0.00
  297  297     0   0   0   0   0   0   0   0   0  93   7   0   0   0   0   0   0   0   0   0     0    0    0   0.257      8  0.00
  298  298     0   0   0   0   0   0   0   0   0   0   0   7   0   0  79  14   0   0   0   0     0    0    0   0.656     21  0.00
  299  299     0   0   0   0   0   0   0   0   0   0   0   0   0   0 100   0   0   0   0   0     0    0    0   0.000      0  0.00
  300  300     0   0   0   0   0   0   0   0   0 100   0   0   0   0   0   0   0   0   0   0     0    0    0   0.000      0  0.00
//
