ID Pseudo hssp file.
SEQ 
SEQ gi|1360912|pir||A56279 carbon-monoxide dehydrogenase (EC 1.2.99....   480  e-135
SEQ gi|5822287|pdb|1QJ2|C Chain C, Co Dehydrogenase From Oligotropha...   479  e-134
SEQ gi|4098680|gb|AAD00361.1| (U80806) CutM [Hydrogenophaga pseudofl...   236  3e-61
SEQ gi|10835782|pdb|1FFU|C Chain C, Carbon Monoxide Dehydrogenase Fr...   233  3e-60
SEQ gi|10835788|pdb|1FFV|C Chain C, Carbon Monoxide Dehydrogenase Fr...   231  6e-60
SEQ gi|1085728|pir||S49122 carbon-monoxide dehydrogenase (EC 1.2.99....   205  6e-52
SEQ gi|13879888|gb|AAK44612.1| (AE006943) carbon monoxide dehydrogen...   159  4e-38
SEQ gi|7448008|pir||G72530 probable nicotine dehydrogenase chain A A...   158  1e-37
SEQ gi|13815737|gb|AAK42577.1| (AE006842) Carbon monoxide dehydrogen...   152  6e-36
SEQ gi|7448009|pir||B70833 carbon-monoxide dehydrogenase medium chai...   146  5e-34
SEQ gi|13872512|emb|CAC37486.2| (AJ306903) ketone dehydrogenase medi...   140  2e-32
SEQ gi|13815948|gb|AAK42757.1| (AE006859) Carbon monoxide dehydrogen...   134  2e-30
SEQ gi|1644309|emb|CAA66828.1| (X98131) quinoline 2-oxidoreductase [...   133  3e-30
SEQ gi|2924372|emb|CAA12064.1| (AJ224684) putative carbon monoxide d...   124  1e-27
SEQ gi|1086078|pir||S37568 nicotine dehydrogenase (EC 1.5.99.4) - Ar...   123  2e-27
SEQ gi|13471216|ref|NP_102785.1| carbon monoxide dehydrogenase chain...   105  1e-21
SEQ gi|14524273|gb|AAK65774.1| (AE007297) probable oxidoreductase [S...   101  2e-20
SEQ gi|13472101|ref|NP_103668.1| carbon-monoxide dehydrogenase mediu...    88  1e-16
SEQ gi|2833401|sp|Q46800|YGET_ECOLI HYPOTHETICAL 31.6 KDA PROTEIN IN...    74  2e-12
SEQ gi|13363212|dbj|BAB37163.1| (AP002563) putative dehydrogenase [E...    74  2e-12
SEQ gi|1730297|gb|AAB42209.1| (U65440) 4-hydroxybenzoyl-CoA reductas...    74  3e-12
SEQ gi|12517385|gb|AAG57996.1|AE005516_6 (AE005516) putative dehydro...    72  8e-12
SEQ gi|11691819|emb|CAC18688.1| (AL451182) putative dehydrogenase [S...    71  2e-11
SEQ gi|7481143|pir||T35477 probable oxidoreductase subunit - Strepto...    67  4e-10
SEQ gi|13474281|ref|NP_105849.1| xanthine dehydrogenase, xdhA [Mesor...    67  4e-10
SEQ gi|13474084|ref|NP_105652.1| Monoxide Dehydrogenase [Mesorhizobi...    66  8e-10
SEQ gi|13431533|sp|O33820|HCRB_THAAR 4-HYDROXYBENZOYL-COA REDUCTASE ...    61  3e-08
SEQ gi|6425610|emb|CAB60471.1| (AL132856) possible oxidoreductase, m...    57  3e-07
SEQ gi|2956674|emb|CAA04469.1| (AJ001013) xanthine dehydrogenase [Rh...    54  2e-06
SEQ gi|11352833|pir||G83456 xanthine dehydrogenase PA1524 [imported]...    52  1e-05
SEQ gi|10803157|emb|CAC13085.1| (AL445503) putative oxidoreductase, ...    46  7e-04
SEQ gi|11351411|pir||A83405 probable hydroxylase molybdopterin-conta...    46  8e-04
SEQ 
## SEQUENCE PROFILE AND ENTROPY
 SeqNo PDBNo   V   L   I   M   F   W   Y   G   A   P   S   T   C   H   R   K   Q   E   N   D  NOCC NDEL NINS ENTROPY RELENT WEIGHT
    1    1     0   0   0 100   0   0   0   0   0   0   0   0   0   0   0   0   0   0   0   0     0    0    0   0.000      0  0.00
    2    2     8   0  58   0   0   0  25   0   0   0   0   0   0   0   0   8   0   0   0   0     0    0    0   1.075     35  0.00
    3    3     0   0   0   0   0   0   0   0   0 100   0   0   0   0   0   0   0   0   0   0     0    0    0   0.000      0  0.00
    4    4     0   0   0   0   0   0   0  33   8  58   0   0   0   0   0   0   0   0   0   0     0    0    0   0.888     29  0.00
    5    5     0   0   0   0   0   0   0   0  14   7  43   0   0   0  21   7   0   0   0   7     0    0    0   1.537     51  0.00
    6    6     6   0   0   0  94   0   0   0   0   0   0   0   0   0   0   0   0   0   0   0     0    0    0   0.215      7  0.00
    7    7     0   0   0   0   0   0   0   5  11   0  11   5   0   0   5   5   0  26   5  26     0    0    0   1.951     65  0.00
    8    8     4   0   0   0   4   0  88   0   0   0   0   4   0   0   0   0   0   0   0   0     0    0    0   0.484     16  0.00
    9    9    12   8   8   0   0   0   0   0  12   0   0   0   0  50   4   0   4   4   0   0     0    0    0   1.615     53  0.00
   10   10     4   0   7   0   0   0   0   0  19   0   4   0   0   0  59   7   0   0   0   0     0    0    0   1.252     41  0.00
   11   11     4   0   0   0   0   0   0   0  25  71   0   0   0   0   0   0   0   0   0   0     0    0    0   0.706     23  0.00
   12   12     0   7   0   0   0   0   0   7  32   0   7   7   0   0   4  25   0   0   0  11     0    0    0   1.824     60  0.00
   13   13     0   0   0   0   0   0   0   0   0   0  61  29   0   0   0   0   0   0   4   7     0    0    0   0.968     32  0.00
   14   14    43  25  25   0   0   4   0   0   0   0   4   0   0   0   0   0   0   0   0   0     0    0    0   1.294     43  0.00
   15   15     0   0   0   0   0   0   0  10  31   3   7   0   0   0   3   3   3  24   0  14     0    0    0   1.863     62  0.00
   16   16     0   0   0   0   0   0   0   3   0   0   0   0   0   7   0   0   7  34   0  48     0    0    0   1.204     40  0.00
   17   17     3   0   0   0   0   0   0   0  97   0   0   0   0   0   0   0   0   0   0   0     0    0    0   0.150      5  0.00
   18   18    33  27  27   0   0   0   0   0   7   0   0   3   3   0   0   0   0   0   0   0     0    0    0   1.478     49  0.00
   19   19     0   0   0   0   0   0   0  17  40   0   0   0   0   0   7   7   3   3  17   7     0    0    0   1.732     57  0.00
   20   20     3  67   0   3   7   0   0   0  10   0   0   0   0   0   0   0   3   0   0   7     0    0    0   1.202     40  0.00
   21   21     4  89   0   0   0   4   0   0   0   0   0   0   0   0   0   4   0   0   0   0     0    0    0   0.458     15  0.00
   22   22     4   4   0   0   0   0   7  11  37   0   7  11   0   0   0   4   0   7   0   7     0    0    0   1.994     66  0.00
   23   23     0   4   0   0   0   0   0   8   4   0   4   4   0   0   8  19  12  15   4  19     0    0    0   2.192     73  0.00
   24   24     0  56   0   0   0   0   6   6  22   0   6   6   0   0   0   0   0   0   0   0     0    0    0   1.303     43  0.00
   25   25     0   0   0   0   0   0   0  46   7   0   4   0   0  14   0   0   0   0  18  11     0    0    0   1.489     49  0.00
   26   26     0   0   0   0   0   0   0  10   0  31  10   0   0   0   0   0   0  31   0  17     0    0    0   1.499     50  0.00
   27   27     0   0   0   0   0   0   0  10   3   0   0   7   0   0   0   3  14   7   3  52     0    0    0   1.566     52  0.00
   28   28     0   0   0   0   0   0   0   0  90   0   7   3   0   0   0   0   0   0   0   0     0    0    0   0.389     12  0.00
   29   29     3   3   0   0   0   0   0   0   7   0   0   3   0   3  37  43   0   0   0   0     0    0    0   1.364     45  0.00
   30   30    17  33  17   0   3   0   3   0   0  27   0   0   0   0   0   0   0   0   0   0     0    0    0   1.543     51  0.00
   31   31     7  70  23   0   0   0   0   0   0   0   0   0   0   0   0   0   0   0   0   0     0    0    0   0.770     25  0.00
   32   32     0   0   0   0   0   0   0  10  87   0   3   0   0   0   0   0   0   0   0   0     0    0    0   0.468     15  0.00
   33   33     0   0   0   0   0   0   0  97   3   0   0   0   0   0   0   0   0   0   0   0     0    0    0   0.146      4  0.00
   34   34     0   0   0   0   0   0   0 100   0   0   0   0   0   0   0   0   0   0   0   0     0    0    0   0.000      0  0.00
   35   35     0   0   0   3   0   0   0   0   0   0   7  37   0  40   0   0  13   0   0   0     0    0    0   1.297     43  0.00
   36   36     0   0   0   0   0   0   0   0   0   0  50   7   0   0   0   0   0   0   7  37     0    0    0   1.076     35  0.00
   37   37    17  80   0   0   3   0   0   0   0   0   0   0   0   0   0   0   0   0   0   0     0    0    0   0.591     19  0.00
   38   38     7  57  27   3   0   0   3   0   0   0   3   0   0   0   0   0   0   0   0   0     0    0    0   1.195     39  0.00
   39   39    13   3  10   0   0   0   0   0   0  63   0   0   0   0   0   0   0   3   0   7     0    0    0   1.195     39  0.00
   40   40    10  13  10  30   0   3   0   0   7   0   0   0   0   0   7   0  10   3   7   0     0    0    0   2.089     69  0.00
   41   41     3  27   3  60   0   0   0   0   0   0   0   3   0   0   0   0   3   0   0   0     0    0    0   1.112     37  0.00
   42   42     0   0   0   0   0   0   0   3   7   0   0   3   0  10  10  57   3   0   7   0     0    0    0   1.484     49  0.00
   43   43     0  30   0   3  13   0   0   7   3   0   0  17   0  10   7   3   3   3   0   0     0    0    0   2.087     69  0.00
   44   44     0   0   0   0   0   0   0  17   3   0   0   0   0  13  57   3   0   0   3   3     0    0    0   1.343     44  0.00
   45   45    14  34  10   3  17   0   0   0   0   0   3   0   0   3   3   0   0   0  10   0     0    0    0   1.877     62  0.00
   46   46    10   0   7   0   3   0   0   3  40   7   3   3   0   0   7   0   0   7   0  10     0    0    0   2.003     66  0.00
   47   47     0   3   0   0   3   0   3   0   7   0   7  10   0   3  27   3  17   7   7   3     0    0    0   2.284     76  0.00
   48   48     0   7   0   0   0   0  10   0   0  80   0   0   0   0   3   0   0   0   0   0     0    0    0   0.703     23  0.00
   49   49     3   0   0   0   0   0   0   0   6  10  16   3   0   0  13   0   0  35   3  10     0    0    0   1.887     62  0.00
   50   50     3  10   0   0   0   0  20   0   3   0   0   3   3  33  13   0   0   3   3   3     0    0    0   1.981     66  0.00
   51   51    13  61  19   3   0   0   0   0   0   0   3   0   0   0   0   0   0   0   0   0     0    0    0   1.104     36  0.00
   52   52    55   3  29   3   0   0   0   0   3   3   3   0   0   0   0   0   0   0   0   0     0    0    0   1.242     41  0.00
   53   53     0   0   0   0   3   0   6   0   0   0   0   3   0   0   0   0   0   6   0  81     0    0    0   0.749     24  0.00
   54   54     6  39  48   0   0   0   0   0   0   0   3   3   0   0   0   0   0   0   0   0     0    0    0   1.117     37  0.00
   55   55     0   0   0   0   0   0   0  13   0   0  10  13   0  10  23   6   0   0  26   0     0    0    0   1.843     61  0.00
   56   56     0   0   0   0   0   0   0  13   6   3   3   0   0  13  23   0   0   3  16  19     0    0    0   1.986     66  0.00
   57   57    10  29  55   0   0   0   0   0   0   0   3   0   3   0   0   0   0   0   0   0     0    0    0   1.136     37  0.00
   58   58     0   0   0   0   0   0   0  17  28  24   3   3   0   0   7   7   0   3   0   7     0    0    0   1.903     63  0.00
   59   59     0   0   0   0   0   0   0  19   6  13   3   0   0   0   0   0   0  35   6  16     0    0    0   1.708     57  0.00
   60   60     6  81   3   6   3   0   0   0   0   0   0   0   0   0   0   0   0   0   0   0     0    0    0   0.749     24  0.00
   61   61    16   0   0   0   3   0   0   0  13   0  10   6   0   0  29  10   3   0   3   6     0    0    0   2.056     68  0.00
   62   62     0   0   0   0   0   0  10  48   6   0   0   3   0   3   6   0   6   6   3   6     0    0    0   1.794     59  0.00
   63   63     9   9  69   0   0   3   3   6   0   0   0   0   0   0   0   0   0   0   0   0     0    0    0   1.091     36  0.00
   64   64     3   0   6   0   0   0   0   3   0   0  13  13   0   0  41   6   0  16   0   0     0    0    0   1.739     58  0.00
   65   65    13   0   0   6   0   0   0   0  13   0   3   3   0   0   3   6   3  44   6   0     0    0    0   1.835     61  0.00
   66   66     3   0   0   0   0   0   0   6   3   0  16  16   0   0   0   6   0  38   6   6     0    0    0   1.858     62  0.00
   67   67     0   0   0   0   3   0   0  38  13  16   3   0   0   0   0   3   0   6   0  19     0    0    0   1.730     57  0.00
   68   68     0   0   0   0   0   0   0  22   3   0  13  16   0   0   3   3   3   0  16  22     0    0    0   1.938     64  0.00
   69   69     6   9   3   0   0   0   3  19   0   0  22  16   3   6   0   0   0   3   0   9     0    0    0   2.160     72  0.00
   70   70    44  28   9   0   9   0   3   0   0   0   3   3   0   0   0   0   0   0   0   0     0    0    0   1.487     49  0.00
   71   71    25   3   0   0   3   0   0   3   6   0   9   6   0   0  31   6   0   6   0   0     0    0    0   1.950     65  0.00
   72   72     6  13  78   0   3   0   0   0   0   0   0   0   0   0   0   0   0   0   0   0     0    0    0   0.734     24  0.00
   73   73     0   0   0   0   0   0   0 100   0   0   0   0   0   0   0   0   0   0   0   0     0    0    0   0.000      0  0.00
   74   74     0   0   0   0   0   0   0   0  84   6   9   0   0   0   0   0   0   0   0   0     0    0    0   0.539     17  0.00
   75   75     0  13   3  35   0   0   0  13  26   0   0   6   0   0   3   0   0   0   0   0     0    0    0   1.644     54  0.00
   76   76    31   3   0   0   0   0   0   0   6   0   3  56   0   0   0   0   0   0   0   0     0    0    0   1.077     35  0.00
   77   77    13   0   0   0   0   0   0   0   0   9   3  59   0   0  13   3   0   0   0   0     0    0    0   1.268     42  0.00
   78   78     0  13   3   0   9   3   6   0   0   3   0   0   6  28   0   0   9  13   6   0     0    0    0   2.165     72  0.00
   79   79     0   0   0   0   6   0   6   0  25   0   3  22   0   9   6   0   0   3  19   0     0    0    0   1.951     65  0.00
   80   80     6   0   0   0   0   0   0   0  16   0   3   6   0   0   3   3  10  29   0  23     0    0    0   1.901     63  0.00
   81   81     7  57  23   0   0   0   0   0   3   0   0   0   3   0   3   0   0   0   3   0     0    0    0   1.295     43  0.00
   82   82     3  10  41   0   3   0   3   7  17   0   3   3   0   0   0   3   0   3   0   0     0    0    0   1.900     63  0.00
   83   83     0   0   0   4   0   4   0  11  11   0  11  11   0   0   4   4   4  25   7   7     0    0    0   2.276     75  0.00
   84   84     0   0   0   0   0   0   0   0   3   0  43   0   0  10   3   0   0   7  13  20     0    0    0   1.590     53  0.00
   85   85     0   0   0   0   0   0   0   3  13  29  13   0   0   0   3   3   0   6   0  29     0    0    0   1.756     58  0.00
   86   86     3  14  24   3  14   0   0   0  24   0   0   7   0   0   3   3   0   3   0   0     0    0    0   1.998     66  0.00
   87   87    31  47   9   0   0   0   0   0   3   0   0   9   0   0   0   0   0   0   0   0     0    0    0   1.271     42  0.00
   88   88     0   0   0   0   0   0   0   6  31   3   3   0   0   0  13  16  19   6   0   3     0    0    0   1.899     63  0.00
   89   89     3   0   0   0   0   0   0   6  38   3   0   6   0   0  16  16   3   9   0   0     0    0    0   1.841     61  0.00
   90   90     6   0   0   0   0   0   0   0  16   3   3   3   3  13  19  16   0   3   9   6     0    0    0   2.264     75  0.00
   91   91    13  38   9   0   3   9  13   0   0   0   0   0   9   3   0   0   0   0   3   0     0    0    0   1.878     62  0.00
   92   92     0   0   0   0   0   0   0   0   0  97   0   0   0   0   0   0   0   0   0   3     0    0    0   0.139      4  0.00
   93   93     0  28  22   3   0   0   0   9  34   0   0   0   0   0   0   0   0   0   0   3     0    0    0   1.495     49  0.00
   94   94     6  72   9   3   9   0   0   0   0   0   0   0   0   0   0   0   0   0   0   0     0    0    0   0.963     32  0.00
   95   95     6   0   0   0   0   0   0   6  34   6  13   3   9   3  16   3   0   0   0   0     0    0    0   1.984     66  0.00
   96   96     0   3   0   0   0   0   0   3  13   3   3   0   0   3   0   3  19  44   0   6     0    0    0   1.759     58  0.00
   97   97     3  19   0   0   0   0   0   3  59   0   0  16   0   0   0   0   0   0   0   0     0    0    0   1.130     37  0.00
   98   98     6   9   3   0   6   0   0   3  53   0  13   0   0   0   0   0   0   6   0   0     0    0    0   1.554     51  0.00
   99   99     0  16   0   0   0   0   0   3   6   3  16   3   0   3  22  13   6   3   3   3     0    0    0   2.277     76  0.00
  100  100     9  31   0   0   0   3   0   3   9   0  13   3   0   6   9   6   3   3   0   0     0    0    0   2.177     72  0.00
  101  101    19   0  66   0   9   0   0   6   0   0   0   0   0   0   0   0   0   0   0   0     0    0    0   0.985     32  0.00
  102  102     0   0   0   0   0   0   0  25  75   0   0   0   0   0   0   0   0   0   0   0     0    0    0   0.562     18  0.00
  103  103     0   0   0   0   0   0   0  19   0   0  28   0   0   9   0   0   0   0   0  44     0    0    0   1.254     41  0.00
  104  104     0   6   0   3   0   0   0   3   0  69   0   0   0   0   3   6   3   6   0   0     0    0    0   1.211     40  0.00
  105  105     6   3   0   0   0   0   0   3   9   0   0   3   0   0   0   0  75   0   0   0     0    0    0   0.936     31  0.00
  106  106    50   6  38   0   0   0   0   0   0   0   0   0   0   6   0   0   0   0   0   0     0    0    0   1.061     35  0.00
  107  107     0   0   0   0   0   0   0   0   0   0   0   0   0   0  91   0   9   0   0   0     0    0    0   0.311     10  0.00
  108  108     0   0   0   0   0   0   9   6   3   0   0   0   0   6   0   3   3   0  69   0     0    0    0   1.151     38  0.00
  109  109    16   6   0  25   0   0   0   3   3   0   0   0   0   0  38   6   3   0   0   0     0    0    0   1.676     55  0.00
  110  110     0   0   0   0   0   0   0  66  28   0   0   0   6   0   0   0   0   0   0   0     0    0    0   0.806     26  0.00
  111  111     0   0   0   0   0   0   0   3   0   0   6  91   0   0   0   0   0   0   0   0     0    0    0   0.371     12  0.00
  112  112    13  23  55   0   0   0  10   0   0   0   0   0   0   0   0   0   0   0   0   0     0    0    0   1.156     38  0.00
  113  113     3   0   0   0   0   0   0  87   3   0   3   3   0   0   0   0   0   0   0   0     0    0    0   0.578     19  0.00
  114  114     0   0   0   0   0   0   0  93   0   0   0   0   0   0   0   0   0   0   3   3     0    0    0   0.291      9  0.00
  115  115     0   0   0   0   0   0   0   0   0   0  33   0   0   0   7   0   0   0  47  13     0    0    0   1.171     39  0.00
  116  116     0  40  40   0   0   0   0   0  13   0   0   0   7   0   0   0   0   0   0   0     0    0    0   1.182     39  0.00
  117  117     0   0   0   0   0   0   3  10  53   0   3   0  27   3   0   0   0   0   0   0     0    0    0   1.258     41  0.00
  118  118     0   0   0   0   0   0   0   0   7   0   0   7   0  30   0   0   7   0  50   0     0    0    0   1.249     41  0.00
  119  119     0   3   0   0   0   0   0  47  40   0   0   3   0   0   0   0   0   0   7   0     0    0    0   1.129     37  0.00
  120  120     0   0   0   0   3   0   3   0  10   0  27   0   0   3   0   0   0   0   0  53     0    0    0   1.258     41  0.00
  121  121     0   0   0   0   0   0   0   0  10  73   3  10   0   3   0   0   0   0   0   0     0    0    0   0.915     30  0.00
  122  122     0   0  13   0   0   0   0  33  33   0  17   3   0   0   0   0   0   0   0   0     0    0    0   1.413     47  0.00
  123  123     0   0   0   0   0   0   0  20  43   0   0   0   0   0   0   0   0   7  23   7     0    0    0   1.385     46  0.00
  124  124     3   3   0   0   0   0   0   0   0   0   0   0   0   0   0   0   0  10   0  83     0    0    0   0.609     20  0.00
  125  125     0  10   3  16   0   3  13   6  13   0  19   3   0  13   0   0   0   0   0   0     0    0    0   2.140     71  0.00
  126  126    10   0   0   0   0   0   0   0  13  68   6   0   0   3   0   0   0   0   0   0     0    0    0   1.042     34  0.00
  127  127     6   3   0   0   3   0   0   0  42  26   0  19   0   0   0   0   0   0   0   0     0    0    0   1.430     47  0.00
  128  128    19  32   3   0   0   0   0   3  29  13   0   0   0   0   0   0   0   0   0   0     0    0    0   1.528     50  0.00
  129  129     3  52   0  16   0   0   0   0   0   0  13  10   6   0   0   0   0   0   0   0     0    0    0   1.413     47  0.00
  130  130     3  38  24   3   0   0   0   0  10   0   0  10   0   0   0   0  10   0   0   0     0    0    0   1.647     54  0.00
  131  131    16   0  10   0   0   0   0   0  61   0   0   3  10   0   0   0   0   0   0   0     0    0    0   1.157     38  0.00
  132  132    10  65   0   6   0   0  10   0  10   0   0   0   0   0   0   0   0   0   0   0     0    0    0   1.138     37  0.00
  133  133     0   0   0   0   0   0   0  42   0   0   0   0   0   0   0   0   0  19  10  29     0    0    0   1.267     42  0.00
  134  134     0   0   0   0   0   0   0   3  97   0   0   0   0   0   0   0   0   0   0   0     0    0    0   0.143      4  0.00
  135  135    10   0   0   3   0   0   3   0  10   0  10   3   0  10  10  21   0  17   0   0     0    0    0   2.151     71  0.00
  136  136    28  21   7   3  14   0  10   0  10   0   0   0   7   0   0   0   0   0   0   0     0    0    0   1.909     63  0.00
  137  137    28  10   3   0   0   0   3   0   0   0   0  10   0   0   3   0   0  41   0   0     0    0    0   1.538     51  0.00
  138  138     3  52  31   0   0   0   0   0  14   0   0   0   0   0   0   0   0   0   0   0     0    0    0   1.093     36  0.00
  139  139     3   0   0   0   0   0   0   0  13   0   3  16   0  13  23   6  10  13   0   0     0    0    0   2.047     68  0.00
  140  140     0   0   6   0   0   0   0  45   0   0  35   0   0   0   6   3   0   0   0   3     0    0    0   1.302     43  0.00
  141  141    13   3   0   0   0   0   0  10  10  55   3   3   0   0   0   3   0   0   0   0     0    0    0   1.489     49  0.00
  142  142     0   0   0   0   0   0   0   0  16   0  13   6   0   0  16   3  13  16  10   6     0    0    0   2.102     70  0.00
  143  143     0   0   0   0   0   0   0  81   3   0   0   0   0   0   3   3   0   3   6   0     0    0    0   0.793     26  0.00
  144  144    13   0   0   0   0   0   0   0  10   0   3  10   0   0  26  13   0  23   3   0     0    0    0   1.888     63  0.00
  145  145     0   0   0   0   0   0   0   0   0   0   0   0   0   0 100   0   0   0   0   0     0    0    0   0.000      0  0.00
  146  146     6   0  10   0  10   0   0   0   0   0  10  26   0   3  13   6   0  16   0   0     0    0    0   2.051     68  0.00
  147  147    52  10  32   3   0   0   0   0   0   0   0   0   0   0   0   0   0   3   0   0     0    0    0   1.154     38  0.00
  148  148     0   0   0   0   0   0   0   0  23  52   6   0   0   0   0  10   0   3   6   0     0    0    0   1.368     45  0.00
  149  149    10  26  19   0   3   0   0   0  42   0   0   0   0   0   0   0   0   0   0   0     0    0    0   1.369     45  0.00
  150  150     0   3   0   0   0   0   0   3  10   3   3   6   0   0  10   3   0  23  10  26     0    0    0   2.094     69  0.00
  151  151     0   0   0   3   0   0   0  19  10   0   3   0   0   0   0   3   3  16   0  42     0    0    0   1.646     54  0.00
  152  152     6  13   0   0  61   0  19   0   0   0   0   0   0   0   0   0   0   0   0   0     0    0    0   1.059     35  0.00
  153  153     0  13   6   3  39   0  16   0   3   6   0   0   0  13   0   0   0   0   0   0     0    0    0   1.765     58  0.00
  154  154    16  19   6   0   0   0   0   0   0   0   0  19   0   0   6  13  16   0   0   3     0    0    0   1.953     65  0.00
  155  155     0   3   0   0   0   0   0  77   3   0   3   0   0   0   0   0   0   3   0  10     0    0    0   0.867     28  0.00
  156  156     3   6   0   3   0   0  13   0  16  32   0  13   0   6   3   0   0   0   3   0     0    0    0   1.984     66  0.00
  157  157     0   0   0   0  16   0  39  23   3   0   0   0   0   0  10   6   0   3   0   0     0    0    0   1.622     54  0.00
  158  158     6   3   3  16  13   0   0   0   3   0   0   3   0   6  13  19   3  10   0   0     0    0    0   2.274     75  0.00
  159  159    10   6   0   0   0   0   0   0   0   3   6  65   0   0   0   0   6   0   3   0     0    0    0   1.261     42  0.00
  160  160     3  10   0   0   0   0   0   0  39   0  23   3   0   0   0   0   0   3   0  19     0    0    0   1.580     52  0.00
  161  161     0  71  16   0   0   0   0   0   0   0   0   0   0   0  13   0   0   0   0   0     0    0    0   0.802     26  0.00
  162  162     0   3   0   0   0   0   0   0  19   0   0   0   0   3  16   3   6  45   3   0     0    0    0   1.591     53  0.00
  163  163     0   0   0   0   0   0   0   0  10  45   0   0   0  16   0  10   0  16   0   3     0    0    0   1.510     50  0.00
  164  164     0   0   0   0   0   0   0  58   0   0   3   0   0   0   0   0   0   0  19  19     0    0    0   1.062     35  0.00
  165  165     0   0   0   0   0   0   0   0   0   0   0   0   0   0   0   0   0 100   0   0     0    0    0   0.000      0  0.00
  166  166    23  32  32   3  10   0   0   0   0   0   0   0   0   0   0   0   0   0   0   0     0    0    0   1.403     46  0.00
  167  167    16  39  35  10   0   0   0   0   0   0   0   0   0   0   0   0   0   0   0   0     0    0    0   1.255     41  0.00
  168  168    32   0   6   0   0   0   0   0   3   0   3  32   0   0   6   0   0  16   0   0     0    0    0   1.599     53  0.00
  169  169     0   0   0   0   0   0   0   3  48   0   3   3   0   0   3   6   0  29   0   3     0    0    0   1.441     48  0.00
  170  170    45   0  45   0  10   0   0   0   0   0   0   0   0   0   0   0   0   0   0   0     0    0    0   0.944     31  0.00
  171  171     6  13   0   3   0   3   0   0   0   0   3   3   0  16  39   0   0  10   3   0     0    0    0   1.883     62  0.00
  172  172    40  20  23   0  17   0   0   0   0   0   0   0   0   0   0   0   0   0   0   0     0    0    0   1.327     44  0.00
  173  173     0   0   0   0   0   0   0   0   0  90   0   3   0   0   0   0   0   0   0   7     0    0    0   0.398     13  0.00
  174  174    17  17   3   0   0   0   0   0  24  14   7   0   0   0   0  14   3   0   0   0     0    0    0   1.912     63  0.00
  175  175     0   7   0   7  10   0   0   3   0  31   3   0   0   0  21   0  10   0   3   3     0    0    0   1.992     66  0.00
  176  176     0  10   0   0   0   0   0   0  30  37   7   3   0   7   0   3   3   0   0   0     0    0    0   1.661     55  0.00
  177  177     0   7   0   0   0   0   0   3  13  10   7  13   0   3   0  23   7   3  10   0     0    0    0   2.219     74  0.00
  178  178     0   0   0   0   0   0   0  48  14   3   0   7   0   0  10   0   3  10   0   3     0    0    0   1.627     54  0.00
  179  179     4   7   0   0   4   4   7   4   7   0  22  15   0  22   0   0   0   4   0   0     0    0    0   2.140     71  0.00
  180  180     0   0   0   0   4   0   0  56   4   4  11   4   0   4   7   7   0   0   0   0     0    0    0   1.567     52  0.00
  181  181     0   0   0   0   8  15  23   0  12   0  19   8   0   0   4   4   0   0   0   8     0    0    0   2.035     67  0.00
  182  182     3   0   3   0   3   0   0   3  77   0   3   0   3   0   0   0   0   3   0   0     0    0    0   0.974     32  0.00
  183  183     0   0   0   0  10   0  70   0   0   0   0   0   0  13   0   7   0   0   0   0     0    0    0   0.929     31  0.00
  184  184     7   3   3   0  10   0   0   0  10   0   3   3   0   0   3  17   7  27   0   7     0    0    0   2.220     74  0.00
  185  185     3   3   6   0   0   0   0   0   0   0   0   0   0   0  10  65   0  10   0   3     0    0    0   1.244     41  0.00
  186  186    13  32   3   0  16   0  13   3   6   0   6   3   0   0   0   0   3   0   0   0     0    0    0   1.984     66  0.00
  187  187     6   0   0   0   0   0   0   0  19   6   3   3   0   0  16  35   0  10   0   0     0    0    0   1.781     59  0.00
  188  188     0   0   0   0   3   0   0   3   0   0   0   0   0   0  84   0   3   0   6   0     0    0    0   0.657     21  0.00
  189  189     0   0   3   0   3   0   0   0   6   3   0   6   0   0  35  23   6   0   0  13     0    0    0   1.831     61  0.00
  190  190     6   0  13   0   6   0   3   0  29   0   6  13   0   3   0   3   0   6   0  10     0    0    0   2.153     71  0.00
  191  191     3   3   0  17   0   0   3  47   0   0  13   0   0   0   0   0   3   3   0   7     0    0    0   1.670     55  0.00
  192  192     3   0   0   0   0   0   0   0   3   0   0   0   0   0   6   3   0   0   0  84     0    0    0   0.657     21  0.00
  193  193     3   0  32   0  16  19  29   0   0   0   0   0   0   0   0   0   0   0   0   0     0    0    0   1.447     48  0.00
  194  194     0   0   0   0   0   0   0   6  61   6  23   3   0   0   0   0   0   0   0   0     0    0    0   1.100     36  0.00
  195  195     6  23  23   0   0   0   0   0  10   0   3  35   0   0   0   0   0   0   0   0     0    0    0   1.553     51  0.00
  196  196    32   3  10   0   0   0   0   3  42   0   0   6   0   0   3   0   0   0   0   0     0    0    0   1.465     48  0.00
  197  197     0   3   0   6   0   0   0  45  19   0  13   0   6   0   0   0   0   0   6   0     0    0    0   1.582     52  0.00
  198  198    32   3   0   0   0   0   0   6  39   0   0   0  19   0   0   0   0   0   0   0     0    0    0   1.338     44  0.00
  199  199     0   0   0   3   6   0   0  10  77   0   0   0   3   0   0   0   0   0   0   0     0    0    0   0.823     27  0.00
  200  200    52   6   3   0   6   0   0   0  29   0   3   0   0   0   0   0   0   0   0   0     0    0    0   1.276     42  0.00
  201  201    26   6  10   0   0   0   0   3  29   0   3   0   0  10   3   3   0   0   6   0     0    0    0   1.957     65  0.00
  202  202    13  55   3  10   0   0   0   0   3   0   0   0  10   0   3   3   0   0   0   0     0    0    0   1.489     49  0.00
  203  203     6   0   0   0   0   0   0   3   3   0   6  32   0   3  23   6   6   0   3   6     0    0    0   2.028     67  0.00
  204  204     6  42   6  16   0   0   0   0   0   3   0   3   3   0   6  13   0   0   0   0     0    0    0   1.786     59  0.00
  205  205     0   0   0   0   0   0   0   0  13   0  32   0   0   0   3   3   3  13   3  29     0    0    0   1.696     56  0.00
  206  206     0   0   0   0   3   0   0  52   3   0   0   0   0   0   0   0   6   3  13  19     0    0    0   1.433     47  0.00
  207  207     3   0   0   0   0   0   0  60   0   0  10   0   0   3   0   0   7   0  10   7     0    0    0   1.355     45  0.00
  208  208    10   3   0   0   0   0   0   3   0   0   0  27   0   0  23  20   0   3  10   0     0    0    0   1.815     60  0.00
  209  209    37   3  27   0  10   0   0   0   7   0   0   0  17   0   0   0   0   0   0   0     0    0    0   1.543     51  0.00
  210  210    17  10   0   0   0   0   0   0  20   0  27   3   0   0   3   0   3  17   0   0     0    0    0   1.842     61  0.00
  211  211     3   0   0   0   0   0   0   3  10   0   3  20   0  10  10   7   7  13   0  13     0    0    0   2.251     75  0.00
  212  212    16  16  13   0   0   0   0   0  52   0   0   3   0   0   0   0   0   0   0   0     0    0    0   1.305     43  0.00
  213  213     0   0   0   0   0   0   0   6   6   3  13   0   0   0  71   0   0   0   0   0     0    0    0   0.972     32  0.00
  214  214    23  13  55   0   0   0   0   0   3   0   0   3   0   0   3   0   0   0   0   0     0    0    0   1.262     42  0.00
  215  215     3   0   0   0   0   0   0  32  61   0   0   3   0   0   0   0   0   0   0   0     0    0    0   0.887     29  0.00
  216  216    13  48   6   0  19   0   6   0   3   0   3   0   0   0   0   0   0   0   0   0     0    0    0   1.509     50  0.00
  217  217     0   6   0   0   0   0   0  45   0   0   0  45   0   0   0   0   0   3   0   0     0    0    0   1.006     33  0.00
  218  218    10   0   0   0   0   0   0  42  19   0   6   0   0   0   0   0   0   0  23   0     0    0    0   1.421     47  0.00
  219  219    48   3   0  10   0   0   0   3  26   0   3   3   3   0   0   0   0   0   0   0     0    0    0   1.481     49  0.00
  220  220     3   0   0   0   3   0   0  10  58   0   3   0   0   0   0   0   0   3  16   3     0    0    0   1.390     46  0.00
  221  221     0   0   0   0   0   0   0   6  16  35  10   0   0   3   3   3   0  10  10   3     0    0    0   1.960     65  0.00
  222  222    10   0   3   0   0   0   0   0   3   0   0  55   0   0  13   6   0   0   0  10     0    0    0   1.444     48  0.00
  223  223     6   0   3   0   0   0   0   3  26  58   0   3   0   0   0   0   0   0   0   0     0    0    0   1.174     39  0.00
  224  224    19  32  16   0   6   3   0   0   3   0   0   0   0   3   0  13   3   0   0   0     0    0    0   1.861     62  0.00
  225  225     0  10   0   3   6  10   0   0   6   0   0   0   0   0  61   0   3   0   0   0     0    0    0   1.327     44  0.00
  226  226    13  13   0   0   0   0   0   0  52   0   0   0  13   0   6   0   0   3   0   0     0    0    0   1.422     47  0.00
  227  227     0   6   3   0   0   0   0   3  16   6  13   3   0   0   6   0  13  29   0   0     0    0    0   2.045     68  0.00
  228  228     3   0   0   0   3   0   0  10  26   0   0   0   0  10   6   3   0  35   0   3     0    0    0   1.789     59  0.00
  229  229    13  10   0   0   3   0   0   3  57   0   0   7   3   0   0   0   0   3   0   0     0    0    0   1.455     48  0.00
  230  230     0   0   3   0   0   0   0  10  13   0   7   0   0   0   3   3   0  57   3   0     0    0    0   1.455     48  0.00
  231  231     0   0   0   0   0   0   0   0  27   0   3   0   0   0   0  23  10  20   3  13     0    0    0   1.740     58  0.00
  232  232    13   0  10   0   6   0   0  10  39   0   3  10   0   0   6   0   0   3   0   0     0    0    0   1.885     62  0.00
  233  233     3  77   0   0   6   0   0   0  13   0   0   0   0   0   0   0   0   0   0   0     0    0    0   0.750     25  0.00
  234  234    20  30  13   3   0   0   0   0   3   0   3   3   0   0   0   0  13   7   3   0     0    0    0   1.968     65  0.00
  235  235     0   0   0   0   0   0   0  71   6   0   3   0   0   0   0   0   3   0  13   3     0    0    0   1.017     33  0.00
  236  236     0   3   0   0   0   0   0   6  19   0  10  10   0   0  13  29  10   0   0   0     0    0    0   1.907     63  0.00
  237  237     3   3   0   0   0   0   0   0  29  26   3   3   0   0  13   6   0   3   6   3     0    0    0   1.991     66  0.00
  238  238     3  48  10   0  16  10   0   0   6   3   0   0   0   0   3   0   0   0   0   0     0    0    0   1.607     53  0.00
  239  239     0   0   0   0   0   0   0   0   0   0  13  26   0   0   3   0   0   3  13  42     0    0    0   1.464     48  0.00
  240  240     0  10   0   0   0   0   0   3  10   3   3   7   0   0   0  20   0  30   0  13     0    0    0   1.933     64  0.00
  241  241     0   0   0   0   0   0   0   3  23  10   7   0   0   3   0   7  10  30   0   7     0    0    0   1.930     64  0.00
  242  242     7  17   0   0   0   0   0   0  33   0  10  27   0   0   3   0   0   0   0   3     0    0    0   1.655     55  0.00
  243  243    24  38  14   0  14   0   0   0  10   0   0   0   0   0   0   0   0   0   0   0     0    0    0   1.492     49  0.00
  244  244     0   0   0   0   0   0   0   0  24   0   3   0   0   0   3   3  10  38   3  14     0    0    0   1.683     56  0.00
  245  245     0   0   0   0   0   0   0   4  31   0   0   8   0   4  19  12   0  19   0   4     0    0    0   1.819     60  0.00
  246  246     7   7  11   0   4   0   0   0  70   0   0   0   0   0   0   0   0   0   0   0     0    0    0   0.999     33  0.00
  247  247    15   7   0   4   0   0   0   7  48   0   4   0   0   0   0   4   4   4   0   4     0    0    0   1.753     58  0.00
  248  248     3   0   0   0   0   0   0   0  30   3   7  10   0   3  10   3   0  13   0  17     0    0    0   2.023     67  0.00
  249  249     7  30  10   0   0   0   0   0  30   3   0   0   0   0  10   7   3   0   0   0     0    0    0   1.771     59  0.00
  250  250    10  10   0   0   0   0   3   3  47   3  10   0  10   0   0   0   0   3   0   0     0    0    0   1.730     57  0.00
  251  251     3   3  10   7   0   0   0   0  27   0  10   3   0   0   7   3   7  20   0   0     0    0    0   2.130     71  0.00
  252  252     0   3   3   0   0   0   0  16  29   0  13   0   0   0   0   6  13   6   6   3     0    0    0   2.045     68  0.00
  253  253    13   3  26   0   0   0   3  10  19   0   3   0   0   0   0   0   6   6   0  10     0    0    0   2.070     69  0.00
  254  254    16  13   3   3  10   0   0   3   6   0   0  10  29   0   3   0   0   3   0   0     0    0    0   2.100     70  0.00
  255  255     3   0   0   0   0   0   0   0  20   0   7  20   0   0   7   3   3  13  13  10     0    0    0   2.113     70  0.00
  256  256     0   0   0   0   0   0   3   0   0  93   0   3   0   0   0   0   0   0   0   0     0    0    0   0.291      9  0.00
  257  257    10  13  17   7   0   0   0   0  27   7   3   3   0   0  13   0   0   0   0   0     0    0    0   2.006     66  0.00
  258  258     0   0   0   0   0   0   0   0   3   3  48  13   0   0   6   0   0  13   3  10     0    0    0   1.615     53  0.00
  259  259     0   0   0   0   0   0   0   0   0   0  10   7   0   0   0   0   0   0   0  83     0    0    0   0.563     18  0.00
  260  260    17  14  21   7   3  10   0  10   0   0   0   7   0   3   0   7   0   0   0   0     0    0    0   2.157     72  0.00
  261  261     0   3   0   0   0   0   0   0   0   0   0   0   0  17  79   0   0   0   0   0     0    0    0   0.603     20  0.00
  262  262     0   0   0   3   0   0   0  66  31   0   0   0   0   0   0   0   0   0   0   0     0    0    0   0.756     25  0.00
  263  263     0   0   0   0   0   0   0   0   0  14  55  17   0   0   0   0   0   0   0  14     0    0    0   1.178     39  0.00
  264  264     3   0   3   0   0   0   0   0  72   0   3   0   0   0   3  14   0   0   0   0     0    0    0   0.971     32  0.00
  265  265     3   0   0   0   0   3   0   0   3   0   0   0   0   0   3   0   3  60   3  20     0    0    0   1.309     43  0.00
  266  266     0   7   0   0  17   0  77   0   0   0   0   0   0   0   0   0   0   0   0   0     0    0    0   0.683     22  0.00
  267  267     0   0   0   0   0   0   0   0   0   0   0   0   0   0  77  23   0   0   0   0     0    0    0   0.543     18  0.00
  268  268     0  20   0   3   0   0   0   0  17   0   0  27   0   3  23   7   0   0   0   0     0    0    0   1.720     57  0.00
  269  269     3   7   0   0   0   0   0   3  17   0   3   3   0  23   3  20   3   3   7   3     0    0    0   2.228     74  0.00
  270  270    17  30   3  33   0   0   0   0  13   0   0   3   0   0   0   0   0   0   0   0     0    0    0   1.521     50  0.00
  271  271    13   3  20   3   0   0   0   0  57   0   0   3   0   0   0   0   0   0   0   0     0    0    0   1.253     41  0.00
  272  272     3   0   0   0   0   0   0  47   7   0   0   0   0   0  10  10  20   0   3   0     0    0    0   1.545     51  0.00
  273  273    37   3   0   0   0   0   0   0  13   0   0  13   0   0   0   0  13  17   3   0     0    0    0   1.699     56  0.00
  274  274     0  33  10  50   0   0   0   0   0   0   3   0   0   0   0   3   0   0   0   0     0    0    0   1.170     39  0.00
  275  275    21  21   4   0   0   0   4   0  14   0   0  36   0   0   0   0   0   0   0   0     0    0    0   1.544     51  0.00
  276  276     7   4   0   0   0   0   0   0   4   0   4   0   0   0  37  37   4   4   0   0     0    0    0   1.539     51  0.00
  277  277     0   0   0   0   4   0   0   0   0   0   0   0   0   0  78  19   0   0   0   0     0    0    0   0.630     21  0.00
  278  278    20   0   0   0   4   0   4   0  48   0   0  20   0   0   4   0   0   0   0   0     0    0    0   1.382     46  0.00
  279  279    32  36  28   0   0   0   0   0   4   0   0   0   0   0   0   0   0   0   0   0     0    0    0   1.218     40  0.00
  280  280     5  18   0   0   0   0   0   0   5   0  14   5   0   0   9   5   5  18  14   5     0    0    0   2.224     74  0.00
  281  281     0   5   0   0   0   0   0   0  29   0   0  14   0   0  19  14   0  19   0   0     0    0    0   1.691     56  0.00
  282  282     0   0   0   0   0   0   0   0  95   0   0   5   0   0   0   0   0   0   0   0     0    0    0   0.191      6  0.00
  283  283    16  11   5   0   0  16   5  11  16   0   0   0   0   0   0  16   0   0   5   0     0    0    0   2.105     70  0.00
  284  284     0   0   0   0   0   0   0  11  63   0   5   5   0   5   0   0   5   0   5   0     0    0    0   1.302     43  0.00
  285  285     0   0   0   0   0   0   0   0   0   0   0   0   0   0  94   6   0   0   0   0     0    0    0   0.234      7  0.00
//
