ID Pseudo hssp file.
SEQ 
SEQ gi|6435791|pdb|1QK9|A Chain A, The Solution Structure Of The Dom...   170  3e-42
SEQ gi|14149645|ref|NP_034918.1| methyl CpG binding protein 2 [Mus m...   163  6e-40
SEQ gi|12083609|ref|NP_073164.1| methyl CpG binding protein 2 [Rattu...   162  1e-39
SEQ gi|4826830|ref|NP_004983.1| methyl CpG binding protein 2 [Homo s...   160  4e-39
SEQ gi|2246416|emb|CAA68001.1| (X99686) methyl-CpG-binding protein 2...   160  4e-39
SEQ gi|2146960|pir||S57963 methyl CpG binding protein 2 - human (fra...   159  6e-39
SEQ gi|1752668|emb|CAA64331.1| (X94628) methyl-CpG-binding protein [...   159  9e-39
SEQ gi|4105999|gb|AAD02651.1| (AF051768) methyl-CpG-binding protein ...   156  7e-38
SEQ gi|2388805|emb|CAA74577.1| (Y14166) attachment region binding pr...   156  8e-38
SEQ gi|6754652|ref|NP_034904.1| methyl-CpG binding domain protein 4 ...    74  3e-13
SEQ gi|4505121|ref|NP_003916.1| methyl-CpG binding domain protein 4;...    74  4e-13
SEQ gi|13649078|ref|XP_003282.3| methyl-CpG binding domain protein 4...    74  4e-13
SEQ gi|4505117|ref|NP_003918.1| methyl-CpG binding domain protein 2,...    57  5e-08
SEQ gi|7710145|ref|NP_056647.1| methyl-CpG binding domain protein 2,...    57  7e-08
SEQ gi|7706609|ref|NP_034903.1| methyl-CpG binding domain protein 2 ...    56  1e-07
SEQ gi|3800799|gb|AAC68874.1| (AF072245) testis specific methyl-CpG ...    53  7e-07
SEQ gi|4505119|ref|NP_003917.1| methyl-CpG binding domain protein 3 ...    52  1e-06
SEQ gi|7305261|ref|NP_038623.1| methyl-CpG binding domain protein 3 ...    52  1e-06
SEQ gi|7305259|ref|NP_038622.1| methyl-CpG binding domain protein 1 ...    49  2e-05
SEQ gi|12835923|dbj|BAB23419.1| (AK004624) putative [Mus musculus]         49  2e-05
SEQ gi|5901737|gb|AAD55389.1|AF170346_1 (AF170346) methyl-CpG bindin...    48  3e-05
SEQ gi|3800801|gb|AAC68875.1| (AF072246) testis specific methyl-CpG ...    47  6e-05
SEQ gi|7710139|ref|NP_056671.1| methyl-CpG binding domain protein 1,...    45  3e-04
SEQ gi|7710137|ref|NP_056670.1| methyl-CpG binding domain protein 1,...    44  3e-04
SEQ gi|7710135|ref|NP_056669.1| methyl-CpG binding domain protein 1,...    44  3e-04
SEQ gi|7299595|gb|AAF54780.1| (AE003695) CG10042 gene product [alt 1...    44  3e-04
SEQ gi|5739181|gb|AAD50371.1| (AF120982) methyl-CpG binding protein ...    44  3e-04
SEQ gi|11514253|pdb|1D9N|A Chain A, Solution Structure Of The Methyl...    44  4e-04
SEQ gi|7710143|ref|NP_002375.1| methyl-CpG binding domain protein 1,...    44  4e-04
SEQ gi|7710141|ref|NP_056723.1| methyl-CpG binding domain protein 1,...    44  5e-04
SEQ 
## SEQUENCE PROFILE AND ENTROPY
 SeqNo PDBNo   V   L   I   M   F   W   Y   G   A   P   S   T   C   H   R   K   Q   E   N   D  NOCC NDEL NINS ENTROPY RELENT WEIGHT
    1    1     0   0   0   0   0   0   0   0  89   0  11   0   0   0   0   0   0   0   0   0     0    0    0   0.349     11  0.00
    2    2     0   0   0   0   0   0   0   0   0   0 100   0   0   0   0   0   0   0   0   0     0    0    0   0.000      0  0.00
    3    3     0   0   0   0   0   0   0   0  86   0  14   0   0   0   0   0   0   0   0   0     0    0    0   0.410     13  0.00
    4    4     0   0   0   0   0   0   0  29   0   0  71   0   0   0   0   0   0   0   0   0     0    0    0   0.598     19  0.00
    5    5     0   0   0   0   0   0   0   0   0 100   0   0   0   0   0   0   0   0   0   0     0    0    0   0.000      0  0.00
    6    6     0   0   0   0   0   0   0  29   0   0   0   0   0   0   0  71   0   0   0   0     0    0    0   0.598     19  0.00
    7    7     0   0   0   0   0   0   0   0   0  29   0   0   0   0   0   0  71   0   0   0     0    0    0   0.598     19  0.00
    8    8     0   0   0   0   0   0   0   0   0   0   0   0   0   0 100   0   0   0   0   0     0    0    0   0.000      0  0.00
    9    9     0   0   0   0   0   0   0  29   0   0   0   0   0   0  71   0   0   0   0   0     0    0    0   0.598     19  0.00
   10   10     0   0   0   0   0   0   0   0   0  29  71   0   0   0   0   0   0   0   0   0     0    0    0   0.598     19  0.00
   11   11     7   0  64   0   0   0   0   0   0   0   0   0   0   0  29   0   0   0   0   0     0    0    0   0.830     27  0.00
   12   12     0   0  71   0   0   0   0   0  29   0   0   0   0   0   0   0   0   0   0   0     0    0    0   0.598     19  0.00
   13   13     0   0   0   0   0   0   0   0   0   0   0  29   0   0  71   0   0   0   0   0     0    0    0   0.598     19  0.00
   14   14     0   0   0   0   0   0   0   0   0   0   0   0   0   0   0   0   0  29   0  71     0    0    0   0.598     19  0.00
   15   15     0   0   0   0   0   0   0   0   0   0  29   0   0   0  71   0   0   0   0   0     0    0    0   0.598     19  0.00
   16   16     0   0   0   0   0   0   0 100   0   0   0   0   0   0   0   0   0   0   0   0     0    0    0   0.000      0  0.00
   17   17     0   0   0   0   0   0   0   0   0  71   0   0   0   0   0  29   0   0   0   0     0    0    0   0.598     19  0.00
   18   18     0   0   0  71   0   0   0   0   0   0   0   0   0   0  29   0   0   0   0   0     0    0    0   0.598     19  0.00
   19   19     0   0   0  25   0  13  63   0   0   0   0   0   0   0   0   0   0   0   0   0     0    0    0   0.900     30  0.00
   20   20     0   0   0   0   0   0   0   0   0   0   0   0   0   0   0   0   0  12   0  88     0    0    0   0.367     12  0.00
   21   21     0   0   0   0   0   0   0   0   0   0   0   0  58   0   0   0   0   0   0  42     0    0    0   0.681     22  0.00
   22   22     0   0   0   0   0   4   0   0   0  96   0   0   0   0   0   0   0   0   0   0     0    0    0   0.163      5  0.00
   23   23     0   0   0   0   0   0   0   0  54   0   7  36   0   0   4   0   0   0   0   0     0    0    0   1.010     33  0.00
   24   24    10  90   0   0   0   0   0   0   0   0   0   0   0   0   0   0   0   0   0   0     0    0    0   0.333     11  0.00
   25   25     0   0   0   0   0   0   0  31   0  69   0   0   0   0   0   0   0   0   0   0     0    0    0   0.619     20  0.00
   26   26     0   0   0   0   0   0   0   0   0  47   0   0  10   0   0   0  10  33   0   0     0    0    0   1.182     39  0.00
   27   27     0   0   0   0   0   0   0 100   0   0   0   0   0   0   0   0   0   0   0   0     0    0    0   0.000      0  0.00
   28   28     0   0   0   0   0 100   0   0   0   0   0   0   0   0   0   0   0   0   0   0     0    0    0   0.000      0  0.00
   29   29     0   0   3   0   0   0   0   0   0   0   0  32   0   0   0  48   0  16   0   0     0    0    0   1.121     37  0.00
   30   30     0   0   0   0   0   0   0   0   0   0   0   0   0   0  77  23   0   0   0   0     0    0    0   0.534     17  0.00
   31   31    10   0   0   0   0   0   0   0   0   0   0   0   0   3  29  32   0  26   0   0     0    0    0   1.410     47  0.00
   32   32    10  32   0   3   0   0   0   0   0   0   0   0   0   0   0   0   0  55   0   0     0    0    0   1.031     34  0.00
   33   33    48   0   0   0   0   0   3   0   0   0   6   0   0   0   0  42   0   0   0   0     0    0    0   1.003     33  0.00
   34   34     0   0  16   0  29   0   0   0   0   6   0   3   0   0   0   0  45   0   0   0     0    0    0   1.300     43  0.00
   35   35     0   0   0   0   0   0   0   0   0   0   0   0   0   0 100   0   0   0   0   0     0    0    0   0.000      0  0.00
   36   36     0  10   0   0   0   0   0   0   0   0   3   0   0   0  10  77   0   0   0   0     0    0    0   0.761     25  0.00
   37   37     0   0   0   0   6   0   0   0   0   0  90   0   0   0   0   0   0   0   3   0     0    0    0   0.380     12  0.00
   38   38     0   0   0   0   0   0   0 100   0   0   0   0   0   0   0   0   0   0   0   0     0    0    0   0.000      0  0.00
   39   39     0  27   0   0   0   0   0   0  30   0   0   0   0   0  33  10   0   0   0   0     0    0    0   1.310     43  0.00
   40   40     3   0   0   0   0   0   0   0   0   0  65  32   0   0   0   0   0   0   0   0     0    0    0   0.758     25  0.00
   41   41     0   3   0   0   6   0   0   0  68   0   0   0  23   0   0   0   0   0   0   0     0    0    0   0.887     29  0.00
   42   42     0   0   0   0   0   0   0 100   0   0   0   0   0   0   0   0   0   0   0   0     0    0    0   0.000      0  0.00
   43   43     0   0   0   0   0   0   0   0   0   0   0   0   0   6  35  58   0   0   0   0     0    0    0   0.860     28  0.00
   44   44     0   0   0   0  13   3  29   0   0   0  48   0   0   0   6   0   0   0   0   0     0    0    0   1.262     42  0.00
   45   45     0   0   0   0   0   0   0   0   0   0   0   0   0   0   0   0   0   0   0 100     0    0    0   0.000      0  0.00
   46   46    71   0   6   0   0   0   0   0   0   0   0  23   0   0   0   0   0   0   0   0     0    0    0   0.756     25  0.00
   47   47     0   0   3   0   6   0  90   0   0   0   0   0   0   0   0   0   0   0   0   0     0    0    0   0.380     12  0.00
   48   48     0  35   0   0  10   0  55   0   0   0   0   0   0   0   0   0   0   0   0   0     0    0    0   0.923     30  0.00
   49   49     3   0  42   0  16   0  10   0   0   0   0   0   0   0   0   0  29   0   0   0     0    0    0   1.355     45  0.00
   50   50     0   0   0   0   0   0   0   0   0   0  68   0   0   0   0   0   0   0  32   0     0    0    0   0.629     20  0.00
   51   51     0   0   0   0   0   0   0   0   0 100   0   0   0   0   0   0   0   0   0   0     0    0    0   0.000      0  0.00
   52   52     0   0   0   0   0   0   0   0   0   0  29  29   0   0   0   0  39   0   3   0     0    0    0   1.196     39  0.00
   53   53     0   0   0   0   0   0   0 100   0   0   0   0   0   0   0   0   0   0   0   0     0    0    0   0.000      0  0.00
   54   54     0  10   0   0   0   0   0   0   0   0   0   0   0   0   0  61   0   6   0  23     0    0    0   1.039     34  0.00
   55   55     0   0   0   0   0   0   0   0  32   0   0   0   0   0  26  42   0   0   0   0     0    0    0   1.079     36  0.00
   56   56     0   0  29   0  71   0   0   0   0   0   0   0   0   0   0   0   0   0   0   0     0    0    0   0.602     20  0.00
   57   57     0   0   0   0   0   0   0   0   0   0   0   0   0   0 100   0   0   0   0   0     0    0    0   0.000      0  0.00
   58   58     0   0   0   0   0   0   0   0   0   0 100   0   0   0   0   0   0   0   0   0     0    0    0   0.000      0  0.00
   59   59     0   0   0   0   0   0   0   0   0   0   0   0   0   0   0 100   0   0   0   0     0    0    0   0.000      0  0.00
   60   60    61   0   0   0   0   0   0   0   0  26  10   0   0   0   3   0   0   0   0   0     0    0    0   0.986     32  0.00
   61   61     0   0   0   0   0   0   0   0   0   0  10   0   0   0   0   0  26  61   0   3     0    0    0   0.986     32  0.00
   62   62     0 100   0   0   0   0   0   0   0   0   0   0   0   0   0   0   0   0   0   0     0    0    0   0.000      0  0.00
   63   63     0   0  32   0   0   0   0   0  35   0   0  29   0   0   0   3   0   0   0   0     0    0    0   1.202     40  0.00
   64   64     0   3   0   0   0   0   0   0  32   0   0   0   0   0  55   0   0   0  10   0     0    0    0   1.031     34  0.00
   65   65     0   0   0   0   3   0  97   0   0   0   0   0   0   0   0   0   0   0   0   0     0    0    0   0.143      4  0.00
   66   66     0  64   0   0  36   0   0   0   0   0   0   0   0   0   0   0   0   0   0   0     0    0    0   0.652     21  0.00
   67   67     0   4   0   0   0   0   0  39   0   0   0   0   0   9   0   0   4  43   0   0     0    0    0   1.214     40  0.00
   68   68     0   0   0   0   0   0   0   0   0  39   4   0   0   0   0  57   0   0   0   0     0    0    0   0.826     27  0.00
   69   69    40  12   0   0   0   0   0   0  36   0   0   0   0   0   0   0   0   0  12   0     0    0    0   1.243     41  0.00
   70   70     0   0   0   0   0   0   0  62   0   0   0   0  35   0   0   0   4   0   0   0     0    0    0   0.791     26  0.00
   71   71     0   0   0   0   0   0   0  16   0   0   0   0   0   0   0   0   0  10  13  61     0    0    0   1.085     36  0.00
   72   72     0  32   0   0   0   0   0   6   0   0   0  52   0   0   0   0   0   0  10   0     0    0    0   1.109     37  0.00
   73   73     4   0   0   0   4   0   0   0   7   0  54  32   0   0   0   0   0   0   0   0     0    0    0   1.126     37  0.00
   74   74    16  71   0  10   0   0   3   0   0   0   0   0   0   0   0   0   0   0   0   0     0    0    0   0.874     29  0.00
   75   75     0   0   0   0   0   0   0   0   0   0   0   0   0   0   0  14   0   0   5  82     0    0    0   0.576     19  0.00
   76   76     0  36   0   0   0   0   0   0   0  64   0   0   0   0   0   0   0   0   0   0     0    0    0   0.655     21  0.00
   77   77     0   0   0   0   0   0   0   0   0   0  36   0   0   0   0   0   0  14  45   5     0    0    0   1.138     38  0.00
   78   78     5   0   0   0   0   0   0   0   0   0  23  14   0   0   0   0   0   0   0  59     0    0    0   1.060     35  0.00
   79   79     0   0   0   0  97   0   3   0   0   0   0   0   0   0   0   0   0   0   0   0     0    0    0   0.143      4  0.00
   80   80     0   0   0   0   0   0   0   0   0   0   0   0   0   0   0   0   0   0   3  97     0    0    0   0.143      4  0.00
   81   81     0   0   0   0 100   0   0   0   0   0   0   0   0   0   0   0   0   0   0   0     0    0    0   0.000      0  0.00
   82   82     0   0   0   0   0   0   0   0   0   0   7  93   0   0   0   0   0   0   0   0     0    0    0   0.257      8  0.00
   83   83    93   0   7   0   0   0   0   0   0   0   0   0   0   0   0   0   0   0   0   0     0    0    0   0.257      8  0.00
   84   84     0  21   0   0   0   0   0   0   0   0   0  71   0   7   0   0   0   0   0   0     0    0    0   0.759     25  0.00
   85   85     0   0   0   0   0   0   0  71   0   7  14   0   0   0   7   0   0   0   0   0     0    0    0   0.895     29  0.00
   86   86     0   0   0   0   0   0   0   0   0   0   0   0   0   0  79  21   0   0   0   0     0    0    0   0.520     17  0.00
   87   87     0   0   0   0   0   0   0 100   0   0   0   0   0   0   0   0   0   0   0   0     0    0    0   0.000      0  0.00
   88   88     0   0   0   0   0   0   0   0   0   0 100   0   0   0   0   0   0   0   0   0     0    0    0   0.000      0  0.00
   89   89     0   0   0   0   0   0   0  20   0  80   0   0   0   0   0   0   0   0   0   0     0    0    0   0.500     16  0.00
   90   90     0   0   0   0   0   0   0   0   0   0 100   0   0   0   0   0   0   0   0   0     0    0    0   0.000      0  0.00
   91   91     0   0   0   0   0   0   0 100   0   0   0   0   0   0   0   0   0   0   0   0     0    0    0   0.000      0  0.00
   92   92     0   0   0   0   0   0   0   0   0   0   0   0 100   0   0   0   0   0   0   0     0    0    0   0.000      0  0.00
//
