ID Pseudo hssp file.
SEQ 
SEQ gi|6573580|pdb|1QKL|A Chain A, Hrpabc14.4, Essential Subunit Of ...   169  2e-41
SEQ gi|11527390|ref|NP_068809.1| polymerase (RNA) II (DNA directed) ...   168  3e-41
SEQ gi|13786166|ref|NP_112625.1| polymerase II [Rattus norvegicus] >...   168  4e-41
SEQ gi|6522686|emb|CAB62065.1| (AJ251211) RNA polymerase common subu...   164  5e-40
SEQ gi|2500630|sp|Q24320|RPB6_DROME DNA-DIRECTED RNA POLYMERASE II 1...   126  8e-29
SEQ gi|6325445|ref|NP_015513.1| subunit common to RNA polymerases I,...   124  4e-28
SEQ gi|4960150|gb|AAD34613.1|AF153277_1 (AF153277) DNA-directed RNA ...   121  4e-27
SEQ gi|548818|sp|P36595|RPB6_SCHPO DNA-DIRECTED RNA POLYMERASES I, I...   120  7e-27
SEQ gi|10177729|dbj|BAB11042.1| (AB015478) DNA-directed RNA polymera...   119  1e-26
SEQ gi|2500631|sp|Q17684|RPB6_CAEEL PROBABLE DNA-DIRECTED RNA POLYME...   117  5e-26
SEQ gi|4544434|gb|AAD22343.1|AC006955_29 (AC006955) putative DNA-dir...   117  5e-26
SEQ gi|7494191|pir||T18424 hypothetical protein C0155c - malaria par...    96  1e-19
SEQ gi|13812224|ref|NP_113355.1| DNA-DIRECTED RNA POLYMERASES I, II,...    94  5e-19
SEQ gi|8134661|sp|Q9YDJ9|RPOK_AERPE DNA-DIRECTED RNA POLYMERASE SUBU...    58  6e-08
SEQ gi|11498731|ref|NP_069960.1| DNA-directed RNA polymerase, subuni...    54  1e-06
SEQ gi|10580679|gb|AAG19525.1| (AE005043) DNA-directed RNA polymeras...    52  4e-06
SEQ gi|13814087|gb|AAK41189.1| (AE006711) DNA-directed RNA polymeras...    51  5e-06
SEQ gi|13633844|sp|Q9HJ14|RPOK_THEAC DNA-DIRECTED RNA POLYMERASE SUB...    48  4e-05
SEQ gi|3122767|sp|O26148|RPOK_METTH DNA-DIRECTED RNA POLYMERASE SUBU...    48  4e-05
SEQ gi|13542056|ref|NP_111744.1| DNA-directed RNA polymerase subunit...    48  5e-05
SEQ gi|141414|sp|P29200|RPOK_HALMA DNA-DIRECTED RNA POLYMERASE SUBUN...    47  7e-05
SEQ gi|14520751|ref|NP_126226.1| DNA-directed RNA polymerase, subuni...    44  8e-04
SEQ 
## SEQUENCE PROFILE AND ENTROPY
 SeqNo PDBNo   V   L   I   M   F   W   Y   G   A   P   S   T   C   H   R   K   Q   E   N   D  NOCC NDEL NINS ENTROPY RELENT WEIGHT
    1    1     0   0   0 100   0   0   0   0   0   0   0   0   0   0   0   0   0   0   0   0     0    0    0   0.000      0  0.00
    2    2     0   0   0   0   0   0   0   0   0   0 100   0   0   0   0   0   0   0   0   0     0    0    0   0.000      0  0.00
    3    3     0   0   0   0   0   0   0   0   0   0   0   0   0   0   0   0   0   0   0 100     0    0    0   0.000      0  0.00
    4    4     0   0   0   0   0   0   0   0   0   0   0   0   0   0   0   0   0   0 100   0     0    0    0   0.000      0  0.00
    5    5     0   0   0   0   0   0   0   0   0   0   0   0   0   0   0   0   0 100   0   0     0    0    0   0.000      0  0.00
    6    6     0   0   0   0   0   0   0   0   0   0   0   0   0   0   0   0   0   0   0 100     0    0    0   0.000      0  0.00
    7    7     0   0   0   0   0   0   0   0   0   0   0   0   0   0   0   0   0   0 100   0     0    0    0   0.000      0  0.00
    8    8     0   0   0   0 100   0   0   0   0   0   0   0   0   0   0   0   0   0   0   0     0    0    0   0.000      0  0.00
    9    9     0   0   0   0   0   0   0   0   0   0   0   0   0   0   0   0   0   0   0 100     0    0    0   0.000      0  0.00
   10   10     0   0   0   0   0   0   0 100   0   0   0   0   0   0   0   0   0   0   0   0     0    0    0   0.000      0  0.00
   11   11     0   0   0   0   0   0   0   0   0   0   0   0   0   0   0   0   0   0   0 100     0    0    0   0.000      0  0.00
   12   12     0   0   0   0   0   0   0   0   0   0   0   0   0   0   0   0   0   0   0 100     0    0    0   0.000      0  0.00
   13   13     0   0   0   0 100   0   0   0   0   0   0   0   0   0   0   0   0   0   0   0     0    0    0   0.000      0  0.00
   14   14     0   0   0   0   0   0   0   0   0   0   0   0   0   0   0   0   0   0   0 100     0    0    0   0.000      0  0.00
   15   15     0   0   0   0   0   0   0   0   0   0   0   0   0   0   0   0   0   0   0 100     0    0    0   0.000      0  0.00
   16   16   100   0   0   0   0   0   0   0   0   0   0   0   0   0   0   0   0   0   0   0     0    0    0   0.000      0  0.00
   17   17     0   0   0   0   0   0   0   0   0   0   0   0   0   0   0   0   0 100   0   0     0    0    0   0.000      0  0.00
   18   18     0   0   0   0   0   0   0   0   0   0   0   0   0   0   0   0   0 100   0   0     0    0    0   0.000      0  0.00
   19   19     0   0   0   0   0   0   0   0   0   0   0   0   0   0   0   0   0   0   0 100     0    0    0   0.000      0  0.00
   20   20     0   0   0   0   0   0   0   0   0   0   0   0   0   0   0   0   0 100   0   0     0    0    0   0.000      0  0.00
   21   21     0   0   0   0   0   0   0 100   0   0   0   0   0   0   0   0   0   0   0   0     0    0    0   0.000      0  0.00
   22   22     0 100   0   0   0   0   0   0   0   0   0   0   0   0   0   0   0   0   0   0     0    0    0   0.000      0  0.00
   23   23     0   0   0   0   0   0   0   0   0   0   0   0   0   0   0   0   0   0   0 100     0    0    0   0.000      0  0.00
   24   24     0   0   0   0   0   0   0   0   0   0   0   0   0   0   0   0   0   0   0 100     0    0    0   0.000      0  0.00
   25   25     0 100   0   0   0   0   0   0   0   0   0   0   0   0   0   0   0   0   0   0     0    0    0   0.000      0  0.00
   26   26     0   0   0   0   0   0   0   0   0   0   0   0   0   0   0   0   0 100   0   0     0    0    0   0.000      0  0.00
   27   27     0   0   0   0   0   0   0   0   0   0   0   0   0   0   0   0   0   0 100   0     0    0    0   0.000      0  0.00
   28   28     0   0   0   0   0   0   0   0 100   0   0   0   0   0   0   0   0   0   0   0     0    0    0   0.000      0  0.00
   29   29     0   0   0   0   0   0   0   0   0   0   0   0   0   0   0   0   0 100   0   0     0    0    0   0.000      0  0.00
   30   30     0   0   0   0   0   0   0   0   0   0   0   0   0   0   0   0   0 100   0   0     0    0    0   0.000      0  0.00
   31   31     0   0   0   0   0   0   0   0   0   0   0   0   0   0   0   0   0 100   0   0     0    0    0   0.000      0  0.00
   32   32     0   0   0   0   0   0   0 100   0   0   0   0   0   0   0   0   0   0   0   0     0    0    0   0.000      0  0.00
   33   33     0   0   0   0   0   0   0   0   0   0   0   0   0   0   0   0 100   0   0   0     0    0    0   0.000      0  0.00
   34   34     0   0   0   0   0   0   0   0   0   0   0   0   0   0   0   0   0 100   0   0     0    0    0   0.000      0  0.00
   35   35     0   0   0   0   0   0   0   0   0   0   0   0   0   0   0   0   0   0 100   0     0    0    0   0.000      0  0.00
   36   36   100   0   0   0   0   0   0   0   0   0   0   0   0   0   0   0   0   0   0   0     0    0    0   0.000      0  0.00
   37   37     0   0   0   0   0   0   0   0   0   0   0   0   0   0   0   0   0 100   0   0     0    0    0   0.000      0  0.00
   38   38     0   0 100   0   0   0   0   0   0   0   0   0   0   0   0   0   0   0   0   0     0    0    0   0.000      0  0.00
   39   39     0 100   0   0   0   0   0   0   0   0   0   0   0   0   0   0   0   0   0   0     0    0    0   0.000      0  0.00
   40   40     0   0   0   0   0   0   0   0   0 100   0   0   0   0   0   0   0   0   0   0     0    0    0   0.000      0  0.00
   41   41     0   0   0   0   0   0   0   0   0   0 100   0   0   0   0   0   0   0   0   0     0    0    0   0.000      0  0.00
   42   42     0   0   0   0   0   0   0 100   0   0   0   0   0   0   0   0   0   0   0   0     0    0    0   0.000      0  0.00
   43   43     0   0   0   0   0   0   0   0   0   0   0   0   0   0   0   0   0 100   0   0     0    0    0   0.000      0  0.00
   44   44     0   0   0   0   0   0   0   0   0   0   0  20   0   0  50  10  10   0  10   0     0    0    0   1.359     45  0.00
   45   45     0   0   0   0   0   0   0   0  10  40  10   0   0   0   0   0  10  30   0   0     0    0    0   1.418     47  0.00
   46   46     0   0  10   0   0   0   0   0  10  30   0   0   0   0   0   0  40  10   0   0     0    0    0   1.418     47  0.00
   47   47    27   0   0   0   0   0   0   0  64   9   0   0   0   0   0   0   0   0   0   0     0    0    0   0.860     28  0.00
   48   48     0   0   0   0   0   0   0   0   0   0   0   0   0   0   0  18  18   9  55   0     0    0    0   1.169     39  0.00
   49   49     0   0   0   0   0   0   0   0   0   0   0   0   0   0  27   0  45  18   0   9     0    0    0   1.241     41  0.00
   50   50     0   0   0   0   0   0   0   0   0  23   0   0   0   0   0  46   8   8   0  15     0    0    0   1.378     45  0.00
   51   51     0   0   0   0   0   0   0   0   0   0   0   0   0   7  87   7   0   0   0   0     0    0    0   0.485     16  0.00
   52   52     7   0  53   7   0   0   0   0   7   0   0   7   0   0   0  20   0   0   0   0     0    0    0   1.379     46  0.00
   53   53     0   0   0   0   0   0   0   7   0   0   0  93   0   0   0   0   0   0   0   0     0    0    0   0.245      8  0.00
   54   54     0   7   0   0   0   0   0   0   0   7  27  60   0   0   0   0   0   0   0   0     0    0    0   1.020     34  0.00
   55   55     0   0   0   0   0   0   0   0   0  73   0   0   0   0   0  27   0   0   0   0     0    0    0   0.580     19  0.00
   56   56     0   0   6   0  19   0  69   0   0   0   0   0   0   6   0   0   0   0   0   0     0    0    0   0.918     30  0.00
   57   57     0  28   0  67   6   0   0   0   0   0   0   0   0   0   0   0   0   0   0   0     0    0    0   0.787     26  0.00
   58   58     0   0   0   0   0   0   0   0   0   0   9  91   0   0   0   0   0   0   0   0     0    0    0   0.295      9  0.00
   59   59     0   0   0   0   0   0   0   0   0   0   0   0   0   0  26  74   0   0   0   0     0    0    0   0.574     19  0.00
   60   60     0   0   0   0  22   0  78   0   0   0   0   0   0   0   0   0   0   0   0   0     0    0    0   0.524     17  0.00
   61   61     0   0   0   0   0   0   0   0   0   0   0   0   0   0   0   0   0 100   0   0     0    0    0   0.000      0  0.00
   62   62     0   0   4   0   0   0   0   0   0   0   0   0   0   0  61  35   0   0   0   0     0    0    0   0.806     26  0.00
   63   63     0   0   0   0   0   0   0   0 100   0   0   0   0   0   0   0   0   0   0   0     0    0    0   0.000      0  0.00
   64   64     0   0   0   0   0   0   0   0   0   0   0   0   0   0 100   0   0   0   0   0     0    0    0   0.000      0  0.00
   65   65    35   4  57   0   0   0   0   0   0   0   0   0   0   0   0   4   0   0   0   0     0    0    0   0.962     32  0.00
   66   66     0  61  39   0   0   0   0   0   0   0   0   0   0   0   0   0   0   0   0   0     0    0    0   0.669     22  0.00
   67   67     0   0   0   0   0   0   0  96   0   0   4   0   0   0   0   0   0   0   0   0     0    0    0   0.179      5  0.00
   68   68     4   0   0   0   0   0   0   0  39   0   0  57   0   0   0   0   0   0   0   0     0    0    0   0.826     27  0.00
   69   69     0   0   0   0   0   0   0   0   0   0   0   0   0   0 100   0   0   0   0   0     0    0    0   0.000      0  0.00
   70   70     0   0   0   0   0   0   0   0 100   0   0   0   0   0   0   0   0   0   0   0     0    0    0   0.000      0  0.00
   71   71     0  96   0   0   4   0   0   0   0   0   0   0   0   0   0   0   0   0   0   0     0    0    0   0.179      5  0.00
   72   72     0   0   0   0   0   0   0   0   0   0   0   0   0   0   0   0 100   0   0   0     0    0    0   0.000      0  0.00
   73   73     4  13  83   0   0   0   0   0   0   0   0   0   0   0   0   0   0   0   0   0     0    0    0   0.560     18  0.00
   74   74     0   0   0   0   0   0   0   0  61   0  39   0   0   0   0   0   0   0   0   0     0    0    0   0.669     22  0.00
   75   75     0   0   4  87   0   0   4   0   0   0   0   0   0   4   0   0   0   0   0   0     0    0    0   0.531     17  0.00
   76   76     0   0   0   0   0   0   0  48   0   0   0   0  26   0   0   0   0   0  26   0     0    0    0   1.054     35  0.00
   77   77     0   0   0   0   0   0   0   0 100   0   0   0   0   0   0   0   0   0   0   0     0    0    0   0.000      0  0.00
   78   78     0   0   0   0   0   0   0   0   0  96   0   0   0   0   4   0   0   0   0   0     0    0    0   0.179      5  0.00
   79   79    74   4   9   0   0   0   0   0   4   9   0   0   0   0   0   0   0   0   0   0     0    0    0   0.921     30  0.00
   80   80     0  39   9  43   4   0   0   0   0   0   0   4   0   0   0   0   0   0   0   0     0    0    0   1.214     40  0.00
   81   81    65   0  30   0   0   0   0   0   0   0   0   4   0   0   0   0   0   0   0   0     0    0    0   0.777     25  0.00
   82   82     0   0   0   0   0   0   0   0   0   4   0   0   0   0   0   0   0  61   0  35     0    0    0   0.806     26  0.00
   83   83    13  52  17   0   0   0   0   0   0   4   0  13   0   0   0   0   0   0   0   0     0    0    0   1.311     43  0.00
   84   84     0   0   0   0   0   0   0   0   0   4   0   0   0   0   0  13   0  61   9  13     0    0    0   1.182     39  0.00
   85   85     0   0   0   0   0   0   0  65   0   0   5  10   0   0   0   0   0  10  10   0     0    0    0   1.121     37  0.00
   86   86     4   4   4   0   0   0   0   4   0   0  17   0   0   4   0   4   4  52   0   0     0    0    0   1.598     53  0.00
   87   87     0   4  13   0   0   0   0   0   0   0   4  70   0   0   4   0   0   0   4   0     0    0    0   1.063     35  0.00
   88   88     0   0   0   0   0   0   0   0   0   0   0   4   0   0   0   0   4   9   4  78     0    0    0   0.813     27  0.00
   89   89     4   0   0   0   0   0   0   0   0  91   4   0   0   0   0   0   0   0   0   0     0    0    0   0.356     11  0.00
   90   90    13  74  13   0   0   0   0   0   0   0   0   0   0   0   0   0   0   0   0   0     0    0    0   0.755     25  0.00
   91   91     4  30   0   0   0   0   0   0   0   0   4   0   0   0   4   0   9  26   0  22     0    0    0   1.666     55  0.00
   92   92     0   0  96   0   0   0   0   0   4   0   0   0   0   0   0   0   0   0   0   0     0    0    0   0.179      5  0.00
   93   93     0   0   0   0   0   0   0   0 100   0   0   0   0   0   0   0   0   0   0   0     0    0    0   0.000      0  0.00
   94   94     0   4   4  52   0   0   0   0   9   0   4   4   0   0  13   0   0   9   0   0     0    0    0   1.575     52  0.00
   95   95     0   4   4   4   0   0   4   0   0   0   0   0   0   0   0  65   0  17   0   0     0    0    0   1.128     37  0.00
   96   96     0   0   0   0   0   0   0   0   0   0   0   0   0   0   0   0   0 100   0   0     0    0    0   0.000      0  0.00
   97   97     4  65   0   0  22   0   9   0   0   0   0   0   0   0   0   0   0   0   0   0     0    0    0   0.959     32  0.00
   98   98     0   0   0   0   0   0   9   0   9   0   0   0   0   0  17  30   0  17   4  13     0    0    0   1.797     59  0.00
   99   99     0   0   0   0   0   0   0   0  30   0   0   0   0   0   9   9  22  13  17   0     0    0    0   1.688     56  0.00
  100  100     0   0   0   0   0   0   0  22   0   0   0   0   0   0  43  22   0   0   9   4     0    0    0   1.374     45  0.00
  101  101    30   0   4   0   0   0   0   0   4   0   4   0   0   0   4  52   0   0   0   0     0    0    0   1.247     41  0.00
  102  102     0  17  78   4   0   0   0   0   0   0   0   0   0   0   0   0   0   0   0   0     0    0    0   0.632     21  0.00
  103  103     0   0   0   0   0   0   0   0   0 100   0   0   0   0   0   0   0   0   0   0     0    0    0   0.000      0  0.00
  104  104     4  13  57   0  26   0   0   0   0   0   0   0   0   0   0   0   0   0   0   0     0    0    0   1.075     35  0.00
  105  105     4   4  35   0   0   0   0   0   0   0   4  48   0   0   0   0   0   0   0   4     0    0    0   1.265     42  0.00
  106  106    30   4  65   0   0   0   0   0   0   0   0   0   0   0   0   0   0   0   0   0     0    0    0   0.777     25  0.00
  107  107     0   0   4   0   0   0   4   0   0   0   0   0   0   0  78   9   0   0   4   0     0    0    0   0.813     27  0.00
  108  108     0   0   0   0   0   0   0   0   0   0   0   0   0   0  96   4   0   0   0   0     0    0    0   0.179      5  0.00
  109  109     0   0   0   0   0   0  94   0   0   0   0   0   0   0   6   0   0   0   0   0     0    0    0   0.234      7  0.00
  110  110     0 100   0   0   0   0   0   0   0   0   0   0   0   0   0   0   0   0   0   0     0    0    0   0.000      0  0.00
  111  111     0   0   0   0   0   0   0   0   0 100   0   0   0   0   0   0   0   0   0   0     0    0    0   0.000      0  0.00
  112  112     0   0   0   0   0   0   0   6   0   0   0   0   0   0   0   0   0   0  19  75     0    0    0   0.703     23  0.00
  113  113     0   0   0   6   0   0   0  88   0   0   0   0   0   6   0   0   0   0   0   0     0    0    0   0.463     15  0.00
  114  114     0   0   0   0   0   0   0   7   0   0  87   0   0   0   7   0   0   0   0   0     0    0    0   0.485     16  0.00
  115  115     0   0   0   0  13   0  80   7   0   0   0   0   0   0   0   0   0   0   0   0     0    0    0   0.628     20  0.00
  116  116     0   0   0   0   0   0   0   0   0   0   0   0   0   0   0   0   7  93   0   0     0    0    0   0.245      8  0.00
  117  117     0   0   0   0   0   0   0   0   0   0   7   0   0   0   0   0   0  13   0  80     0    0    0   0.628     20  0.00
  118  118     0   7   0   0   0  93   0   0   0   0   0   0   0   0   0   0   0   0   0   0     0    0    0   0.245      8  0.00
  119  119     0   0   0   0   0   0   0  53   0   7  27   0   0   0   7   7   0   0   0   0     0    0    0   1.229     41  0.00
  120  120    67  13  13   0   0   0   0   0   0   0   0   7   0   0   0   0   0   0   0   0     0    0    0   0.988     32  0.00
  121  121     0   0   0   0   0   0   0   0   7   0   7   0   0   0   0   0   0  13   0  73     0    0    0   0.857     28  0.00
  122  122     0   0   0   0   0   0   0   0   0   0   0   0   0   0   7   0   7  87   0   0     0    0    0   0.485     16  0.00
  123  123     0 100   0   0   0   0   0   0   0   0   0   0   0   0   0   0   0   0   0   0     0    0    0   0.000      0  0.00
  124  124     7   0  87   0   0   0   0   0   0   0   0   0   0   0   0   0   7   0   0   0     0    0    0   0.485     16  0.00
  125  125    33   8  50   8   0   0   0   0   0   0   0   0   0   0   0   0   0   0   0   0     0    0    0   1.127     37  0.00
  126  126    10   0   0   0   0   0   0   0  10   0  10  40   0   0   0   0   0  30   0   0     0    0    0   1.418     47  0.00
  127  127     0   0   0   0   0   0   0   0   0   0   0   0   0   0   0   0   0   0   0 100     0    0    0   0.000      0  0.00
//
