ID Pseudo hssp file.
SEQ 
SEQ gi|544273|sp|P35505|FAAA_MOUSE FUMARYLACETOACETASE (FUMARYLACETO...   843  0.0
SEQ gi|8569274|pdb|1QCO|A Chain A, Crystal Structure Of Fumarylaceto...   843  0.0
SEQ gi|13399972|pdb|1HYO|A Chain A, Crystal Structure Of Fumarylacet...   843  0.0
SEQ gi|253320|gb|AAB22822.1| fumarylacetoacetate hydrolase, FAH [mic...   840  0.0
SEQ gi|6753814|ref|NP_034306.1| fumarylacetoacetate hydrolase [Mus m...   835  0.0
SEQ gi|8393349|ref|NP_058877.1| fumarylacetoacetate hydrolase [Rattu...   821  0.0
SEQ gi|8569272|pdb|1QCN|A Chain A, Crystal Structure Of Fumarylaceto...   805  0.0
SEQ gi|4557587|ref|NP_000128.1| fumarylacetoacetase [Homo sapiens] >...   771  0.0
SEQ gi|31291|emb|CAA36016.1| (X51728) fumarylacetoacetase (AA 1-349)...   653  0.0
SEQ gi|7505698|pir||T25813 hypothetical protein K10C2.4 - Caenorhabd...   527  e-148
SEQ gi|7292429|gb|AAF47833.1| (AE003480) CG14993 gene product [Droso...   437  e-121
SEQ gi|3157928|gb|AAC17611.1| (AC002131) Similar to fumarylacetoacet...   431  e-120
SEQ gi|11348567|pir||E83394 fumarylacetoacetase PA2008 [imported] - ...   357  1e-97
SEQ gi|2832727|emb|CAA05043.1| (AJ001836) fumarylacetoacetate hydrol...   352  7e-96
SEQ gi|1130507|gb|AAA85778.1| (L41670) fumarylacetoacetate hydrolase...   351  9e-96
SEQ gi|7480689|pir||T34606 probable fumarylacetoacetase - Streptomyc...   305  1e-81
SEQ gi|10121675|gb|AAG13317.1|AF266197_1 (AF266197) fumarylacetoacet...   102  9e-21
SEQ gi|13872767|emb|CAC37524.1| (AL590982) conserved hypothetical pr...    66  1e-09
SEQ gi|7476563|pir||C70585 hypothetical protein Rv0939 - Mycobacteri...    56  9e-07
SEQ gi|13815822|gb|AAK42651.1| (AE006849) 2-hydroxyhepta-2,4-diene-1...    55  2e-06
SEQ gi|11497711|ref|NP_068932.1| 2-hydroxyhepta-2,4-diene-1,7-dioate...    53  6e-06
SEQ gi|11362216|pir||T50935 isomerase/decarboxylase homolog DitH [im...    48  2e-04
SEQ 
## SEQUENCE PROFILE AND ENTROPY
 SeqNo PDBNo   V   L   I   M   F   W   Y   G   A   P   S   T   C   H   R   K   Q   E   N   D  NOCC NDEL NINS ENTROPY RELENT WEIGHT
    1    1     0   0   0 100   0   0   0   0   0   0   0   0   0   0   0   0   0   0   0   0     0    0    0   0.000      0  0.00
    2    2     0   0   0   0   0   0   0   0   0   0 100   0   0   0   0   0   0   0   0   0     0    0    0   0.000      0  0.00
    3    3     0   0   0   0  85  15   0   0   0   0   0   0   0   0   0   0   0   0   0   0     0    0    0   0.429     14  0.00
    4    4     8  15  77   0   0   0   0   0   0   0   0   0   0   0   0   0   0   0   0   0     0    0    0   0.687     22  0.00
    5    5     0   0   0   0   0   0   0   0   0  69   8   0   0   0   0   0  15   0   0   8     0    0    0   0.937     31  0.00
    6    6    86   0  14   0   0   0   0   0   0   0   0   0   0   0   0   0   0   0   0   0     0    0    0   0.410     13  0.00
    7    7     0   0   0   0   0   0   0   7  64  29   0   0   0   0   0   0   0   0   0   0     0    0    0   0.830     27  0.00
    8    8     0   0   0   0   0   0   0   0   0   0   7   0   0   0   0  14   7  71   0   0     0    0    0   0.895     29  0.00
    9    9     0   0   0   0   0   0   0   7   0   0   0   0   0   0   0   0   0   0  21  71     0    0    0   0.759     25  0.00
   10   10     0   0   0   0   0   0   0   0   7   0  87   0   0   0   0   0   0   0   0   7     0    0    0   0.485     16  0.00
   11   11     0   0   0   0   0   0   0   0   0  20   0   0   0   7   0   0   0   0   0  73     0    0    0   0.730     24  0.00
   12   12     0   0   0   0 100   0   0   0   0   0   0   0   0   0   0   0   0   0   0   0     0    0    0   0.000      0  0.00
   13   13     0   0   0   0   0   0   0   7   0  80  13   0   0   0   0   0   0   0   0   0     0    0    0   0.628     20  0.00
   14   14     0  20  73   0   0   0   0   0   0   7   0   0   0   0   0   0   0   0   0   0     0    0    0   0.730     24  0.00
   15   15     0   0   0   0   0   0   0   0  13   0   0   0   0  13   0   0  73   0   0   0     0    0    0   0.765     25  0.00
   16   16     0   0   0   0   0   0   0   0   0   0   0   0   0   0   0   0   0   0 100   0     0    0    0   0.000      0  0.00
   17   17     0  87  13   0   0   0   0   0   0   0   0   0   0   0   0   0   0   0   0   0     0    0    0   0.393     13  0.00
   18   18     0   0   0   0   0   0   0   0   0 100   0   0   0   0   0   0   0   0   0   0     0    0    0   0.000      0  0.00
   19   19     0   7   0   0  13   0  80   0   0   0   0   0   0   0   0   0   0   0   0   0     0    0    0   0.628     20  0.00
   20   20     0   0   0   0   0   0   0 100   0   0   0   0   0   0   0   0   0   0   0   0     0    0    0   0.000      0  0.00
   21   21    80   0  20   0   0   0   0   0   0   0   0   0   0   0   0   0   0   0   0   0     0    0    0   0.500     16  0.00
   22   22     0   0  13   0  87   0   0   0   0   0   0   0   0   0   0   0   0   0   0   0     0    0    0   0.393     13  0.00
   23   23     0   0   0   0   0   0   0   0   0   0  93   0   0   0   0   7   0   0   0   0     0    0    0   0.245      8  0.00
   24   24     0   0   7   0   0   0   0   0   0   7  14  71   0   0   0   0   0   0   0   0     0    0    0   0.895     29  0.00
   25   25     0   0   0   0   0   0   0   0   0   7  13   0   0   0  13   7  53   7   0   0     0    0    0   1.414     47  0.00
   26   26     0   0   0   0   0   0   0  13  13   0  60   0   0   0   0  13   0   0   0   0     0    0    0   1.112     37  0.00
   27   27     0  13   0   0   0   0   0   7   0   0   7   0   0   0   0   0   0   0  60  13     0    0    0   1.205     40  0.00
   28   28     0   7   0   0   0   0   0   0   0  60  27   7   0   0   0   0   0   0   0   0     0    0    0   1.020     34  0.00
   29   29     0   0   0   0   0   0   0   0   0   0  27   7   0   0   7  53   0   0   0   7     0    0    0   1.229     41  0.00
   30   30     0   0   0   0   0   0   0   0   0  73   0   0   0   0  27   0   0   0   0   0     0    0    0   0.580     19  0.00
   31   31    13   0   0   0   0   0   0   0   0   0   0   7   0   7  73   0   0   0   0   0     0    0    0   0.857     28  0.00
   32   32     7   0  67   0   0   0   0   0   0  20   0   0   7   0   0   0   0   0   0   0     0    0    0   0.953     31  0.00
   33   33     0   0   0   0   0   0   0  80  20   0   0   0   0   0   0   0   0   0   0   0     0    0    0   0.500     16  0.00
   34   34    87   0  13   0   0   0   0   0   0   0   0   0   0   0   0   0   0   0   0   0     0    0    0   0.393     13  0.00
   35   35     0   0   0   0   0   0   0   0  93   0   0   0   0   0   7   0   0   0   0   0     0    0    0   0.245      8  0.00
   36   36     0   7  93   0   0   0   0   0   0   0   0   0   0   0   0   0   0   0   0   0     0    0    0   0.245      8  0.00
   37   37     0   0   0   0   0   0   0 100   0   0   0   0   0   0   0   0   0   0   0   0     0    0    0   0.000      0  0.00
   38   38     0   0   0   0   0   0   0   0   0   0   0   0   0   0   0   0   0   0   0 100     0    0    0   0.000      0  0.00
   39   39     0   7   0   0   0   0  13   0   0   0   7   0   0   7   0   0  67   0   0   0     0    0    0   1.081     36  0.00
   40   40    13   0  73   0   0   0   0   0  13   0   0   0   0   0   0   0   0   0   0   0     0    0    0   0.765     25  0.00
   41   41     0 100   0   0   0   0   0   0   0   0   0   0   0   0   0   0   0   0   0   0     0    0    0   0.000      0  0.00
   42   42     0   0   0   0   0   0   0   0   0   0   0   0   0   0   0   0   0   0   7  93     0    0    0   0.245      8  0.00
   43   43     0  93   0   0   0   0   0   0   7   0   0   0   0   0   0   0   0   0   0   0     0    0    0   0.245      8  0.00
   44   44     0   0   0   0   0   0   0   7   7   0  80   0   0   0   0   0   0   0   0   7     0    0    0   0.720     24  0.00
   45   45    62   0   8   0   0   0   0   0  23   0   0   0   0   0   0   0   0   8   0   0     0    0    0   1.032     34  0.00
   46   46     0   0  85   0   0   0   0   0  15   0   0   0   0   0   0   0   0   0   0   0     0    0    0   0.429     14  0.00
   47   47     0   0   0   0   0   0   0   0  14   0   7   0   0   0   0  79   0   0   0   0     0    0    0   0.656     21  0.00
   48   48     0   0   0   0  14   0   0   0   0   0   0   0   0  71   0   0   0   7   7   0     0    0    0   0.895     29  0.00
   49   49     0  80   0   0   0   0   0   0  20   0   0   0   0   0   0   0   0   0   0   0     0    0    0   0.500     16  0.00
   50   50     0   7   0   0  73   0   0   0   7   0  13   0   0   0   0   0   0   0   0   0     0    0    0   0.857     28  0.00
   51   51     0   0   0   0   0   0   0   7   7   0  13  60   0   0   0   0   0   0   0  13     0    0    0   1.205     40  0.00
   52   52     0   0   0   0   0   0   0  93   0   0   7   0   0   0   0   0   0   0   0   0     0    0    0   0.245      8  0.00
   53   53     0  13   0   0   0   0   0   0   0  87   0   0   0   0   0   0   0   0   0   0     0    0    0   0.393     13  0.00
   54   54    29   0   7   0   7   0   0   0  50   0   0   0   0   0   0   0   7   0   0   0     0    0    0   1.270     42  0.00
   55   55     0  79  14   0   0   0   0   0   0   0   0   0   0   0   0   0   0   7   0   0     0    0    0   0.656     21  0.00
   56   56     0   0   0   0   0   0   0   8   0   0  69   0   0   0   0   8  15   0   0   0     0    0    0   0.937     31  0.00
   57   57     0   0   0   0   0   0   0   0  14  14   0   0   0   0   0  71   0   0   0   0     0    0    0   0.796     26  0.00
   58   58     0   0   0   0   0   0   7   0   7   0   0   0   0  80   0   0   0   0   0   7     0    0    0   0.720     24  0.00
   59   59     0  13   0   0   0   0   0   7  13   0   0   0   0   0   0   0  67   0   0   0     0    0    0   0.988     32  0.00
   60   60     0   0   0   0   0   0   0   0   7   0   0   0   0  53   0   0   0   7  13  20     0    0    0   1.287     42  0.00
   61   61    80   7   0   0   0   0   0   0   7   0   0   0   7   0   0   0   0   0   0   0     0    0    0   0.720     24  0.00
   62   62     0   7   0   0  87   0   0   0   7   0   0   0   0   0   0   0   0   0   0   0     0    0    0   0.485     16  0.00
   63   63     0   7   0   0   0   0   0   0   7   0   0   0   0   0   0  13   0   7  13  53     0    0    0   1.414     47  0.00
   64   64     0   0   0   0   0   0   0   0   7   0   0   0   0   0   0   0  33  60   0   0     0    0    0   0.853     28  0.00
   65   65     0   0   0   0   0   0   0   0   0  20  20  60   0   0   0   0   0   0   0   0     0    0    0   0.950     31  0.00
   66   66     0   0   0   0   0   0   0   0   7   0   0  87   0   0   0   0   0   0   7   0     0    0    0   0.485     16  0.00
   67   67     0 100   0   0   0   0   0   0   0   0   0   0   0   0   0   0   0   0   0   0     0    0    0   0.000      0  0.00
   68   68     0   0   0   0   0   0   0   0   0   0   0   0   0   0   0   0   0   0 100   0     0    0    0   0.000      0  0.00
   69   69     0   0   0   0   0   0   0   0  27   7  13   0   0   0   0   7   0   0  47   0     0    0    0   1.338     44  0.00
   70   70     0   7   0   0  93   0   0   0   0   0   0   0   0   0   0   0   0   0   0   0     0    0    0   0.245      8  0.00
   71   71     0  13   0  69   6   0   0   0  13   0   0   0   0   0   0   0   0   0   0   0     0    0    0   0.951     31  0.00
   72   72     0   0   0   0   0   0   0  65  35   0   0   0   0   0   0   0   0   0   0   0     0    0    0   0.649     21  0.00
   73   73     0  88   0   6   0   0   0   0   6   0   0   0   0   0   0   0   0   0   0   0     0    0    0   0.444     14  0.00
   74   74     0   0   0   0   0   0   0  88   0   6   0   0   0   0   0   0   0   0   0   6     0    0    0   0.444     14  0.00
   75   75     0   0   0   0   6   0   0   0   0   0   0   0   0   0  29   6  59   0   0   0     0    0    0   1.005     33  0.00
   76   76     0   0   0   0   0   0   0   0  59  29   0   6   0   0   0   0   0   6   0   0     0    0    0   1.005     33  0.00
   77   77    12   0   0   0   0   0   0   0  88   0   0   0   0   0   0   0   0   0   0   0     0    0    0   0.362     12  0.00
   78   78     0   0   0   0   0  82   0   0   0   0   0   0   0  12   6   0   0   0   0   0     0    0    0   0.578     19  0.00
   79   79     6   6   0   0   0   0   0   0   0   0   6   0   0   0  12  65   0   0   0   6     0    0    0   1.200     40  0.00
   80   80     6   0   0   0   0   0   0   0   6   0   0   0   0   0   0   0  12  71   0   6     0    0    0   0.998     33  0.00
   81   81    24   6   0   0   0   0   0   0  71   0   0   0   0   0   0   0   0   0   0   0     0    0    0   0.753     25  0.00
   82   82     0   0   0   0   0   0   0   0   0   0   0   0   0   0 100   0   0   0   0   0     0    0    0   0.000      0  0.00
   83   83    12   0   0   0   0   0   0   0  53   0  12   0   0   0   6   0   6  12   0   0     0    0    0   1.425     47  0.00
   84   84     0   0   0   0  12   0  12   0   6   0  47   6   0   0  12   0   6   0   0   0     0    0    0   1.610     53  0.00
   85   85     0  76  18   0   0   0   0   0   0   0   0   6   0   0   0   0   0   0   0   0     0    0    0   0.678     22  0.00
   86   86     0   6   0   0   0   0   0   0   0   0   0   6   0   0   0   0  88   0   0   0     0    0    0   0.444     14  0.00
   87   87     0   0   0   0   0   0   0   0   6   0   0   0   0   0   6  18   6   6  59   0     0    0    0   1.285     42  0.00
   88   88    12  76   6   0   0   6   0   0   0   0   0   0   0   0   0   0   0   0   0   0     0    0    0   0.790     26  0.00
   89   89     6  82   0   0  12   0   0   0   0   0   0   0   0   0   0   0   0   0   0   0     0    0    0   0.578     19  0.00
   90   90     0   0   0   0   0   0   0   6   0   0  82  12   0   0   0   0   0   0   0   0     0    0    0   0.578     19  0.00
   91   91    18   0   0   0   0   0   0   0  53   0   0  12   0   0   0   6   0  12   0   0     0    0    0   1.313     43  0.00
   92   92     0   0   0   0   0   0   0  12   0   6  59   0   0   0   0   0   0  12   6   6     0    0    0   1.316     43  0.00
   93   93     0   0   0   0   0   0   0   0   6   0   6  13   6   0   0   0  63   6   0   0     0    0    0   1.247     41  0.00
   94   94     0   0   0   0   0   0   0   0  71  18   6   0   0   6   0   0   0   0   0   0     0    0    0   0.885     29  0.00
   95   95     6   0   6   0  12   0   0   0   0   0   0   0   0   0  59   0   6  12   0   0     0    0    0   1.316     43  0.00
   96   96     0 100   0   0   0   0   0   0   0   0   0   0   0   0   0   0   0   0   0   0     0    0    0   0.000      0  0.00
   97   97     0   0   0   0   0   0   0   0   0   0   0   0   0   0  93   0   0   0   0   7     0    0    0   0.245      8  0.00
   98   98     0   0   0   0   0   0   0   0   0   0   0   0   0   7   0   0   0   0   0  93     0    0    0   0.245      8  0.00
   99   99     0   0   0   0   0   0   0   0   0   0   0   0   0   0   0   0   0   0  33  67     0    0    0   0.637     21  0.00
  100  100     7   0   0   0   0   0   0   0  20   0   0  13   0   0   0  53   0   0   0   7     0    0    0   1.287     42  0.00
  101  101     6   0   0   0   0   0   0   0  13   0   0   0   0   6   0   0   0  69   0   6     0    0    0   1.037     34  0.00
  102  102     0  94   0   0   0   0   0   0   0   0   0   6   0   0   0   0   0   0   0   0     0    0    0   0.234      7  0.00
  103  103     0   6   0   0   0   0   0   0   0   0   0   0   0   0  76   6  12   0   0   0     0    0    0   0.790     26  0.00
  104  104     0   0   0   0   0   0   0   0   6   6   6   0   0   0   6  24  47   6   0   0     0    0    0   1.528     51  0.00
  105  105     6   0   0   0   0   0   0   0   0   6   0   0  12   0  53   6   0  18   0   0     0    0    0   1.395     46  0.00
  106  106     0   6   0   0   6   0   0   0  76   0  12   0   0   0   0   0   0   0   0   0     0    0    0   0.790     26  0.00
  107  107     0  24   6   0  71   0   0   0   0   0   0   0   0   0   0   0   0   0   0   0     0    0    0   0.753     25  0.00
  108  108    12  12  12   0   0   0   0   0   0   0   0  47   0  18   0   0   0   0   0   0     0    0    0   1.416     47  0.00
  109  109     0   0   0   0   0   0   0   0   6  29  59   0   0   0   0   0   6   0   0   0     0    0    0   1.005     33  0.00
  110  110     0  18   0   6   0   0   0   0   6   0   0   0   0   0   0   0  71   0   0   0     0    0    0   0.885     29  0.00
  111  111     0   0   0   0   0   0   0   0  65   0  35   0   0   0   0   0   0   0   0   0     0    0    0   0.649     21  0.00
  112  112     0   0   0   0   0   0   0   0   0   0  65   0   0   0   0   6   0  24   0   6     0    0    0   0.955     31  0.00
  113  113    24   0   6   0   0   0   0   0  65   0   0   0   6   0   0   0   0   0   0   0     0    0    0   0.955     31  0.00
  114  114     0   0   0   0   0   0   0   0   0   0   0  82   0   0   0   6   6   6   0   0     0    0    0   0.660     22  0.00
  115  115     0  13   0  75   0   0   0   0   0   0   0   0   0   0   0   0   0   0  13   0     0    0    0   0.736     24  0.00
  116  116     0   0   6   0   0   0   0   0   0   0   0   0   0  94   0   0   0   0   0   0     0    0    0   0.224      7  0.00
  117  117     6  94   0   0   0   0   0   0   0   0   0   0   0   0   0   0   0   0   0   0     0    0    0   0.224      7  0.00
  118  118     0   0   0   0   0   0   0   0   0 100   0   0   0   0   0   0   0   0   0   0     0    0    0   0.000      0  0.00
  119  119     0   0   0  18   6   0   0   0  76   0   0   0   0   0   0   0   0   0   0   0     0    0    0   0.678     22  0.00
  120  120     6   0   0   0   0   0   0   0   0   0   0  59   0   0   6   0  24   6   0   0     0    0    0   1.153     38  0.00
  121  121     6   0  94   0   0   0   0   0   0   0   0   0   0   0   0   0   0   0   0   0     0    0    0   0.224      7  0.00
  122  122     0   0   0   0   0   0   0  94   6   0   0   0   0   0   0   0   0   0   0   0     0    0    0   0.224      7  0.00
  123  123     0   0   0   0   0   0   0   0   0   0   0   0   0   0   0   0   0   0   0 100     0    0    0   0.000      0  0.00
  124  124     0   0   0   0   0   0 100   0   0   0   0   0   0   0   0   0   0   0   0   0     0    0    0   0.000      0  0.00
  125  125     6   0   0   0   0   0   0   0   0   0   0  94   0   0   0   0   0   0   0   0     0    0    0   0.224      7  0.00
  126  126     0   0   0   0   0   0   0   0   0   0   0   0   0   0   0   0   0   0   0 100     0    0    0   0.000      0  0.00
  127  127     0   0   0   0 100   0   0   0   0   0   0   0   0   0   0   0   0   0   0   0     0    0    0   0.000      0  0.00
  128  128     0   5   0   0   5   0  84   0   0   0   5   0   0   0   0   0   0   0   0   0     0    0    0   0.610     20  0.00
  129  129     5   0   0   0   0   0   0   0  26   5  58   5   0   0   0   0   0   0   0   0     0    0    0   1.133     37  0.00
  130  130     0   0   0   0  16   0   0  16   0   0  68   0   0   0   0   0   0   0   0   0     0    0    0   0.843     28  0.00
  131  131     0  16  16   5   0   0   0   0   0   0   0   0   0   0  53   0   0  11   0   0     0    0    0   1.313     43  0.00
  132  132     0   0   0   0   0   0   0   5   0   0   0   0   0  16   5   0  53   5  16   0     0    0    0   1.386     46  0.00
  133  133     0   0   0   0   0   0   0   0   0   0   0   0   0 100   0   0   0   0   0   0     0    0    0   0.000      0  0.00
  134  134     0   0   0   0   0   0   0   0 100   0   0   0   0   0   0   0   0   0   0   0     0    0    0   0.000      0  0.00
  135  135     0   0   0   0   0   0  12   0   0   0   0  71   0   0   6   6   0   6   0   0     0    0    0   0.998     33  0.00
  136  136     0   0   0   0   0   0   0   0   0   0   0   0   0   0   0   0   0   0 100   0     0    0    0   0.000      0  0.00
  137  137    95   0   0   0   0   0   0   0   0   0   0   0   5   0   0   0   0   0   0   0     0    0    0   0.206      6  0.00
  138  138     0   0   0   0   0   0   0  89   0   0   0   0   0   0   5   0   0   5   0   0     0    0    0   0.409     13  0.00
  139  139    11   5  63   5   0   0   0   0   5   0   0   0   0   0   0   5   5   0   0   0     0    0    0   1.302     43  0.00
  140  140     0  17   6  67   0   0   0   6   0   0   0   6   0   0   0   0   0   0   0   0     0    0    0   1.051     35  0.00
  141  141     0   0   0   0  95   0   5   0   0   0   0   0   0   0   0   0   0   0   0   0     0    0    0   0.206      6  0.00
  142  142     0   0   0   0   0   0   0   0   0   0   0   0   0   0  89   5   0   5   0   0     0    0    0   0.409     13  0.00
  143  143     0   0   0   0   0   0   0  74   0   0   0   0   0   0   5   5   0   0   0  16     0    0    0   0.826     27  0.00
  144  144     0   5   0   0   0   0   0   5   5  25   0   0   0   0   5  55   0   0   0   0     0    0    0   1.275     42  0.00
  145  145     0   0   0   0   0   0   0  15   5   0   0   0   0   0   0   0   0  60   0  20     0    0    0   1.063     35  0.00
  146  146     0   0   0   5   0   0   0   0   0   0   0   0   0   0   5   0   5   0  80   5     0    0    0   0.778     25  0.00
  147  147     5   0   0   0   0   0   0   0  75  10  10   0   0   0   0   0   0   0   0   0     0    0    0   0.826     27  0.00
  148  148     0  85  15   0   0   0   0   0   0   0   0   0   0   0   0   0   0   0   0   0     0    0    0   0.423     14  0.00
  149  149     0  45   0  25   0   0   0   0   0  10   0   5   0   0   0   0  10   0   5   0     0    0    0   1.466     48  0.00
  150  150     0   0   0   0   0   0   0   0   0  85   0   0   0   0   0   0   5   5   0   5     0    0    0   0.588     19  0.00
  151  151     0   0   0   0   0   0   0   0   0   0   0   5   0   0   0   0   0  10  85   0     0    0    0   0.518     17  0.00
  152  152     0   0   0   0   0  85  15   0   0   0   0   0   0   0   0   0   0   0   0   0     0    0    0   0.423     14  0.00
  153  153     0  50   0   0  10   0  10   0   0   0   0   0   0   0   5  25   0   0   0   0     0    0    0   1.303     43  0.00
  154  154     0   0   0   0   0   5   0   0   0   0   0   0   0  75  15   0   5   0   0   0     0    0    0   0.800     26  0.00
  155  155    10  80  10   0   0   0   0   0   0   0   0   0   0   0   0   0   0   0   0   0     0    0    0   0.639     21  0.00
  156  156     0   0   0   0   0   0   0   0   0 100   0   0   0   0   0   0   0   0   0   0     0    0    0   0.000      0  0.00
  157  157    75   0  20   0   0   0   0   0   5   0   0   0   0   0   0   0   0   0   0   0     0    0    0   0.687     22  0.00
  158  158     0   0   0   0   5   0   5  75  15   0   0   0   0   0   0   0   0   0   0   0     0    0    0   0.800     26  0.00
  159  159     0   0   0   0   0   0 100   0   0   0   0   0   0   0   0   0   0   0   0   0     0    0    0   0.000      0  0.00
  160  160     0   0   0   0   5   0   0   0   0   0   0   0   0  85   0  10   0   0   0   0     0    0    0   0.518     17  0.00
  161  161     0   0   0   5   0   0   0  90   5   0   0   0   0   0   0   0   0   0   0   0     0    0    0   0.394     13  0.00
  162  162     0   0   0   0   0   0   0   0   0   0   0   0   5   0  85   0   0   0   5   5     0    0    0   0.588     19  0.00
  163  163     0   0   0   0   0   0   0   0  80  15   5   0   0   0   0   0   0   0   0   0     0    0    0   0.613     20  0.00
  164  164     0   0   0   0   0   0   5   5   5   0  85   0   0   0   0   0   0   0   0   0     0    0    0   0.588     19  0.00
  165  165     0   0   0   0   0   0   0   0   0   0  84  16   0   0   0   0   0   0   0   0     0    0    0   0.436     14  0.00
  166  166    53   0  47   0   0   0   0   0   0   0   0   0   0   0   0   0   0   0   0   0     0    0    0   0.692     23  0.00
  167  167    84   0  11   0   0   0   0   0   0   0   0   0   0   0   5   0   0   0   0   0     0    0    0   0.537     17  0.00
  168  168    74   0   5   0   5   0   0   5   0   0   0  11   0   0   0   0   0   0   0   0     0    0    0   0.927     30  0.00
  169  169     0   0   0   0   0   0   5   0   0   5  89   0   0   0   0   0   0   0   0   0     0    0    0   0.409     13  0.00
  170  170     0   0   0   0   0   0   0  95   0   0   0   0   0   0   0   0   0   5   0   0     0    0    0   0.206      6  0.00
  171  171     0   0   0   0   0   0   0   0   0   0   5  84   0   5   0   0   0   5   0   0     0    0    0   0.610     20  0.00
  172  172     0   5   0   0   0   0   0   0   0  74   0   0   0   0   0   0   0   5   0  16     0    0    0   0.826     27  0.00
  173  173    16  16  63   0   0   0   0   0   0   0   0   0   0   0   0   0   0   5   0   0     0    0    0   1.028     34  0.00
  174  174     5   0  11   0   0   0   0   0   0   0   0   0   0  11  63   5   0   5   0   0     0    0    0   1.229     41  0.00
  175  175     5   0   0   0   0   5   0   0   0   0   0   0   0   0  89   0   0   0   0   0     0    0    0   0.409     13  0.00
  176  176     0   0   0   0   0   0   0   0   0 100   0   0   0   0   0   0   0   0   0   0     0    0    0   0.000      0  0.00
  177  177     6   6   0  53   0   6   0   0   0   0   6   0   0   0   6   0  12   0   6   0     0    0    0   1.588     53  0.00
  178  178     0   0   0   0   0   0   0 100   0   0   0   0   0   0   0   0   0   0   0   0     0    0    0   0.000      0  0.00
  179  179     0   0   0   0   0   0   0   0   0   0   0   0   0   0   0   0 100   0   0   0     0    0    0   0.000      0  0.00
  180  180     0   6  12  53   0   0   0   6   0   0   0  18   0   0   6   0   0   0   0   0     0    0    0   1.395     46  0.00
  181  181     0  17   0   0   6   0   0   6   0   0   0   0   0   6  44  22   0   0   0   0     0    0    0   1.475     49  0.00
  182  182     0   0   0   0   0   0   0   0  11  78   0  11   0   0   0   0   0   0   0   0     0    0    0   0.684     22  0.00
  183  183     0   0   0   0   0   0   6   0   6  11   0   0   0   0   0   0   6   0  11  61     0    0    0   1.271     42  0.00
  184  184     0   0   0   0   0   0   0  17   6   0   0   0   0   0   0   0   0   0  56  22     0    0    0   1.120     37  0.00
  185  185     0   0   0   0   0   0   0   0  17  11  56   0   0   0   0   0   0   0   6  11     0    0    0   1.274     42  0.00
  186  186     0   0   0   0   0   0   0   0  11   0  11   0   0   0   0  67   0  11   0   0     0    0    0   1.003     33  0.00
  187  187     6  11   0   0   0   0   0   0   6  61   0   0   0   0   0   6   0  11   0   0     0    0    0   1.271     42  0.00
  188  188     0   0   0   0   0   0   0   0   0  95   0   5   0   0   0   0   0   0   0   0     0    0    0   0.199      6  0.00
  189  189    70   0   0   0   0   0   5   0   5   0   5  10   0   0   0   5   0   0   0   0     0    0    0   1.079     36  0.00
  190  190     0   0   0   0  35   0  55   0   0  10   0   0   0   0   0   0   0   0   0   0     0    0    0   0.927     30  0.00
  191  191     0   0   0   0   0   0   0  76   0   5  19   0   0   0   0   0   0   0   0   0     0    0    0   0.668     22  0.00
  192  192     0   0   0   0   5   0   0   5  55  30   5   0   0   0   0   0   0   0   0   0     0    0    0   1.139     38  0.00
  193  193     0   0   0   0   0   0   0   0   5   0  25   5  65   0   0   0   0   0   0   0     0    0    0   0.926     30  0.00
  194  194     5   0   0   0   0   0   0   0  10   0   0   0   0   0  33  48   5   0   0   0     0    0    0   1.233     41  0.00
  195  195     5  55   5   0   0   5   0   0   5   0   0   0   0   0  14  14   0   0   0   0     0    0    0   1.436     47  0.00
  196  196     5  86   0   5   0   0   0   0   0   0   0   0   0   0   0   0   5   0   0   0     0    0    0   0.548     18  0.00
  197  197     0   0   0   0   0   0   0   0   0   0   0   0   0   0   0   0   0   0   0 100     0    0    0   0.000      0  0.00
  198  198     0   0  19  43  29   0  10   0   0   0   0   0   0   0   0   0   0   0   0   0     0    0    0   1.261     42  0.00
  199  199     0   0   0   0   0   0   0   0   0   0   0   0   0   0   0   0   0 100   0   0     0    0    0   0.000      0  0.00
  200  200     0  95   0   0   0   0   0   0   5   0   0   0   0   0   0   0   0   0   0   0     0    0    0   0.185      6  0.00
  201  201     0   0   0   0   0   0   0   0   0   0   0   0   0   0   0   0   0 100   0   0     0    0    0   0.000      0  0.00
  202  202    10  14  10  57  10   0   0   0   0   0   0   0   0   0   0   0   0   0   0   0     0    0    0   1.270     42  0.00
  203  203     0   0   0   0   0   0   0  23  77   0   0   0   0   0   0   0   0   0   0   0     0    0    0   0.536     17  0.00
  204  204     0   0   9   0  68   0   0   0  18   0   0   0   5   0   0   0   0   0   0   0     0    0    0   0.930     31  0.00
  205  205    23   0   5   0  64   5   5   0   0   0   0   0   0   0   0   0   0   0   0   0     0    0    0   1.046     34  0.00
  206  206    73   0  27   0   0   0   0   0   0   0   0   0   0   0   0   0   0   0   0   0     0    0    0   0.586     19  0.00
  207  207     0   0   0   0   0   0   0  90   0   0  10   0   0   0   0   0   0   0   0   0     0    0    0   0.314     10  0.00
  208  208     6   0   0   0   0   0   0   0   0  67   0  17   0   0   0   6   6   0   0   0     0    0    0   1.051     35  0.00
  209  209     0   0   0   0   0   0   0  72   0  17   6   0   0   0   0   0   0   6   0   0     0    0    0   0.855     28  0.00
  210  210     0   0   0   0   0   0   6   0   0   0   6   0   0   0   0   0   0   0  89   0     0    0    0   0.426     14  0.00
  211  211     0   0   0   0   0   0   0   0   5   0   0   0   0   0  52  14   5  14   0  10     0    0    0   1.409     47  0.00
  212  212     0  43   0   0  38   0   0   0   0   0   0   0   0   0  10   5   0   5   0   0     0    0    0   1.245     41  0.00
  213  213     0   0   0   0   0   0   0 100   0   0   0   0   0   0   0   0   0   0   0   0     0    0    0   0.000      0  0.00
  214  214     0   0   0   0   0   0   0   0   0   0   5   5   0   9   5  23   0  55   0   0     0    0    0   1.307     43  0.00
  215  215     0   0   0   0   0   0   0   0   5  68   0   0   0   0   5   0   0   0   5  18     0    0    0   0.993     33  0.00
  216  216    23   9  68   0   0   0   0   0   0   0   0   0   0   0   0   0   0   0   0   0     0    0    0   0.816     27  0.00
  217  217     0   0   0   0   0   0   0   0   5  55   9   9   0   9   5   0   0   0   0   9     0    0    0   1.484     49  0.00
  218  218    18   5  59   0   0   0   0   0   0   5   0   0   0   0   5   9   0   0   0   0     0    0    0   1.260     42  0.00
  219  219     0   0   5   0   0   0   0   5   0   0  50   0   0   0   0   0   0  18   5  18     0    0    0   1.388     46  0.00
  220  220     0   0   0   0   0   0   0   0   0   0   0   0   0   0   9  59   9   5   9   9     0    0    0   1.323     44  0.00
  221  221     0   0   0   0   5   0   0   0  95   0   0   0   0   0   0   0   0   0   0   0     0    0    0   0.185      6  0.00
  222  222     0   0   0   5   0   5   0   0   9   0   0   0   0  41  18   0   5  18   0   0     0    0    0   1.625     54  0.00
  223  223     0   0   0   0   0   0   0   0   0   0   0   0   0   0   5   5   0  55   0  36     0    0    0   0.979     32  0.00
  224  224     0   0   0   0   0   0   9   0   0   0   5   0   0  77   5   0   0   0   5   0     0    0    0   0.839     27  0.00
  225  225    14   0  86   0   0   0   0   0   0   0   0   0   0   0   0   0   0   0   0   0     0    0    0   0.398     13  0.00
  226  226     9   9   5   0  73   0   0   0   5   0   0   0   0   0   0   0   0   0   0   0     0    0    0   0.949     31  0.00
  227  227     0   0   0   0   0   0   0 100   0   0   0   0   0   0   0   0   0   0   0   0     0    0    0   0.000      0  0.00
  228  228    14  10   0  43  19   0  14   0   0   0   0   0   0   0   0   0   0   0   0   0     0    0    0   1.459     48  0.00
  229  229    59   5   0   0   0   0   0   0   0   0   0  27   9   0   0   0   0   0   0   0     0    0    0   1.024     34  0.00
  230  230     5  77  18   0   0   0   0   0   0   0   0   0   0   0   0   0   0   0   0   0     0    0    0   0.650     21  0.00
  231  231     5  10   0  67  19   0   0   0   0   0   0   0   0   0   0   0   0   0   0   0     0    0    0   0.955     31  0.00
  232  232     0   0   0   0   0   0   0   0   0   0   0   0   0   0   0   0   0   0 100   0     0    0    0   0.000      0  0.00
  233  233     0   0   0   0   0   0   0   0   0   0   0   0   0   0   0   0   0   0   0 100     0    0    0   0.000      0  0.00
  234  234     0   0   5   5   5  86   0   0   0   0   0   0   0   0   0   0   0   0   0   0     0    0    0   0.548     18  0.00
  235  235     0   0   0   0   0   0   0   0   0   0 100   0   0   0   0   0   0   0   0   0     0    0    0   0.000      0  0.00
  236  236     0   0   0   0   0   0   0   0 100   0   0   0   0   0   0   0   0   0   0   0     0    0    0   0.000      0  0.00
  237  237     0   0   0   0   0   0   0   0   0   0   0   0   0   0 100   0   0   0   0   0     0    0    0   0.000      0  0.00
  238  238     0   0   0   0   0   0   0   0   0   0   0   0   0   0   0   0   0   0   0 100     0    0    0   0.000      0  0.00
  239  239     5   9  77   5   0   0   0   0   5   0   0   0   0   0   0   0   0   0   0   0     0    0    0   0.839     27  0.00
  240  240     0   0   0   0   0   0   0   0   0   0   0   0   0   0   0   0  95   5   0   0     0    0    0   0.185      6  0.00
  241  241     0   0   0   9   0   0   0   5  32   0   0   0   0   0   0  14  36   5   0   0     0    0    0   1.503     50  0.00
  242  242     5   9   0   0   0  77   0   0   9   0   0   0   0   0   0   0   0   0   0   0     0    0    0   0.776     25  0.00
  243  243     0   0   0   0   0   0   0   0   0   0   0   0   0   0   0   5   0  95   0   0     0    0    0   0.185      6  0.00
  244  244     0   0   0  10   0   0  81   0   5   0   0   0   0   0   0   0   5   0   0   0     0    0    0   0.685     22  0.00
  245  245    77   5   0   9   0   0   0   0   0   0   0   0   0   0   0   5   5   0   0   0     0    0    0   0.839     27  0.00
  246  246     0   0   0   0   0   0   0   9   0  86   0   0   0   0   5   0   0   0   0   0     0    0    0   0.485     16  0.00
  247  247     0  95   5   0   0   0   0   0   0   0   0   0   0   0   0   0   0   0   0   0     0    0    0   0.185      6  0.00
  248  248     0   0   0   0   0   0   0 100   0   0   0   0   0   0   0   0   0   0   0   0     0    0    0   0.000      0  0.00
  249  249     0   0   0   0   0   0   0   0   0  95   0   0   0   0   0   0   5   0   0   0     0    0    0   0.185      6  0.00
  250  250     0   5   0   0  77   0   0   0  14   0   0   0   5   0   0   0   0   0   0   0     0    0    0   0.752     25  0.00
  251  251     0  64   0   0   0   0   0   0   0   0   0   5   0   0   0  23   0   0   9   0     0    0    0   0.983     32  0.00
  252  252     0   0   0   0   0   0   0  68  18   0  14   0   0   0   0   0   0   0   0   0     0    0    0   0.843     28  0.00
  253  253     0   0   0   0   0   0   0   0   0   0   0   0   0   0   0 100   0   0   0   0     0    0    0   0.000      0  0.00
  254  254     0   0   0   0   0   0   0   0   0   0  64   0   0   0   0   0   0   0  14  23     0    0    0   0.896     29  0.00
  255  255     0   5   0   0  86   0   0   5   0   0   5   0   0   0   0   0   0   0   0   0     0    0    0   0.548     18  0.00
  256  256     0   0   5   0   0   0   0  68  18   0   0   5   0   0   0   0   0   0   0   5     0    0    0   0.993     33  0.00
  257  257     0   0   5   0   0   0   0   0   0   0   0  91   0   0   0   0   0   0   5   0     0    0    0   0.368     12  0.00
  258  258     0   0   0   0   0   0   0   5   5   5   9  77   0   0   0   0   0   0   0   0     0    0    0   0.839     27  0.00
  259  259    23  14  55   9   0   0   0   0   0   0   0   0   0   0   0   0   0   0   0   0     0    0    0   1.157     38  0.00
  260  260     0   0   0   0   0   0   0  23   0   0  68   9   0   0   0   0   0   0   0   0     0    0    0   0.816     27  0.00
  261  261     0   0   0   0   0   0   0   0   5  95   0   0   0   0   0   0   0   0   0   0     0    0    0   0.185      6  0.00
  262  262     0   0   0   0   0  82   9   0   0   0   0   0   9   0   0   0   0   0   0   0     0    0    0   0.600     20  0.00
  263  263    68  14  18   0   0   0   0   0   0   0   0   0   0   0   0   0   0   0   0   0     0    0    0   0.843     28  0.00
  264  264    95   0   0   0   0   0   0   0   0   0   0   5   0   0   0   0   0   0   0   0     0    0    0   0.185      6  0.00
  265  265     0   9   0   0   0   0   0   0   0  55   5  32   0   0   0   0   0   0   0   0     0    0    0   1.053     35  0.00
  266  266     0  10  14  43   0   0   0   0  14   5   0   5   0   0   0  10   0   0   0   0     0    0    0   1.657     55  0.00
  267  267     0   0   0   0   0   0   0   0   5   0   0   0   0   0   0   0   0   9   0  86     0    0    0   0.485     16  0.00
  268  268     0   0   0   0   0   0   0   0  77   0   0   0   0   0   0   0   0  23   0   0     0    0    0   0.536     17  0.00
  269  269     0  95   5   0   0   0   0   0   0   0   0   0   0   0   0   0   0   0   0   0     0    0    0   0.185      6  0.00
  270  270     0   0   0  47   0   0   0   0   0   0   5   0   0   0   5   5   0  37   0   0     0    0    0   1.187     39  0.00
  271  271     0   0   0   0   0   0   0   0   0  95   0   0   0   0   0   0   0   5   0   0     0    0    0   0.206      6  0.00
  272  272     0   0   0   0  79   0  16   0   5   0   0   0   0   0   0   0   0   0   0   0     0    0    0   0.633     21  0.00
  273  273    65   0   0   0   6   0   0   6  12   0   0   0   0   0  12   0   0   0   0   0     0    0    0   1.119     37  0.00
  274  274    71   6   0   0   0   0   0  12   0   0   0   0   6   0   6   0   0   0   0   0     0    0    0   0.998     33  0.00
  275  275     0  12   0   0   0   0   0   0  12  59   0   0   0   0   0   0   6   6   0   6     0    0    0   1.316     43  0.00
  276  276     0   0   0   0   0   0   0   0   6   6   0   0   0   0   0   0   6  12  71   0     0    0    0   0.998     33  0.00
  277  277     0   0   0   0   6   0   0   0   0  94   0   0   0   0   0   0   0   0   0   0     0    0    0   0.224      7  0.00
  278  278     6   0   0   0   0   0   0  12   6   6   0   0   0   0   0  65   0   6   0   0     0    0    0   1.200     40  0.00
  279  279     0   0   0   0   0   0   0   5   0   0   0   0   0   0  15   5  65   0  10   0     0    0    0   1.094     36  0.00
  280  280     0   0   0   0   0   0   0   0   0   0   0   5   0   0  10   0   0   5   0  80     0    0    0   0.708     23  0.00
  281  281     0   0   0   0   0   0   0   0   5  80   0   0   0   5   0   0   0  10   0   0     0    0    0   0.708     23  0.00
  282  282     5   0   0   0   0   0   0   0   0   5  11   0   0   5  16  42   0  11   0   5     0    0    0   1.749     58  0.00
  283  283     6  17   0   0   0   0   0   6   0  72   0   0   0   0   0   0   0   0   0   0     0    0    0   0.855     28  0.00
  284  284     0  89   0   0   6   0   0   0   0   6   0   0   0   0   0   0   0   0   0   0     0    0    0   0.426     14  0.00
  285  285     0   6   0   0   0   0   0   0   6  89   0   0   0   0   0   0   0   0   0   0     0    0    0   0.426     14  0.00
  286  286     0   0   0   0   0   0  94   0   0   0   0   0   0   0   6   0   0   0   0   0     0    0    0   0.215      7  0.00
  287  287     0 100   0   0   0   0   0   0   0   0   0   0   0   0   0   0   0   0   0   0     0    0    0   0.000      0  0.00
  288  288     0   0   0   0   0   0   5   0  11   0   0   0  58   5  16   0   0   0   0   5     0    0    0   1.310     43  0.00
  289  289     0   0   0   0   0   0   0   0   0   0   0   0   0  61   6   0   6  17   0  11     0    0    0   1.165     38  0.00
  290  290     0   0   0   0   0   0   0   6   0   0  44   6   0   0   0  17   0   0   6  22     0    0    0   1.475     49  0.00
  291  291     0   0   6   0   0   0   0   6   0   0   0   0   0   0  11   0  44  17   6  11     0    0    0   1.629     54  0.00
  292  292     0   0   0   0   0   0   0   0  12  76   6   0   0   0   0   0   0   0   0   6     0    0    0   0.790     26  0.00
  293  293     6   0   0   0  12   0  59   6   0   0   0   0   0   0   0   0   6   0   0  12     0    0    0   1.316     43  0.00
  294  294     0   0   0   0   0   0   0   6   6   0   0  76   0   0   0   0   0   0  12   0     0    0    0   0.790     26  0.00
  295  295     0   6   0   0  67   0  28   0   0   0   0   0   0   0   0   0   0   0   0   0     0    0    0   0.787     26  0.00
  296  296     0   0   0   0   0   0   0   0   0   0   0   0   0   0   0   0   0   0   5  95     0    0    0   0.199      6  0.00
  297  297     0  15  85   0   0   0   0   0   0   0   0   0   0   0   0   0   0   0   0   0     0    0    0   0.423     14  0.00
  298  298     0   0   0   0   0   0   0   0   0  10   5   0   0   0   5  10   0   5  65   0     0    0    0   1.190     39  0.00
  299  299     0  85   5  10   0   0   0   0   0   0   0   0   0   0   0   0   0   0   0   0     0    0    0   0.518     17  0.00
  300  300    10   0   0   0   0   0   0   0   5   0  55   5   0   0   0   5   0  20   0   0     0    0    0   1.330     44  0.00
  301  301    80   5   0   0   0   0   0   0  15   0   0   0   0   0   0   0   0   0   0   0     0    0    0   0.613     20  0.00
  302  302     0   5   0   0   0   0   0   5  10   0  48   0   0   0  10   0   0  14  10   0     0    0    0   1.593     53  0.00
  303  303    29  67   5   0   0   0   0   0   0   0   0   0   0   0   0   0   0   0   0   0     0    0    0   0.773     25  0.00
  304  304     0   5   0   0   0   0   0   0   0   0   0  10   0   0  14  52   0   0  19   0     0    0    0   1.301     43  0.00
  305  305    10   0   0   0   0   0   0  67   0  10   0   5   0   0   0   0   0   0  10   0     0    0    0   1.087     36  0.00
  306  306     0   0   5   0   0   0   5   0  14   0   0   0   0   5   0   0   0  71   0   0     0    0    0   0.953     31  0.00
  307  307    10   0   0   0   0   0   0  62  10   0   0   0   0   0  10   0   0   5   0   5     0    0    0   1.259     42  0.00
  308  308    11  11   0  50   0  11   0   0   0   0   0   0   0   0   0   6   6   0   0   6     0    0    0   1.561     52  0.00
  309  309    10   0   0   0   0   0   0  19   5   0  57   0   0   0   5   0   0   0   5   0     0    0    0   1.295     43  0.00
  310  310     5   0   0   0   0   0   0   0   0   0   0   0   0   0   0   0  50  35  10   0     0    0    0   1.094     36  0.00
  311  311     0   0   0   0   0   0   0   5  58  16   0   0   0   0   0   5   0   0   5  11     0    0    0   1.310     43  0.00
  312  312     0   5   0   0   0   0   0   5  55   5   5  15   0   5   0   0   0   5   0   0     0    0    0   1.512     50  0.00
  313  313    17   6  11   0   0   0   0   0   0   0   0  61   0   0   6   0   0   0   0   0     0    0    0   1.165     38  0.00
  314  314     6   6  82   0   0   6   0   0   0   0   0   0   0   0   0   0   0   0   0   0     0    0    0   0.660     22  0.00
  315  315     0   0   0   0   0   0   0   6   0   0  18   6  71   0   0   0   0   0   0   0     0    0    0   0.885     29  0.00
  316  316     0   6   0   0   0   0   0   0   0   0   6   0   0   0  61  22   0   0   0   6     0    0    0   1.117     37  0.00
  317  317     0   0   0   0   0   0   0  11   0   0  78  11   0   0   0   0   0   0   0   0     0    0    0   0.684     22  0.00
  318  318     0   0   0   0   0   0   0   0   0   0   6   0   0   0   0   6   0   0  89   0     0    0    0   0.426     14  0.00
  319  319     0   5   0   0  65   0   0   0  15   0   5  10   0   0   0   0   0   0   0   0     0    0    0   1.094     36  0.00
  320  320     0   5   0   0   0   0   0   0   5   0  10   0   0   0   5  71   0   5   0   0     0    0    0   1.044     34  0.00
  321  321     0   0   0   0   0   0  10   0   0   0   5   5   0  48   0   0   5   0  14  14     0    0    0   1.568     52  0.00
  322  322     0  20   0  80   0   0   0   0   0   0   0   0   0   0   0   0   0   0   0   0     0    0    0   0.500     16  0.00
  323  323     0  10   0   0   0   0  67   0   0   0   5   0   0   5   5   0   5   0   0   5     0    0    0   1.219     40  0.00
  324  324     0   0   0   0   0  90  10   0   0   0   0   0   0   0   0   0   0   0   0   0     0    0    0   0.314     10  0.00
  325  325     0   0   0   0   0   0   0   0   0   0  19  71   0   0   5   5   0   0   0   0     0    0    0   0.846     28  0.00
  326  326     5   5  11  42  26   0   0   0   5   5   0   0   0   0   0   0   0   0   0   0     0    0    0   1.572     52  0.00
  327  327     0  52   0   0   5   0   0   5  10  14   0   0   0   0   0   5   0  10   0   0     0    0    0   1.500     50  0.00
  328  328     0   0   0   0   0   0   0   0   0   0   0   0   0   0   0   0  76  10   0  14     0    0    0   0.709     23  0.00
  329  329     9   5   0  18   0   0   0   0   0   0   0   0   0   0   0   0  59   9   0   0     0    0    0   1.197     39  0.00
  330  330     5  68  23   5   0   0   0   0   0   0   0   0   0   0   0   0   0   0   0   0     0    0    0   0.879     29  0.00
  331  331     0   0   0   0   0   0   0   0  50   0   0  50   0   0   0   0   0   0   0   0     0    0    0   0.693     23  0.00
  332  332     0   0   0   0   0   0   9   0   4   0   0   0   0  83   0   0   0   0   4   0     0    0    0   0.643     21  0.00
  333  333     4   4   4   4   0   0   4   0   4   0   0   0   0  74   0   0   0   0   0   0     0    0    0   1.041     34  0.00
  334  334     0   0   0   0   0   0   0   0   4   0  65  30   0   0   0   0   0   0   0   0     0    0    0   0.777     25  0.00
  335  335    73   0   9   0   0   0   0   0   0   0   5   0   0   0   5   5   5   0   0   0     0    0    0   1.012     33  0.00
  336  336     0   0   0   0   0   0   0   0   0   0   4  17   0   0   9   0   0   0  61   9     0    0    0   1.167     38  0.00
  337  337     0   0   0   0   0   0   0  87   0   0   0   0   0   0   0   0   4   9   0   0     0    0    0   0.470     15  0.00
  338  338     5   0   0   0   0   0   0   0   5   0   0   5  85   0   0   0   0   0   0   0     0    0    0   0.588     19  0.00
  339  339     0   0   0   0   0   0   4   0   0   0   4  13   0   0   4   0   4   0  70   0     0    0    0   1.063     35  0.00
  340  340     4  87   9   0   0   0   0   0   0   0   0   0   0   0   0   0   0   0   0   0     0    0    0   0.470     15  0.00
  341  341     4   0   0   0   0   0   4   0   0   0   0   4   0   4  70   0   4   0   9   0     0    0    0   1.146     38  0.00
  342  342     0   0   0   0   0   0   0   0   4  83   0  13   0   0   0   0   0   0   0   0     0    0    0   0.560     18  0.00
  343  343     0   0   0   0   0   0   0 100   0   0   0   0   0   0   0   0   0   0   0   0     0    0    0   0.000      0  0.00
  344  344     0   0   0   0   0   0   0   0   0   0   0   4   0   0   0   0   0   4   0  91     0    0    0   0.356     11  0.00
  345  345    17  78   0   0   4   0   0   0   0   0   0   0   0   0   0   0   0   0   0   0     0    0    0   0.632     21  0.00
  346  346     0  74   0   9  13   0   4   0   0   0   0   0   0   0   0   0   0   0   0   0     0    0    0   0.838     27  0.00
  347  347     0   4   0   0   0   0   0  43  52   0   0   0   0   0   0   0   0   0   0   0     0    0    0   0.838     27  0.00
  348  348     0   0   0   0   0   0   0   0   0   0  96   4   0   0   0   0   0   0   0   0     0    0    0   0.179      5  0.00
  349  349     0   0   0   0   0   0   0 100   0   0   0   0   0   0   0   0   0   0   0   0     0    0    0   0.000      0  0.00
  350  350     0   0   0   0   0   0   0   0   0   0   0 100   0   0   0   0   0   0   0   0     0    0    0   0.000      0  0.00
  351  351    23   5  68   0   0   0   0   0   0   5   0   0   0   0   0   0   0   0   0   0     0    0    0   0.879     29  0.00
  352  352     0   0   0   0   0   0   0   5   0   5  90   0   0   0   0   0   0   0   0   0     0    0    0   0.381     12  0.00
  353  353     0   0   0   0   0   0   0  95   0   0   0   5   0   0   0   0   0   0   0   0     0    0    0   0.191      6  0.00
  354  354     0   0   0   0   0   0   0   5   5  29  38   0  10   0   0  10   0   5   0   0     0    0    0   1.608     53  0.00
  355  355     0   0   0   0   0   0   0   0   0   0   0  19   5   0   0   0   0  38   0  38     0    0    0   1.196     39  0.00
  356  356     0   0   0   0   0   0   0  10   0  71   0   0   0   0   0   0   0  10  10   0     0    0    0   0.912     30  0.00
  357  357     0   5   0   5   0   0   0  10   0   0   0   0   0   0   5   0  10  57   0  10     0    0    0   1.427     47  0.00
  358  358     0   0   0   0   0   0   0   0   5   0  57  10   0   5   0   0   5   5  10   5     0    0    0   1.493     49  0.00
  359  359     5   0   5   0  62   0  14   0   0   0   0   0   0   0   5   0   0  10   0   0     0    0    0   1.234     41  0.00
  360  360     0   0   0   0   0   0   0  95   0   5   0   0   0   0   0   0   0   0   0   0     0    0    0   0.191      6  0.00
  361  361     0   0   0   0   0   0   0   5   0   0  81   0   5   0   0  10   0   0   0   0     0    0    0   0.685     22  0.00
  362  362     0  25   0  55  10   5   0   0   0   0   5   0   0   0   0   0   0   0   0   0     0    0    0   1.205     40  0.00
  363  363     0 100   0   0   0   0   0   0   0   0   0   0   0   0   0   0   0   0   0   0     0    0    0   0.000      0  0.00
  364  364     0   0   0   0   0   0   0   0   0   0   0   0   0   5   0  10   0  86   0   0     0    0    0   0.501     16  0.00
  365  365     0  79   5   0   0   0   0   0   0   0   0   0   0   0   0   0  11   0   0   5     0    0    0   0.734     24  0.00
  366  366     0   0   0   0   0   0   0   5   0   0  63  26   5   0   0   0   0   0   0   0     0    0    0   0.951     31  0.00
  367  367     0   0   0   0   0  88   0   0   6   0   0   0   0   0   0   0   0   0   0   6     0    0    0   0.444     14  0.00
  368  368     5   0   0   0   0   0   0   5   0   0   0   0   0   0  11  58   0   0  21   0     0    0    0   1.191     39  0.00
  369  369     5   0   0   0   0   0   0  95   0   0   0   0   0   0   0   0   0   0   0   0     0    0    0   0.206      6  0.00
  370  370     0   0   0   0   0   0   0   0   5   0   5  63   0   0   5  16   5   0   0   0     0    0    0   1.202     40  0.00
  371  371     0   5   0   0   0   0   0   0   0   0   0   0   0   0   0  74   5   0  11   5     0    0    0   0.927     30  0.00
  372  372     0   0   0   0   0   0   0   0  42  37   0  11   0   0   0   0   5   5   0   0     0    0    0   1.279     42  0.00
  373  373    16  16  68   0   0   0   0   0   0   0   0   0   0   0   0   0   0   0   0   0     0    0    0   0.843     28  0.00
  374  374     0   0   0   0   0   0   0   0   0   5   5   0   0   0   0  11   5  16   0  58     0    0    0   1.310     43  0.00
  375  375    50  50   0   0   0   0   0   0   0   0   0   0   0   0   0   0   0   0   0   0     0    0    0   0.693     23  0.00
  376  376     0   0   0   0   0   0   0  61  17  17   0   0   0   0   0   0   0   6   0   0     0    0    0   1.059     35  0.00
  377  377     0   5   0   0   0   0   0  11   0   0  11   0   0   0   0   0  42   0  21  11     0    0    0   1.558     52  0.00
  378  378     0   0   0   0   0   0   0 100   0   0   0   0   0   0   0   0   0   0   0   0     0    0    0   0.000      0  0.00
  379  379     0   0   0   0   0   0   0   0   0   0  11   5   0   0   0  11  53  21   0   0     0    0    0   1.295     43  0.00
  380  380     0   0   6   0   0   0   0   0   0   0   6  78   0   0   0   0   0  11   0   0     0    0    0   0.761     25  0.00
  381  381     0   0   0   0   0   0   0   0   0   0   0   0   0   0  95   0   5   0   0   0     0    0    0   0.206      6  0.00
  382  382     0  11   0   0   0   0   0   0   0   0   0  61   0   0   6  22   0   0   0   0     0    0    0   1.040     34  0.00
  383  383     0   0   0   0 100   0   0   0   0   0   0   0   0   0   0   0   0   0   0   0     0    0    0   0.000      0  0.00
  384  384     0 100   0   0   0   0   0   0   0   0   0   0   0   0   0   0   0   0   0   0     0    0    0   0.000      0  0.00
  385  385     0  56   0   0   0   0   0   0   0   0   0   0   0   0   0  11   6  28   0   0     0    0    0   1.087     36  0.00
  386  386     0   0   0   0   0   0   0   0   0   0   0   0   0   0   0   0   0   0   0 100     0    0    0   0.000      0  0.00
  387  387     0   0   0   0   6   0   0  94   0   0   0   0   0   0   0   0   0   0   0   0     0    0    0   0.215      7  0.00
  388  388     0   0   0   0   0   0   0   0   0   0   0   0   0   0   0   0   0   0   0 100     0    0    0   0.000      0  0.00
  389  389     6   0   0   0   0   0   0   0   0   0   0  11   0   0   0   0   6  78   0   0     0    0    0   0.761     25  0.00
  390  390   100   0   0   0   0   0   0   0   0   0   0   0   0   0   0   0   0   0   0   0     0    0    0   0.000      0  0.00
  391  391     0   0  83   0   0   0   0   0   0   0   0  11   0   0   0   0   0   0   6   0     0    0    0   0.557     18  0.00
  392  392     0  28  67   0   6   0   0   0   0   0   0   0   0   0   0   0   0   0   0   0     0    0    0   0.787     26  0.00
  393  393     0   0   0   0   0   0   0   0   0   0  17  61   0   0  22   0   0   0   0   0     0    0    0   0.934     31  0.00
  394  394     0   0   0   0   0   0   0  89  11   0   0   0   0   0   0   0   0   0   0   0     0    0    0   0.349     11  0.00
  395  395    12   0   0  12   0   6  12   0   0   0   0   0   0  53   6   0   0   0   0   0     0    0    0   1.425     47  0.00
  396  396     0   0   0   0   0   0   0   0  18   0   0   0  82   0   0   0   0   0   0   0     0    0    0   0.466     15  0.00
  397  397     0   0   0   0   0   0   0  12   0   6   0   0   0   0   0  12  59  12   0   0     0    0    0   1.234     41  0.00
  398  398     0   0   0   0   0   0   0  71   0   0   0  12   0   0   6  12   0   0   0   0     0    0    0   0.916     30  0.00
  399  399     0   0   0   0   0   0   0   0   0   0   0   0   0   0   0   0   0  18  12  71     0    0    0   0.804     26  0.00
  400  400     0   0   0   0   0   0   0 100   0   0   0   0   0   0   0   0   0   0   0   0     0    0    0   0.000      0  0.00
  401  401    12   6   0   0   0   0  65   0   0   0   0   0   0   6   0   0   0   0  12   0     0    0    0   1.119     37  0.00
  402  402     0   0   0   0   0   0  12   0   0   0   6   0   0   0  76   0   0   0   6   0     0    0    0   0.790     26  0.00
  403  403    71   0  29   0   0   0   0   0   0   0   0   0   0   0   0   0   0   0   0   0     0    0    0   0.606     20  0.00
  404  404     0   0   0   0   0   0   0 100   0   0   0   0   0   0   0   0   0   0   0   0     0    0    0   0.000      0  0.00
  405  405     0   6   0   0  94   0   0   0   0   0   0   0   0   0   0   0   0   0   0   0     0    0    0   0.224      7  0.00
  406  406     0   0   0   0   0   0   0 100   0   0   0   0   0   0   0   0   0   0   0   0     0    0    0   0.000      0  0.00
  407  407     0   0   0   0   0   0   0   0   0   0   0   6   0   0   0   0  59  24   0  12     0    0    0   1.071     35  0.00
  408  408     6   0   0   0   0   0   0   0   0   0   0   0  94   0   0   0   0   0   0   0     0    0    0   0.224      7  0.00
  409  409     6   0   0   0   0   0   0   0  71   0   0  12   0   0  12   0   0   0   0   0     0    0    0   0.916     30  0.00
  410  410     0   0   0   0   0   0   0 100   0   0   0   0   0   0   0   0   0   0   0   0     0    0    0   0.000      0  0.00
  411  411     0   0   0   0   0   0   0   0   0   0   0  12   0   0   6  76   6   0   0   0     0    0    0   0.790     26  0.00
  412  412    82   0  18   0   0   0   0   0   0   0   0   0   0   0   0   0   0   0   0   0     0    0    0   0.466     15  0.00
  413  413    12  88   0   0   0   0   0   0   0   0   0   0   0   0   0   0   0   0   0   0     0    0    0   0.362     12  0.00
  414  414     0   0   0   0   0   0   0   0   6  94   0   0   0   0   0   0   0   0   0   0     0    0    0   0.234      7  0.00
  415  415     0   0   0   0   0   0   0   0  93   0   7   0   0   0   0   0   0   0   0   0     0    0    0   0.257      8  0.00
  416  416     0 100   0   0   0   0   0   0   0   0   0   0   0   0   0   0   0   0   0   0     0    0    0   0.000      0  0.00
//
