ID Pseudo hssp file.
SEQ 
SEQ gi|6325451|ref|NP_015519.1| Histone acetyltransferase; Hpa2p [Sa...   290  5e-78
SEQ gi|6730554|pdb|1QSO|A Chain A, Histone Acetyltransferase Hpa2 Fr...   290  7e-78
SEQ gi|6730553|pdb|1QSM|D Chain D, Histone Acetyltransferase Hpa2 Fr...   289  1e-77
SEQ gi|6320768|ref|NP_010848.1| histone acetyltransferase complex su...   167  6e-41
SEQ gi|11350865|pir||G83124 probable acetyltransferase PA4166 [impor...    96  2e-19
SEQ gi|11350866|pir||C82966 probable acetyltransferase PA5432 [impor...    88  6e-17
SEQ gi|13476180|ref|NP_107750.1| similar to acetyltransferase [Mesor...    84  1e-15
SEQ gi|13473378|ref|NP_104945.1| Acetyltransferase [Mesorhizobium lo...    80  2e-14
SEQ gi|2271496|gb|AAC27103.1| (AF009672) unknown [Acinetobacter sp. ...    65  4e-10
SEQ gi|1766060|gb|AAB39944.1| (U82217) putative acetyltransferase [S...    45  7e-04
SEQ gi|1766062|gb|AAB39945.1| (U82218) Ats1 [Schizosaccharomyces pom...    45  7e-04
SEQ 
## SEQUENCE PROFILE AND ENTROPY
 SeqNo PDBNo   V   L   I   M   F   W   Y   G   A   P   S   T   C   H   R   K   Q   E   N   D  NOCC NDEL NINS ENTROPY RELENT WEIGHT
    1    1     0   0   0   0   0   0   0   0   0   0  33   0   0   0   0   0   0   0  67   0     0    0    0   0.637     21  0.00
    2    2    11  11  78   0   0   0   0   0   0   0   0   0   0   0   0   0   0   0   0   0     0    0    0   0.684     22  0.00
    3    3    11   0  22   0   0   0   0   0   0   0  11  44   0   0   0   0  11   0   0   0     0    0    0   1.427     47  0.00
    4    4    89   0  11   0   0   0   0   0   0   0   0   0   0   0   0   0   0   0   0   0     0    0    0   0.349     11  0.00
    5    5     0   0   0   0   0   0   0   0   0   0   0   0   0   0  89  11   0   0   0   0     0    0    0   0.349     11  0.00
    6    6     0   0   0   0  44   0   0   0  11  44   0   0   0   0   0   0   0   0   0   0     0    0    0   0.965     32  0.00
    7    7    80  10  10   0   0   0   0   0   0   0   0   0   0   0   0   0   0   0   0   0     0    0    0   0.639     21  0.00
    8    8     0   0   0   0   0   0   0  10  20   0   0  60   0   0   0   0   0  10   0   0     0    0    0   1.089     36  0.00
    9    9     0   0   0   0   0   0   0   0  10  10   0   0   0  10  10   0  20  40   0   0     0    0    0   1.609     53  0.00
   10   10     0   0   0   0   0   0   0  10   0   0  10   0   0   0   0  10  10  20  40   0     0    0    0   1.609     53  0.00
   11   11     0   0   0   0   0   0   0   0   0   0   0   0   0   0   0   0   0   0   0 100     0    0    0   0.000      0  0.00
   12   12     0   0   0   0  20   0  10   0   0   0   0   0   0  20   0  40   0  10   0   0     0    0    0   1.471     49  0.00
   13   13     0   0   0   0   0   0   0   0  20   0  10   0   0   0   0   0   0  60   0  10     0    0    0   1.089     36  0.00
   14   14     0   0   0   0   0   0   0  40  20   0   0   0   0   0  10   0  20   0   0  10     0    0    0   1.471     49  0.00
   15   15     0   0   0   0   0 100   0   0   0   0   0   0   0   0   0   0   0   0   0   0     0    0    0   0.000      0  0.00
   16   16     0  30   0   0   0   0  10   0   0   0   0   0   0   0   0  10  40   0  10   0     0    0    0   1.418     47  0.00
   17   17     0   0   0   0   0   0   0   0   0  20   0  10   0   0  50  10   0  10   0   0     0    0    0   1.359     45  0.00
   18   18     0  80   0   0   0   0  20   0   0   0   0   0   0   0   0   0   0   0   0   0     0    0    0   0.500     16  0.00
   19   19     0   0   0   0   0 100   0   0   0   0   0   0   0   0   0   0   0   0   0   0     0    0    0   0.000      0  0.00
   20   20     0  10   0   0   0   0   0   0   0   0   0  10   0   0   0  60   0  10   0  10     0    0    0   1.228     40  0.00
   21   21     0   0   0   0   0   0   0  30  10   0  40   0   0   0   0   0   0  10   0  10     0    0    0   1.418     47  0.00
   22   22     0   0   0   0   0   0 100   0   0   0   0   0   0   0   0   0   0   0   0   0     0    0    0   0.000      0  0.00
   23   23     0  10   0   0   0   0   0   0   0   0   0   0   0   0   0   0  80   0  10   0     0    0    0   0.639     21  0.00
   24   24     0   0   0   0   0   0   0  10  20   0   0  10   0   0  10   0   0   0  10  40     0    0    0   1.609     53  0.00
   25   25     0   0   0   0 100   0   0   0   0   0   0   0   0   0   0   0   0   0   0   0     0    0    0   0.000      0  0.00
   26   26     0   0   0   0   0   0  90   0   0   0   0   0   0   0   0   0  10   0   0   0     0    0    0   0.325     10  0.00
   27   27     0   0   0   0   0   0   0   0   0   0   0   0   0   0   0  30   0  70   0   0     0    0    0   0.611     20  0.00
   28   28    60   0   0   0   0   0   0   0   0   0   0  40   0   0   0   0   0   0   0   0     0    0    0   0.673     22  0.00
   29   29    10   0  10   0   0   0   0   0  10   0  40   0   0   0   0  10   0  20   0   0     0    0    0   1.609     53  0.00
   30   30     0  40  10  10  40   0   0   0   0   0   0   0   0   0   0   0   0   0   0   0     0    0    0   1.194     39  0.00
   31   31     0   0   0   0   0   0   0   0  20  60  10  10   0   0   0   0   0   0   0   0     0    0    0   1.089     36  0.00
   32   32     0   0   0   0   0   0   0   0  20  10  10   0   0   0   0   0   0  20   0  40     0    0    0   1.471     49  0.00
   33   33     0   0   0   0   0   0   0   0  10   0   0   0   0   0   0   0  10  40   0  40     0    0    0   1.194     39  0.00
   34   34    20  40  20   0   0   0   0   0  10   0   0  10   0   0   0   0   0   0   0   0     0    0    0   1.471     49  0.00
   35   35     0   0   0   0   0   0  10   0  10   0  10  30   0   0   0   0   0   0   0  40     0    0    0   1.418     47  0.00
   36   36     0   0   0   0   0   0   0   0  20   0   0  10   0   0   0   0  10  10   0  50     0    0    0   1.359     45  0.00
   37   37    10   0   0  10  40   0   0   0  20   0   0  20   0   0   0   0   0   0   0   0     0    0    0   1.471     49  0.00
   38   38     0   0   0   0   0   0   0   0   0   0   0  60   0   0   0   0   0   0  40   0     0    0    0   0.673     22  0.00
   39   39     0   0   0   0  50  50   0   0   0   0   0   0   0   0   0   0   0   0   0   0     0    0    0   0.693     23  0.00
   40   40     0   0   0   0   0   0   0  40  10   0  10   0   0   0  10  10  20   0   0   0     0    0    0   1.609     53  0.00
   41   41     0   0   0   0   0   0   0   0   0   0   0   0   0   0 100   0   0   0   0   0     0    0    0   0.000      0  0.00
   42   42     0   8   0   0  92   0   0   0   0   0   0   0   0   0   0   0   0   0   0   0     0    0    0   0.287      9  0.00
   43   43     0  42  25   0  33   0   0   0   0   0   0   0   0   0   0   0   0   0   0   0     0    0    0   1.078     35  0.00
   44   44     0   0   0   0   0   0   0   0   0   0   0   8   0   0   0   0   0   0   0  92     0    0    0   0.287      9  0.00
   45   45     0   0   0   0   0   0   0   0  25  42   0   0   0   0   0   0   0  25   0   8     0    0    0   1.265     42  0.00
   46   46    17   0   0   0   0   0   8  17   0   0   8   8   0   0   0   0   0   0  33   8     0    0    0   1.792     59  0.00
   47   47     9   0  36   0   0   0   0   0   0   0   0  18   0   0   0   0   0  36   0   0     0    0    0   1.264     42  0.00
   48   48     0   0   0   0   0   0   0   0   0  50   0   0   0   0   0  42   0   8   0   0     0    0    0   0.918     30  0.00
   49   49    33   8   0  50   8   0   0   0   0   0   0   0   0   0   0   0   0   0   0   0     0    0    0   1.127     37  0.00
   50   50     0   0   0   0   8  42   0   0  17   0   0   0   0  17   0   0   0   8   8   0     0    0    0   1.583     52  0.00
   51   51     0   0   0   0   0   0  17   8  50   8   0   0  17   0   0   0   0   0   0   0     0    0    0   1.358     45  0.00
   52   52     0   8   0   0   0   0   0  17  67   0   0   0   0   0   0   8   0   0   0   0     0    0    0   0.983     32  0.00
   53   53    75  17   0   0   0   0   0   8   0   0   0   0   0   0   0   0   0   0   0   0     0    0    0   0.721     24  0.00
   54   54     0   0   0   0  25   0   0   0  75   0   0   0   0   0   0   0   0   0   0   0     0    0    0   0.562     18  0.00
   55   55    44   0  33   0  11   0   0   0   0   0  11   0   0   0   0   0   0   0   0   0     0    0    0   1.215     40  0.00
   56   56     0   0   0   0   0   0   0   0  11   0   0   0   0   0   0   0   0  67   0  22     0    0    0   0.849     28  0.00
   57   57     0   0   0   0   0   8   0   8   0   0  33  17   0   0   0   8   0  25   0   0     0    0    0   1.633     54  0.00
   58   58     0  17   0   0   0   0   0   0   0   0  50   0   0   0   0   8   0   8  17   0     0    0    0   1.358     45  0.00
   59   59     0   0   0   0   0   0   0   9   0   0  36   9   0   0   0   0   9   0   0  36     0    0    0   1.390     46  0.00
   60   60     0   0   0   0   0   0   0  27   0   0   0   0   0   0   0   0  18  55   0   0     0    0    0   0.995     33  0.00
   61   61     0   0   0   0   0   0   0   0   0  17   0   0   0   0  17  42  17   0   0   8     0    0    0   1.468     48  0.00
   62   62    10  20  40   0   0   0   0   0  30   0   0   0   0   0   0   0   0   0   0   0     0    0    0   1.280     42  0.00
   63   63    17  17  42   0   0   0   0   0  17   0   0   0   0   8   0   0   0   0   0   0     0    0    0   1.468     48  0.00
   64   64     0   0   0   0   0   0   0 100   0   0   0   0   0   0   0   0   0   0   0   0     0    0    0   0.000      0  0.00
   65   65     0  25   8  50  17   0   0   0   0   0   0   0   0   0   0   0   0   0   0   0     0    0    0   1.199     40  0.00
   66   66    33   0  33   0   0   0   0   0  25   0   0   8   0   0   0   0   0   0   0   0     0    0    0   1.286     42  0.00
   67   67     0   0  17   0   0   0   0   0   0   0   0   0   0  42   0   0   0   0  42   0     0    0    0   1.028     34  0.00
   68   68     0   0   0   0  42   8  50   0   0   0   0   0   0   0   0   0   0   0   0   0     0    0    0   0.918     30  0.00
   69   69     8  33   8   0  50   0   0   0   0   0   0   0   0   0   0   0   0   0   0   0     0    0    0   1.127     37  0.00
   70   70     0  17   0   0  17   0  25   0   0   0   0   0   0   0   0   0   0   0  42   0     0    0    0   1.309     43  0.00
   71   71     0   0   0   0   0   0   0   0   0   0   0   8   0  75   0   0   0   0  17   0     0    0    0   0.721     24  0.00
   72   72     0   8   0  33  17   0   0   0   8   0   0   0   0   0  33   0   0   0   0   0     0    0    0   1.445     48  0.00
   73   73     0   0   0   0   0   0   0   0   0   0  50  42   0   0   8   0   0   0   0   0     0    0    0   0.918     30  0.00
   74   74     0   0   0   0   0   0   0   8   0   8   8  67   8   0   0   0   0   0   0   0     0    0    0   1.099     36  0.00
   75   75     0   0   0   0   0  83   0   8   0   0   0   8   0   0   0   0   0   0   0   0     0    0    0   0.566     18  0.00
   76   76     0   0   0   0   0   0   0   0  17   0   8  25   0  17   0   0   0   0   0  33     0    0    0   1.517     50  0.00
   77   77    17   0   8   0  33   0   0   0   8   0  17   0   0   0   8   0   0   8   0   0     0    0    0   1.792     59  0.00
   78   78     0   0   0   0   0   0   0   8   8   0   0   8   0   0  25  33   8   8   0   0     0    0    0   1.748     58  0.00
   79   79    17   0   8   0   0   0   0   0   0   8   0   0   0   0   0   0   0   8   8  50     0    0    0   1.474     49  0.00
   80   80    17   0   8   0   0   0   8  17   0   0   0   0   0   0   0  33   0   0  17   0     0    0    0   1.676     55  0.00
   81   81    17   0  50   0   0   0   0   0   0   0   0   0  33   0   0   0   0   0   0   0     0    0    0   1.011     33  0.00
   82   82     0   0   8   0   0   0  92   0   0   0   0   0   0   0   0   0   0   0   0   0     0    0    0   0.287      9  0.00
   83   83     0  58  33   8   0   0   0   0   0   0   0   0   0   0   0   0   0   0   0   0     0    0    0   0.888     29  0.00
   84   84     0   0   0   0   0   0   0   0   0   0   0   0   0   0   0   0  25  33  42   0     0    0    0   1.078     35  0.00
   85   85     0   0   0   0   0   0   0   0   0   0   0   0   0   0   0   0   0   0   0 100     0    0    0   0.000      0  0.00
   86   86     0 100   0   0   0   0   0   0   0   0   0   0   0   0   0   0   0   0   0   0     0    0    0   0.000      0  0.00
   87   87     0   0   0   0  25   0  75   0   0   0   0   0   0   0   0   0   0   0   0   0     0    0    0   0.562     18  0.00
   88   88    83   0   0   0   0   0   0   0   8   0   0   8   0   0   0   0   0   0   0   0     0    0    0   0.566     18  0.00
   89   89     0   0   0   0   0   0   0   0   8   0  17  17   0   0  17   0   0   0   0  42     0    0    0   1.468     48  0.00
   90   90     0   0   0   0   0   0   0   0   0  42   0   0   0   0   0   0   0  58   0   0     0    0    0   0.679     22  0.00
   91   91     0   0   0   0   0   0   0   8   8   0   0   0   0   0   8   0  17   0  33  25     0    0    0   1.633     54  0.00
   92   92    17   8   0   0  17   0   0   0   8   0  42   0   8   0   0   0   0   0   0   0     0    0    0   1.583     52  0.00
   93   93     0   0   0   0   0   0   0   0   0   0   0   0   0   0 100   0   0   0   0   0     0    0    0   0.000      0  0.00
   94   94    42   0   0   0   0   0   0  58   0   0   0   0   0   0   0   0   0   0   0   0     0    0    0   0.679     22  0.00
   95   95     0   0   0   0   0   0   0   0   0   0   0   0   0   0   0  75  17   8   0   0     0    0    0   0.721     24  0.00
   96   96     0   0   0   0   0   0   0  83   0   0   0   0   0   8   0   0   8   0   0   0     0    0    0   0.566     18  0.00
   97   97    17   0  33   0   0   0  17   0  33   0   0   0   0   0   0   0   0   0   0   0     0    0    0   1.330     44  0.00
   98   98     0   0   0   0   0   0   0 100   0   0   0   0   0   0   0   0   0   0   0   0     0    0    0   0.000      0  0.00
   99   99     0   0   0   0   0   0   0  33   8   0  17   0   0   0  25  17   0   0   0   0     0    0    0   1.517     50  0.00
  100  100     0   0   0   0   0   0  17   0  17   0   8   0   0   0   8  42   8   0   0   0     0    0    0   1.583     52  0.00
  101  101     0 100   0   0   0   0   0   0   0   0   0   0   0   0   0   0   0   0   0   0     0    0    0   0.000      0  0.00
  102  102     0  17  83   0   0   0   0   0   0   0   0   0   0   0   0   0   0   0   0   0     0    0    0   0.451     15  0.00
  103  103     0   0   0   0   0   0   0   0   0   0  17   0   0   0   0   0  33  42   8   0     0    0    0   1.237     41  0.00
  104  104     0   0   0   0  42   0  33   8   8   0   0   0   0   8   0   0   0   0   0   0     0    0    0   1.352     45  0.00
  105  105    83  17   0   0   0   0   0   0   0   0   0   0   0   0   0   0   0   0   0   0     0    0    0   0.451     15  0.00
  106  106     0   0   0   0   0   0  58   0  17   0   0   0   0   0   8   8   8   0   0   0     0    0    0   1.234     41  0.00
  107  107     0   0   0   0   0   0   0   0   8   0   8   0   0   0  25   0  17   8   0  33     0    0    0   1.633     54  0.00
  108  108     0   0   0   0   0   0   0   0   0   0   0   0   0   0  17   0  17  67   0   0     0    0    0   0.868     28  0.00
  109  109     0   0   0   0   0   0   0   0  83   0  17   0   0   0   0   0   0   0   0   0     0    0    0   0.451     15  0.00
  110  110     0  17   0   0   0   0   0   8   8   0   0   0   0   0   0   8   8   8   0  42     0    0    0   1.699     56  0.00
  111  111     0   0   0   0   0   0   0   0  17   0   0   8   0   0  17  42   0  17   0   0     0    0    0   1.468     48  0.00
  112  112     0  42  25   0   0   0   0   0  17   0   0   0   0   0   8   0   8   0   0   0     0    0    0   1.424     47  0.00
  113  113     0   0   0   0   0   0   0  83   0   0   0   0   0   8   8   0   0   0   0   0     0    0    0   0.566     18  0.00
  114  114     8   0   0   0   0   0   0  17   8   0   8  42  17   0   0   0   0   0   0   0     0    0    0   1.583     52  0.00
  115  115     0   0   0   0   0   0   0   8   8  42   8   8   0   0  17   8   0   0   0   0     0    0    0   1.699     56  0.00
  116  116     0   0   0   0   0   0   0   0   8   0  33   0   0   0  50   0   0   0   8   0     0    0    0   1.127     37  0.00
  117  117    67  33   0   0   0   0   0   0   0   0   0   0   0   0   0   0   0   0   0   0     0    0    0   0.637     21  0.00
  118  118     0   0   0   0   0   0  75   0   0   0   0   0   0   8   0   0   0   0   0  17     0    0    0   0.721     24  0.00
  119  119     0   0   0   0   0 100   0   0   0   0   0   0   0   0   0   0   0   0   0   0     0    0    0   0.000      0  0.00
  120  120    25  17   0   8   0   0   0   0   0   0   0   0  33  17   0   0   0   0   0   0     0    0    0   1.517     50  0.00
  121  121    17   0   0   0   0   0   0   0   0   0   0  83   0   0   0   0   0   0   0   0     0    0    0   0.451     15  0.00
  122  122     0  17   0   0   0   0   0   0   0   0   0   0   0  25   0   0  17   0   0  42     0    0    0   1.309     43  0.00
  123  123     0   0   0   0   0   0   0   0   0   0   0   0   0   8   0   0   0  75   0  17     0    0    0   0.721     24  0.00
  124  124     0   0   0   0   0  17   8   0   0   0  50  17   0   0   0   0   0   0   8   0     0    0    0   1.358     45  0.00
  125  125     0   0   0   0   0   0   0   0   0   0   0   0   0   0   0   0   0   0 100   0     0    0    0   0.000      0  0.00
  126  126     0   8   0   0   0   0   0   0   8   0   8   0   0  50   0   0  25   0   0   0     0    0    0   1.314     43  0.00
  127  127     0   0   0   0   0   0   0   0   0   0   0  25   0   0  67   0   0   0   0   8     0    0    0   0.824     27  0.00
  128  128     0   0   0   0   0   0   0   0 100   0   0   0   0   0   0   0   0   0   0   0     0    0    0   0.000      0  0.00
  129  129     0   0  17  17   0   0   0   0   0   0   0   0   0   0   8   0  58   0   0   0     0    0    0   1.119     37  0.00
  130  130     0  42   0   0   0   0   0   0   0   0   0   0   0   0   8  33   0  17   0   0     0    0    0   1.237     41  0.00
  131  131    17  83   0   0   0   0   0   0   0   0   0   0   0   0   0   0   0   0   0   0     0    0    0   0.451     15  0.00
  132  132     0   0   0   0   0   0 100   0   0   0   0   0   0   0   0   0   0   0   0   0     0    0    0   0.000      0  0.00
  133  133    33   0   0   0   0   0   0   0   0   0   0   8   0   0   0   0   0  25   8  25     0    0    0   1.474     49  0.00
  134  134     0   0   0   0   0  17   0   0   0   0   0   0   0   8   8  67   0   0   0   0     0    0    0   0.983     32  0.00
  135  135    75   0   8   0   0   0   0   0  17   0   0   0   0   0   0   0   0   0   0   0     0    0    0   0.721     24  0.00
  136  136     0   0   0   0   0   0   0  58  42   0   0   0   0   0   0   0   0   0   0   0     0    0    0   0.679     22  0.00
  137  137     0   0   0   0   0   0  50   0   0   0   0   0   0   0  10   0   0  20   0  20     0    0    0   1.221     40  0.00
  138  138     0   0   0   0   0   0   0   0   0   0   0   0   0   0  20  80   0   0   0   0     0    0    0   0.500     16  0.00
  139  139     0   0   0   0   0   0   0   0  40  10  30  20   0   0   0   0   0   0   0   0     0    0    0   1.280     42  0.00
  140  140     0   0   0   0   0   0   0  40   0  40   0   0   0   0   0   0   0  10   0  10     0    0    0   1.194     39  0.00
  141  141    10   0   0  10  30   0   0   0   0   0   0   0   0   0   0  50   0   0   0   0     0    0    0   1.168     38  0.00
  142  142    20  10  70   0   0   0   0   0   0   0   0   0   0   0   0   0   0   0   0   0     0    0    0   0.802     26  0.00
  143  143    10  50   0   0   0   0   0   0   0   0   0   0   0   0   0   0  20  20   0   0     0    0    0   1.221     40  0.00
  144  144     0   0   0   0   0   0 100   0   0   0   0   0   0   0   0   0   0   0   0   0     0    0    0   0.000      0  0.00
  145  145     0   0   0   0   0   0   0   0   0   0   0   0   0   0  44  56   0   0   0   0     0    0    0   0.687     22  0.00
  146  146     0   0   0   0   0   0   0   0   0   0   0   0   0   0  86  14   0   0   0   0     0    0    0   0.410     13  0.00
  147  147     0   0   0   0   0   0   0   0   0   0   0   0   0   0   0  80   0   0  20   0     0    0    0   0.500     16  0.00
  148  148     0   0   0   0   0   0   0 100   0   0   0   0   0   0   0   0   0   0   0   0     0    0    0   0.000      0  0.00
  149  149     0   0   0   0   0   0 100   0   0   0   0   0   0   0   0   0   0   0   0   0     0    0    0   0.000      0  0.00
//
