ID Pseudo hssp file.
SEQ 
SEQ gi|1245146|gb|AAB01099.1| (U47321) HAT A1 [Tetrahymena thermophila]   317  6e-86
SEQ gi|5822577|pdb|5GCN|A Chain A, Catalytic Domain Of Tetrahymena G...   310  1e-83
SEQ gi|6137608|pdb|1QSR|A Chain A, Crystal Structure Of Tetrahymena ...   309  1e-83
SEQ gi|6137609|pdb|1QST|A Chain A, Crystal Structure Of Tetrahymena ...   309  2e-83
SEQ gi|5031520|gb|AAD38202.1|AF155929_1 (AF155929) histone acetyltra...   200  1e-50
SEQ gi|6856566|gb|AAF29981.1|AF197953_1 (AF197953) histone acetyltra...   200  1e-50
SEQ gi|6321691|ref|NP_011768.1| histone acetyltransferase; Gcn5p [Sa...   184  7e-46
SEQ gi|5822444|pdb|1YGH|A Chain A, Hat Domain Of Gcn5 From Saccharom...   182  2e-45
SEQ gi|7493486|pir||T37933 transcription activator GCN5 homolog - fi...   181  6e-45
SEQ gi|7428978|pir||S71789 GCN5 protein - human >gi|1491935|gb|AAC50...   177  1e-43
SEQ gi|1911495|gb|AAB50690.1| hGCN5=transcriptional adaptor [human, ...   177  1e-43
SEQ gi|10835101|ref|NP_066564.1| GCN5 (general control of amino-acid...   177  1e-43
SEQ gi|11426183|ref|XP_008402.1| GCN5 (general control of amino-acid...   177  1e-43
SEQ gi|14317908|dbj|BAB59137.1| (AB052158) GCN5 [Gallus gallus]           175  3e-43
SEQ gi|9910238|ref|NP_064388.1| general control of amino acid synthe...   175  4e-43
SEQ gi|13591696|gb|AAK31318.1|AF338768_1 (AF338768) histone acetyltr...   174  6e-43
SEQ gi|7331970|gb|AAF60658.1| (AC024791) contains similarity to Pfam...   171  7e-42
SEQ gi|14317910|dbj|BAB59138.1| (AB052159) PCAF [Gallus gallus]           170  9e-42
SEQ gi|6382076|ref|NP_003875.2| p300/CBP-associated factor; CREBBP-a...   168  3e-41
SEQ gi|7428977|pir||S71788 P/CAF protein - human                          168  3e-41
SEQ gi|12729052|ref|XP_010914.1| p300/CBP-associated factor [Homo sa...   168  3e-41
SEQ gi|2707336|gb|AAB92257.1| (AF037442) histone acetyltransferase [...   168  4e-41
SEQ gi|9910480|ref|NP_064389.1| p300/CBP-associated factor [Mus musc...   166  2e-40
SEQ gi|5542194|pdb|1CM0|A Chain A, Crystal Structure Of The PcafCOEN...   166  2e-40
SEQ gi|11357330|pir||T47620 histon acetyltransferase HAT1 - Arabidop...   163  1e-39
SEQ gi|3211728|gb|AAC39102.1| (AF029776) GCN5; HAT [Drosophila melan...   150  1e-35
SEQ gi|7294564|gb|AAF49904.1| (AE003541) Pcaf gene product [Drosophi...   150  1e-35
SEQ gi|2642602|gb|AAB87070.1| (AF031958) GCN5 homolog [Arabidopsis t...   137  1e-31
SEQ gi|1502355|emb|CAA67614.1| (X99228) GCN5 [Saccharomyces cerevisiae]   112  2e-24
SEQ 
## SEQUENCE PROFILE AND ENTROPY
 SeqNo PDBNo   V   L   I   M   F   W   Y   G   A   P   S   T   C   H   R   K   Q   E   N   D  NOCC NDEL NINS ENTROPY RELENT WEIGHT
    1    1     0  40  60   0   0   0   0   0   0   0   0   0   0   0   0   0   0   0   0   0     0    0    0   0.673     22  0.00
    2    2     0   0   0   0   0   0   0   0   0   0  10   0   0   0   0  15   5  45   0  25     0    0    0   1.371     45  0.00
    3    3     0   0   0   0 100   0   0   0   0   0   0   0   0   0   0   0   0   0   0   0     0    0    0   0.000      0  0.00
    4    4    15   0   0   0   0   0   0   0   0   0   0   0  10  30  20   0   0   0   0  25     0    0    0   1.544     51  0.00
    5    5    50   0  25   0   0   0   0   0   0   0   0   0  25   0   0   0   0   0   0   0     0    0    0   1.040     34  0.00
    6    6    37  44   7   0   0   0  11   0   0   0   0   0   0   0   0   0   0   0   0   0     0    0    0   1.165     38  0.00
    7    7     0   0   0   0   0   0   0  26   0   0  15  52   0   0   0   0   0   0   7   0     0    0    0   1.166     38  0.00
    8    8     0   0   0   0   0   0   0   0   0  19   0   0   0   0   0   7   0   0  74   0     0    0    0   0.727     24  0.00
    9    9     0   0   0   0   0   0   0   0   0   7  22   0   0   0   0  19   0   0   0  52     0    0    0   1.180     39  0.00
   10   10     7  22   0   0   0   0   0  19  19   0  11   0   0   0   7   0   4   0   7   4     0    0    0   2.025     67  0.00
   11   11     0   0  11   0   0   0   0   0   0   0   4  30   0   4   0   0   7   0  37   7     0    0    0   1.602     53  0.00
   12   12     0   0   0   0   0   0   0   0   4   7   0   0   0  22  19  15  22   0   0  11     0    0    0   1.823     60  0.00
   13   13     0   7   0   0   0   0   0   0   0   0   0   0   0   0  37  22   7  22   0   4     0    0    0   1.544     51  0.00
   14   14    19   0   0   0   0   0   0   0   0   0   7   7   0  15   4   0   4   0  44   0     0    0    0   1.585     52  0.00
   15   15     7  21   0  50   0   0   0   0   0   0   0   0   0   0   0  18   0   0   4   0     0    0    0   1.292     43  0.00
   16   16     4  25   4  21   0   0   0   0   0   0   0   0   0   0   7  39   0   0   0   0     0    0    0   1.470     49  0.00
   17   17     7  18  18   4   0  32   0   0   0   0   0   0  11  11   0   0   0   0   0   0     0    0    0   1.766     58  0.00
   18   18     0 100   0   0   0   0   0   0   0   0   0   0   0   0   0   0   0   0   0   0     0    0    0   0.000      0  0.00
   19   19    54   7  29   0   0   0   0   0   0   0   0  11   0   0   0   0   0   0   0   0     0    0    0   1.120     37  0.00
   20   20     0   0   0   0   0   0   0  71   0   0   0   7   0   0   0   0   0   4   0  18     0    0    0   0.855     28  0.00
   21   21     7  93   0   0   0   0   0   0   0   0   0   0   0   0   0   0   0   0   0   0     0    0    0   0.257      8  0.00
   22   22     0   0   0   0   0   0   0   0   0   0   0   0   0   0   0  46  54   0   0   0     0    0    0   0.691     23  0.00
   23   23     0   7   0   0   0   0   0   0   0   0   0   0   0   0   0   0   0   0  93   0     0    0    0   0.257      8  0.00
   24   24    50   4  46   0   0   0   0   0   0   0   0   0   0   0   0   0   0   0   0   0     0    0    0   0.822     27  0.00
   25   25     0   0   0   0 100   0   0   0   0   0   0   0   0   0   0   0   0   0   0   0     0    0    0   0.000      0  0.00
   26   26     0   0   0   4   0   0   0   4  18   0  68   0   0   0   0   0   7   0   0   0     0    0    0   0.997     33  0.00
   27   27     0   0   0   0   0   0   7   4   4   0   0   0   0  43  32  11   0   0   0   0     0    0    0   1.394     46  0.00
   28   28     0   0   0   0   0   0   0   0   0   0   0   0   0   0   0   0 100   0   0   0     0    0    0   0.000      0  0.00
   29   29     0 100   0   0   0   0   0   0   0   0   0   0   0   0   0   0   0   0   0   0     0    0    0   0.000      0  0.00
   30   30     0   0   0   0   0   0   0   0   0 100   0   0   0   0   0   0   0   0   0   0     0    0    0   0.000      0  0.00
   31   31     0   0   0   0   0   0   0   0   0   0   0   0   0   0  41  45   0   7   7   0     0    0    0   1.094     36  0.00
   32   32     0   0   0 100   0   0   0   0   0   0   0   0   0   0   0   0   0   0   0   0     0    0    0   0.000      0  0.00
   33   33     0   0   0   0   0   0   0   0   0 100   0   0   0   0   0   0   0   0   0   0     0    0    0   0.000      0  0.00
   34   34     0   0   0   0   0   0   0   0   0   0   0   0   0   0  14  86   0   0   0   0     0    0    0   0.401     13  0.00
   35   35     0   0   0   0   0   0   0   0   0   0   0   0   0   0   0   0   0 100   0   0     0    0    0   0.000      0  0.00
   36   36     0   0   0   0   0   0 100   0   0   0   0   0   0   0   0   0   0   0   0   0     0    0    0   0.000      0  0.00
   37   37     3   0  97   0   0   0   0   0   0   0   0   0   0   0   0   0   0   0   0   0     0    0    0   0.150      5  0.00
   38   38    38   0   0   0   0   0   0   0  24   0   7  31   0   0   0   0   0   0   0   0     0    0    0   1.258     42  0.00
   39   39     0   0   0   0   0   0   0   0   0   0   0   0   0   0  76  17   7   0   0   0     0    0    0   0.697     23  0.00
   40   40     0 100   0   0   0   0   0   0   0   0   0   0   0   0   0   0   0   0   0   0     0    0    0   0.000      0  0.00
   41   41    79  14   7   0   0   0   0   0   0   0   0   0   0   0   0   0   0   0   0   0     0    0    0   0.642     21  0.00
   42   42     0   3   0  14  72   0  10   0   0   0   0   0   0   0   0   0   0   0   0   0     0    0    0   0.858     28  0.00
   43   43     0   0   0   0   0   0   0   0   0   0   0   0   0   0   0   0   0   0   0 100     0    0    0   0.000      0  0.00
   44   44     0   0   0   0   0   0   0   0   0  41   3   7   0   0  48   0   0   0   0   0     0    0    0   1.017     33  0.00
   45   45     0   0   0   0   0   0   0   0   7   0   7   0   0  17   3  62   0   0   3   0     0    0    0   1.200     40  0.00
   46   46     0   0   0   0   0   0   0   0   0   0   0   0   0 100   0   0   0   0   0   0     0    0    0   0.000      0  0.00
   47   47     0  10   0   0   7   0   0   0   0   0   0   0   0   0   0  62   3  17   0   0     0    0    0   1.134     37  0.00
   48   48     0   0   0   0   0   0   0   0   0   0  41  55   0   0   0   0   0   0   3   0     0    0    0   0.809     27  0.00
   49   49    14  48   0  31   7   0   0   0   0   0   0   0   0   0   0   0   0   0   0   0     0    0    0   1.172     39  0.00
   50   50    21   0   0  14   0   0   0   0  55   0   0   3   7   0   0   0   0   0   0   0     0    0    0   1.228     40  0.00
   51   51    21  55  24   0   0   0   0   0   0   0   0   0   0   0   0   0   0   0   0   0     0    0    0   0.997     33  0.00
   52   52     3  34  55   0   0   0   0   0   0   0   0   0   7   0   0   0   0   0   0   0     0    0    0   0.996     33  0.00
   53   53     0   0   0   0   0   0   0   0   0   0   0   0   0   0  21  79   0   0   0   0     0    0    0   0.510     17  0.00
   54   54     0   0   0   0   0   0   0  15   0   0   0   0   0   0   4   7   0   7  19  48     0    0    0   1.455     48  0.00
   55   55     0   0   0   0   0   0   0  41   0   7   0   0   0   0   0  17   7   0  24   3     0    0    0   1.496     49  0.00
   56   56     0  41   0   6   0   0   0  12   0   0   0   0   0   0   0   0  41   0   0   0     0    0    0   1.149     38  0.00
   57   57     0   0   0   0   0   0   0   4   0   8   0   8   0   4  56  20   0   0   0   0     0    0    0   1.308     43  0.00
   58   58   100   0   0   0   0   0   0   0   0   0   0   0   0   0   0   0   0   0   0   0     0    0    0   0.000      0  0.00
   59   59    24   0  76   0   0   0   0   0   0   0   0   0   0   0   0   0   0   0   0   0     0    0    0   0.553     18  0.00
   60   60     0   0   0   0   0   0   0 100   0   0   0   0   0   0   0   0   0   0   0   0     0    0    0   0.000      0  0.00
   61   61     0   0   0   0   0   0   0 100   0   0   0   0   0   0   0   0   0   0   0   0     0    0    0   0.000      0  0.00
   62   62     7   0  93   0   0   0   0   0   0   0   0   0   0   0   0   0   0   0   0   0     0    0    0   0.251      8  0.00
   63   63     0   0   0   0   0   0   0   0   0   0   0  24  76   0   0   0   0   0   0   0     0    0    0   0.553     18  0.00
   64   64     0   0   0   0  76   0  24   0   0   0   0   0   0   0   0   0   0   0   0   0     0    0    0   0.553     18  0.00
   65   65     0   0   0   0   0   0   0   0   0   0   0   0   0   0 100   0   0   0   0   0     0    0    0   0.000      0  0.00
   66   66     0   0   0  41   0   0   0   0   0  38   0   3   0   0   0   0  17   0   0   0     0    0    0   1.152     38  0.00
   67   67     0   0   0   0  62   0  38   0   0   0   0   0   0   0   0   0   0   0   0   0     0    0    0   0.664     22  0.00
   68   68     0   0   0   0   7   0   0   0   0  52   0   0   0  14   0  17   0   3   0   7     0    0    0   1.402     46  0.00
   69   69     0   0   0   0   0   0   0   0   0  17  45  21   0   0   7   7   3   0   0   0     0    0    0   1.474     49  0.00
   70   70     0   0   0   0   0   0   0   0   0   0   0   0   0   0  14   0  79   7   0   0     0    0    0   0.642     21  0.00
   71   71     0   0   0   0   0   0   0  52   3   0   0   0   0   0  17  21   0   7   0   0     0    0    0   1.271     42  0.00
   72   72     0   0   0   0 100   0   0   0   0   0   0   0   0   0   0   0   0   0   0   0     0    0    0   0.000      0  0.00
   73   73     3   0   0   0   0   0   0  13  37   0   0  47   0   0   0   0   0   0   0   0     0    0    0   1.106     36  0.00
   74   74     0   0   0   0   0   0   0   0   0   0   0   0   0   0   0   0   0 100   0   0     0    0    0   0.000      0  0.00
   75   75    17   0  83   0   0   0   0   0   0   0   0   0   0   0   0   0   0   0   0   0     0    0    0   0.451     15  0.00
   76   76    63   0   0   0   0   0   0   0  37   0   0   0   0   0   0   0   0   0   0   0     0    0    0   0.657     21  0.00
   77   77     0   3   0   0  97   0   0   0   0   0   0   0   0   0   0   0   0   0   0   0     0    0    0   0.146      4  0.00
   78   78     0  23   0   0   0   0   0   0   0   0   0   0  77   0   0   0   0   0   0   0     0    0    0   0.543     18  0.00
   79   79     0   0   0   0   0   0   0   0 100   0   0   0   0   0   0   0   0   0   0   0     0    0    0   0.000      0  0.00
   80   80    70   0  30   0   0   0   0   0   0   0   0   0   0   0   0   0   0   0   0   0     0    0    0   0.611     20  0.00
   81   81     0   0   0   0   0   0   0   0   3   0  10  87   0   0   0   0   0   0   0   0     0    0    0   0.468     15  0.00
   82   82     0   0   0   7   0   0   0   0  33   0  60   0   0   0   0   0   0   0   0   0     0    0    0   0.853     28  0.00
   83   83     0   0   0   3   0   0   0   0   0   0   7  17   0   0   0   0   0   0  60  13     0    0    0   1.168     38  0.00
   84   84     0   0   0   0   0   0   0   0   0   0   0   0   0   0   0   0   0 100   0   0     0    0    0   0.000      0  0.00
   85   85     0   0   0   0   0   0   0   0   0   0   0   0   0   0   0   0 100   0   0   0     0    0    0   0.000      0  0.00
   86   86   100   0   0   0   0   0   0   0   0   0   0   0   0   0   0   0   0   0   0   0     0    0    0   0.000      0  0.00
   87   87     0   0   0   0   0   0   0   0   0   0   0   0   0   0  30  70   0   0   0   0     0    0    0   0.611     20  0.00
   88   88     0   0   0   0   0   0   0 100   0   0   0   0   0   0   0   0   0   0   0   0     0    0    0   0.000      0  0.00
   89   89     0   0   0   0   0   0 100   0   0   0   0   0   0   0   0   0   0   0   0   0     0    0    0   0.000      0  0.00
   90   90     0   0   0   0   0   0   0 100   0   0   0   0   0   0   0   0   0   0   0   0     0    0    0   0.000      0  0.00
   91   91     0   0   0   0   0   0   0   0  10   0   3  87   0   0   0   0   0   0   0   0     0    0    0   0.468     15  0.00
   92   92     0   0   0   0   0   0   0   0   0   0   0   0   0  63  37   0   0   0   0   0     0    0    0   0.657     21  0.00
   93   93     0 100   0   0   0   0   0   0   0   0   0   0   0   0   0   0   0   0   0   0     0    0    0   0.000      0  0.00
   94   94     0   0   0 100   0   0   0   0   0   0   0   0   0   0   0   0   0   0   0   0     0    0    0   0.000      0  0.00
   95   95     0   0   0   0   0   0   0   0   0   0   0   0   0   0   0   0   0   0 100   0     0    0    0   0.000      0  0.00
   96   96     0   0   0   0   0   0   0   0   0   0   0   0   0  83   0  17   0   0   0   0     0    0    0   0.451     15  0.00
   97   97     0  80   0   0  17   0   0   0   0   0   0   0   3   0   0   0   0   0   0   0     0    0    0   0.591     19  0.00
   98   98     0   0   0   0   0   0   0   0   0   0   0   0   0   0   0 100   0   0   0   0     0    0    0   0.000      0  0.00
   99   99     0   0   0   0   0   0   0   0   0   0   0   0   0   0   0   0  13  47   0  40     0    0    0   0.991     33  0.00
  100  100     0   0   0   0   0   0  63   0   0   0   0   0   0  37   0   0   0   0   0   0     0    0    0   0.657     21  0.00
  101  101    20   0   0  20   0   0   0   0  13   0   7   0   0  40   0   0   0   0   0   0     0    0    0   1.459     48  0.00
  102  102     0   0  50   0   0   0   0   0   0   0   0   0   0   0  27   7  17   0   0   0     0    0    0   1.178     39  0.00
  103  103     0   0   0   0   0   0   0   0   0   0   0   3   0   0   0  67   7   0  10  13     0    0    0   1.063     35  0.00
  104  104     0   0   0   0   0   0   0   0   0   0  17   3   0  40   7   0  17   0   3  13     0    0    0   1.640     54  0.00
  105  105     0   0   0   0   0   0   0  27   0   0   3   3   0   0   0   3   0   3  47  13     0    0    0   1.430     47  0.00
  106  106     0  13  87   0   0   0   0   0   0   0   0   0   0   0   0   0   0   0   0   0     0    0    0   0.393     13  0.00
  107  107     0  40   0   0   0   0   3   0   0   0   0  13   0   0   0  17   3  23   0   0     0    0    0   1.500     50  0.00
  108  108     0   0   0   0   0   0  53   0   0   0   0   0   0  27   0   0   0   0  20   0     0    0    0   1.010     33  0.00
  109  109     0  23   0   3  73   0   0   0   0   0   0   0   0   0   0   0   0   0   0   0     0    0    0   0.680     22  0.00
  110  110     0 100   0   0   0   0   0   0   0   0   0   0   0   0   0   0   0   0   0   0     0    0    0   0.000      0  0.00
  111  111     0   0   0   0   0   0   0   0   0   0   0 100   0   0   0   0   0   0   0   0     0    0    0   0.000      0  0.00
  112  112     0   0   0   0   7   0  93   0   0   0   0   0   0   0   0   0   0   0   0   0     0    0    0   0.245      8  0.00
  113  113     0   0   0   0   0   0   0   0 100   0   0   0   0   0   0   0   0   0   0   0     0    0    0   0.000      0  0.00
  114  114     0   0   0   0   0   0   0   0   0   0   0   0   0   0   0   0   0   0   0 100     0    0    0   0.000      0  0.00
  115  115     0   0   0   0   0   0   0   0   0   0   0   0   7   0   0   0   0  43  50   0     0    0    0   0.889     29  0.00
  116  116     0   0   0   0  27   0  53   0   0   0   0   0   0   0   0   0   0   0  13   7     0    0    0   1.137     37  0.00
  117  117     0   0   0   0   0   0   0   0 100   0   0   0   0   0   0   0   0   0   0   0     0    0    0   0.000      0  0.00
  118  118    20   0  80   0   0   0   0   0   0   0   0   0   0   0   0   0   0   0   0   0     0    0    0   0.500     16  0.00
  119  119     0   0   0   0   0   0   0 100   0   0   0   0   0   0   0   0   0   0   0   0     0    0    0   0.000      0  0.00
  120  120     0   0   0   0   0   0 100   0   0   0   0   0   0   0   0   0   0   0   0   0     0    0    0   0.000      0  0.00
  121  121     0   0   0   0 100   0   0   0   0   0   0   0   0   0   0   0   0   0   0   0     0    0    0   0.000      0  0.00
  122  122    13   0   0   0   0   0   0   0   0   0   0   3   0   0   7  77   0   0   0   0     0    0    0   0.766     25  0.00
  123  123     0   0   0   0   0   0   0   0   0   0   0   0   0   0   0 100   0   0   0   0     0    0    0   0.000      0  0.00
  124  124     0   0   0   0   0   0   0   0   0   0   0   0   0   0   0   0 100   0   0   0     0    0    0   0.000      0  0.00
  125  125     0   0   0   0   0   0   0 100   0   0   0   0   0   0   0   0   0   0   0   0     0    0    0   0.000      0  0.00
  126  126     0   0   0   0 100   0   0   0   0   0   0   0   0   0   0   0   0   0   0   0     0    0    0   0.000      0  0.00
  127  127     0   0   0   0   0   0   0   0   0   0  57  43   0   0   0   0   0   0   0   0     0    0    0   0.684     22  0.00
  128  128     0   0   0   0   0   0   0   0   0   0   7   0   0   0   0  90   0   3   0   0     0    0    0   0.389     12  0.00
  129  129     0   0   0   0   0   0   0   0   0   0   0   0   0   0   0  10   0  60   0  30     0    0    0   0.898     29  0.00
  130  130     3   3  77   0   0   0   0   0   0   0   0   0   0  17   0   0   0   0   0   0     0    0    0   0.729     24  0.00
  131  131     0   0   0   0   0   0  13   0   0   0   0  20   0   0  17  47   0   3   0   0     0    0    0   1.358     45  0.00
  132  132    23  33  20  23   0   0   0   0   0   0   0   0   0   0   0   0   0   0   0   0     0    0    0   1.367     45  0.00
  133  133     0   0   0   0   0   0   0   0   7  63   0   0   0   0   0   0   0  13   3  13     0    0    0   1.120     37  0.00
  134  134     0   0   0   0   0   0   0   0   0   0   0   0   0   0  13  67  17   0   0   3     0    0    0   0.951     31  0.00
  135  135     0   0   0   0   0   0   0   0   3   7  33  20   0   0   0   0   0  17   0  20     0    0    0   1.603     53  0.00
  136  136    23   0  13   0   0   0   0   0   0   0   0   0   0   0  27  37   0   0   0   0     0    0    0   1.329     44  0.00
  137  137     0   0   0   0   0  50  50   0   0   0   0   0   0   0   0   0   0   0   0   0     0    0    0   0.693     23  0.00
  138  138    23  27   0  10   0   0   0   0   7   0   0   0   0  13   0  17   3   0   0   0     0    0    0   1.783     59  0.00
  139  139     0   0   0   0   0   0   0 100   0   0   0   0   0   0   0   0   0   0   0   0     0    0    0   0.000      0  0.00
  140  140     0   0   0   0  13   3  83   0   0   0   0   0   0   0   0   0   0   0   0   0     0    0    0   0.534     17  0.00
  141  141     0   0 100   0   0   0   0   0   0   0   0   0   0   0   0   0   0   0   0   0     0    0    0   0.000      0  0.00
  142  142     0   0   0   0   0   0   0   0   0   0   0   0   0   0   0 100   0   0   0   0     0    0    0   0.000      0  0.00
  143  143     0   0   0   0   0   0   0   0   0   0   0   0   0   0   0   0   0  10   0  90     0    0    0   0.325     10  0.00
  144  144     0   0   0   0   0   0 100   0   0   0   0   0   0   0   0   0   0   0   0   0     0    0    0   0.000      0  0.00
  145  145     0   0   0   0   0   0   0   0   0   0   0   0   0   0   0   0   0  57   0  43     0    0    0   0.684     22  0.00
  146  146     0   0   0   0   0   0   0  93   0   0   7   0   0   0   0   0   0   0   0   0     0    0    0   0.245      8  0.00
  147  147     0   0   0   0   0   0   0  45  55   0   0   0   0   0   0   0   0   0   0   0     0    0    0   0.688     22  0.00
  148  148     0  10   0   0   0   0   0   0   0   0   0  90   0   0   0   0   0   0   0   0     0    0    0   0.333     11  0.00
  149  149     0  97   0   0   0   0   0   0   0   3   0   0   0   0   0   0   0   0   0   0     0    0    0   0.150      5  0.00
  150  150     0   0   0 100   0   0   0   0   0   0   0   0   0   0   0   0   0   0   0   0     0    0    0   0.000      0  0.00
  151  151     0   0   0   0   0   0   0  24   0   0   0   0   0   7   0   0  14  55   0   0     0    0    0   1.129     37  0.00
  152  152     0   0   0   0   0   0   0   0   0   0   0   0 100   0   0   0   0   0   0   0     0    0    0   0.000      0  0.00
  153  153     0   0   0   0   0   0  17   0   0   0  10   3   0   3   7  10   0  48   0   0     0    0    0   1.541     51  0.00
  154  154     0  59  28  14   0   0   0   0   0   0   0   0   0   0   0   0   0   0   0   0     0    0    0   0.942     31  0.00
  155  155     0  10   3   0   0   0   0   0   0   0   7   0   0  28   0   0   0   0  41  10     0    0    0   1.490     49  0.00
  156  156     0   0   0   0   0   0   0   0   0  93   0   7   0   0   0   0   0   0   0   0     0    0    0   0.251      8  0.00
  157  157     0   0   0   0   0   0  17   0   0   0   7   0   0   0  55  14   7   0   0   0     0    0    0   1.273     42  0.00
  158  158    17  10  72   0   0   0   0   0   0   0   0   0   0   0   0   0   0   0   0   0     0    0    0   0.772     25  0.00
  159  159     0   0   0   0   0   0   0   0   0  56   4   0   0   0  11   4   0   0   7  19     0    0    0   1.320     44  0.00
  160  160     0   0   0   0   0   0 100   0   0   0   0   0   0   0   0   0   0   0   0   0     0    0    0   0.000      0  0.00
//
