ID Pseudo hssp file.
SEQ 
SEQ gi|12230400|sp|O32449|PIP_SERMA PROLINE IMINOPEPTIDASE (PIP) (PR...   602  e-171
SEQ gi|13476474|ref|NP_108044.1| prolyl aminopeptidase [Mesorhizobiu...   398  e-110
SEQ gi|12230403|sp|O83041|PIP_PLEBO PROBABLE PROLINE IMINOPEPTIDASE ...   337  8e-92
SEQ gi|12230406|sp|Q9PD69|PIP_XYLFA PROLINE IMINOPEPTIDASE (PIP) (PR...   337  9e-92
SEQ gi|4389343|pdb|1AZW|A Chain A, Proline Iminopeptidase From Xanth...   334  1e-90
SEQ gi|13422555|gb|AAK23209.1| (AE005799) proline iminopeptidase [Ca...   331  9e-90
SEQ gi|12643501|sp|P93732|PIP_ARATH PROLINE IMINOPEPTIDASE (PIP) (PR...   326  2e-88
SEQ gi|1710151|gb|AAC49560.1| (U72711) proline iminopeptidase [Arabi...   321  7e-87
SEQ gi|11352421|pir||B83010 prolyl aminopeptidase PA5080 [imported] ...   317  2e-85
SEQ gi|2829433|sp|P52279|PIP_XANCI PROLINE IMINOPEPTIDASE (PIP) (PRO...   315  6e-85
SEQ gi|1783230|dbj|BAA11623.1| (D82882) aminopeptidase [Xanthomonas ...   313  2e-84
SEQ gi|12230405|sp|Q9JZR6|PIP_NEIMB PROLINE IMINOPEPTIDASE (PIP) (PR...   275  7e-73
SEQ gi|1172517|sp|P42786|PIP_NEIGO PROLINE IMINOPEPTIDASE (PIP) (PRO...   274  1e-72
SEQ gi|12230404|sp|Q9JUV1|PIP_NEIMA PROLINE IMINOPEPTIDASE (PIP) (PR...   273  2e-72
SEQ gi|12230407|sp|Q9S2L4|PIP_STRCO PROBABLE PROLINE IMINOPEPTIDASE ...   220  3e-56
SEQ gi|13422874|gb|AAK23478.1| (AE005824) proline iminopeptidase [Ca...   218  8e-56
SEQ gi|13507761|ref|NP_109710.1| proline iminopeptidase [Mycoplasma ...   167  2e-40
SEQ gi|2723955|gb|AAC08651.1| (AF037914) proline imino-peptidase [Ne...   163  2e-39
SEQ gi|2723967|gb|AAC08657.1| (AF037920) proline imino-peptidase [Ne...   163  3e-39
SEQ gi|2723953|gb|AAC08650.1| (AF037913) proline imino-peptidase [Ne...   163  4e-39
SEQ gi|2723949|gb|AAC08648.1| (AF037911) proline imino-peptidase [Ne...   162  6e-39
SEQ gi|2723973|gb|AAC08660.1| (AF037923) proline imino-peptidase [Ne...   161  1e-38
SEQ gi|2723965|gb|AAC08656.1| (AF037919) proline imino-peptidase [Ne...   160  2e-38
SEQ gi|2723971|gb|AAC08659.1| (AF037922) proline imino-peptidase [Ne...   160  2e-38
SEQ gi|2723975|gb|AAC08661.1| (AF037924) proline imino-peptidase [Ne...   159  6e-38
SEQ gi|12044870|ref|NP_072680.1| proline iminopeptidase (pip) [Mycop...   149  4e-35
SEQ gi|2642342|gb|AAB86970.1| (AF032970) proline iminopeptidase [Pse...    57  4e-07
SEQ gi|2415704|emb|CAA04698.1| (AJ001361) proline iminopeptidase [Pr...    52  8e-06
SEQ gi|1730577|sp|P46541|PIP_BACCO PROLINE IMINOPEPTIDASE (PIP) (PRO...    48  2e-04
SEQ gi|7473738|pir||H75490 proline iminopeptidase-related protein - ...    47  3e-04
SEQ gi|7475779|pir||B69762 prolyl aminopeptidase homolog yclE - Baci...    47  5e-04
SEQ gi|7477998|pir||F70636 probable ephB protein - Mycobacterium tub...    46  0.001
SEQ 
## SEQUENCE PROFILE AND ENTROPY
 SeqNo PDBNo   V   L   I   M   F   W   Y   G   A   P   S   T   C   H   R   K   Q   E   N   D  NOCC NDEL NINS ENTROPY RELENT WEIGHT
    1    1     0  33   0  67   0   0   0   0   0   0   0   0   0   0   0   0   0   0   0   0     0    0    0   0.637     21  0.00
    2    2     0   0   0   0   0   0   0   0   0   0   0   0   0   0  92   0   8   0   0   0     0    0    0   0.287      9  0.00
    3    3     0   0   0   0   0   0   0  17   0   0  17  58   0   0   0   0   8   0   0   0     0    0    0   1.119     37  0.00
    4    4     0  82   0  18   0   0   0   0   0   0   0   0   0   0   0   0   0   0   0   0     0    0    0   0.466     15  0.00
    5    5     0   0   0   0   6   0  94   0   0   0   0   0   0   0   0   0   0   0   0   0     0    0    0   0.215      7  0.00
    6    6     0   0   0   0   0   0   0   0  11  67   0   0   0   0   6   0   0  17   0   0     0    0    0   0.974     32  0.00
    7    7     0   0  17   0   0   0   0   0   6  22   0   0   0   0   0   0  11  44   0   0     0    0    0   1.398     46  0.00
    8    8    11  11  56   0   0   0   0   6   0   0   0   0   0   0   0  17   0   0   0   0     0    0    0   1.274     42  0.00
    9    9     0   0   0   0   0   0   0   0  17   0   0  22   0   0   0  11  22  28   0   0     0    0    0   1.567     52  0.00
   10   10     0   0   0   0   0   0   0   0  17  83   0   0   0   0   0   0   0   0   0   0     0    0    0   0.451     15  0.00
   11   11     5   5   0   0  26   0  63   0   0   0   0   0   0   0   0   0   0   0   0   0     0    0    0   0.951     31  0.00
   12   12     0   0   0   0   0   0   0   0  11   0  16   5   0  16   5   0  21  11   0  16     0    0    0   1.986     66  0.00
   13   13     0   0   0   0   5   0   0   0   0   0  50   5   0  10  10   0  15   5   0   0     0    0    0   1.541     51  0.00
   14   14     0   0   0   0   0   0   0  90   0   0   0   0   0  10   0   0   0   0   0   0     0    0    0   0.314     10  0.00
   15   15     0   0   5  14   5  19  24   0   0   0  14   0   0   0   0   0   0   5  10   5     0    0    0   2.017     67  0.00
   16   16     0  90   5   5   0   0   0   0   0   0   0   0   0   0   0   0   0   0   0   0     0    0    0   0.381     12  0.00
   17   17     0   0   0   0   0   0   0   0  10  10   0   0   5   0   0  29  14   0   5  29     0    0    0   1.732     57  0.00
   18   18    81   0   0   0   0   0   0   0   0   0   0  19   0   0   0   0   0   0   0   0     0    0    0   0.487     16  0.00
   19   19     0   0   0   0   0   0   0  29   5   0  33   5   0   0   0   0   0   5   0  24     0    0    0   1.501     50  0.00
   20   20     0   0   0   0   0   0   0  10  10   5   0   0   0   0   0   0   0  19   5  52     0    0    0   1.392     46  0.00
   21   21    10   5  14   0   0   0   0  29   0  14   0   0   0   0  14   0   0   0  10   5     0    0    0   1.930     64  0.00
   22   22     0   0   0   0   0   0   0   0   0   0   0   0   0  90   5   0   0   0   5   0     0    0    0   0.381     12  0.00
   23   23    14   0   0   0   0   0   0   0   0   0   0  29   0   5  14   0  24  14   0   0     0    0    0   1.679     56  0.00
   24   24    14  48  33   0   0   0   0   0   0   0   5   0   0   0   0   0   0   0   0   0     0    0    0   1.142     38  0.00
   25   25     0   0   0   0   3   0  97   0   0   0   0   0   0   0   0   0   0   0   0   0     0    0    0   0.150      5  0.00
   26   26     3   0   0   0  14  62  14   0   3   0   0   0   0   0   0   0   3   0   0   0     0    0    0   1.191     39  0.00
   27   27     0   0   0   0   0   7   0   0   0   0   0   0   0   0   0   3   0  83   0   7     0    0    0   0.642     21  0.00
   28   28     0   7   0   0   3   0   0   0   0   0   0  10   0   0   3   0  24  52   0   0     0    0    0   1.335     44  0.00
   29   29     0   0   0   0   0   0   3   0   3   0  66   0  21   0   0   0   3   0   0   3     0    0    0   1.067     35  0.00
   30   30     0   0   0   0   0   0   0  97   0   0   0   0   0   0   0   0   0   3   0   0     0    0    0   0.150      5  0.00
   31   31     0   0   0   0   0   0   0   0   0   0   7   3   0   0   3   7   0   0  79   0     0    0    0   0.785     26  0.00
   32   32     0   3   0   0   0   0   0   3   3  86   0   0   0   0   0   3   0   0   0   0     0    0    0   0.592     19  0.00
   33   33     0   0   0   0   0   0   0   7   0   0   0   0   0  17   3   0   3   3  14  52     0    0    0   1.450     48  0.00
   34   34     0   0   0   0   0   0   0  97   3   0   0   0   0   0   0   0   0   0   0   0     0    0    0   0.150      5  0.00
   35   35    38   7   0   0   0   0   0   0   0   0   0   3   0   7   0  41   0   3   0   0     0    0    0   1.334     44  0.00
   36   36     0   0   0   0   0   0   0   0   0  97   3   0   0   0   0   0   0   0   0   0     0    0    0   0.150      5  0.00
   37   37    79   0   0   0   0   0   0   0  17   0   0   0   3   0   0   0   0   0   0   0     0    0    0   0.603     20  0.00
   38   38    48   7  41   3   0   0   0   0   0   0   0   0   0   0   0   0   0   0   0   0     0    0    0   1.017     33  0.00
   39   39     7   0   7  10  69   0   7   0   0   0   0   0   0   0   0   0   0   0   0   0     0    0    0   1.044     34  0.00
   40   40     7  79  14   0   0   0   0   0   0   0   0   0   0   0   0   0   0   0   0   0     0    0    0   0.642     21  0.00
   41   41     0   0   0   0   0   0   0   0   0   0   0   0   0 100   0   0   0   0   0   0     0    0    0   0.000      0  0.00
   42   42     0   0   0   0   0   0   0 100   0   0   0   0   0   0   0   0   0   0   0   0     0    0    0   0.000      0  0.00
   43   43     0   0   0   0   0   0   0 100   0   0   0   0   0   0   0   0   0   0   0   0     0    0    0   0.000      0  0.00
   44   44     0   0   0   0   0   0   0   0   0 100   0   0   0   0   0   0   0   0   0   0     0    0    0   0.000      0  0.00
   45   45     0   0   0   0   0   0   0 100   0   0   0   0   0   0   0   0   0   0   0   0     0    0    0   0.000      0  0.00
   46   46     0   0   0   0   0   0   0  38  41   0  21   0   0   0   0   0   0   0   0   0     0    0    0   1.059     35  0.00
   47   47     0   0   0   0   0   0   0  83   7   0   3   3   0   0   3   0   0   0   0   0     0    0    0   0.689     23  0.00
   48   48     3   0  10   0   0   0   0   0  41   0   0  17  28   0   0   0   0   0   0   0     0    0    0   1.374     45  0.00
   49   49     0   0   3   0   0   0   3   0  10   0  52   0   0   0   0   0   0   0  17  14     0    0    0   1.384     46  0.00
   50   50     0   0   0   0   0   0   0   0   7  69   3   0   0   0   0   0   0   3   0  17     0    0    0   0.976     32  0.00
   51   51     3   7   0   0   0   0   0  10   0   0   7   7   0   7   0  17   3  38   0   0     0    0    0   1.875     62  0.00
   52   52     0   7   0  21   0   0   3   0   0   0   7   0  45  10   0   0   0   0   7   0     0    0    0   1.590     53  0.00
   53   53     0   7   0   0   0   0   0   3   0   0   3   0   0   0  86   0   0   0   0   0     0    0    0   0.545     18  0.00
   54   54     0   3   0   0   0   0   0  38   0   0   0   0   3   0  38   7  10   0   0   0     0    0    0   1.387     46  0.00
   55   55     0  10   0   0  69   0  17   0   0   0   0   0   0   0   0   3   0   0   0   0     0    0    0   0.910     30  0.00
   56   56     0   0   0   0  83   0   0   0   3   0   0   0   0  14   0   0   0   0   0   0     0    0    0   0.546     18  0.00
   57   57     0   3   0   0   0   0   0   0   0   0   0   0   0   0   0   0   0   0  38  59     0    0    0   0.797     26  0.00
   58   58     0   7   0   0   0   0   0   0   3  90   0   0   0   0   0   0   0   0   0   0     0    0    0   0.398     13  0.00
   59   59     0   0   0   0   0   0   0   0  16   0   3   0   0   0   0   6   3  19   6  45     0    0    0   1.546     51  0.00
   60   60    35  10   0   0   6   0   0   0   3   0   0   6   0   0  10  23   0   0   0   6     0    0    0   1.797     59  0.00
   61   61     0   0   0   0  34   6  50   0   0   0   0   6   0   0   3   0   0   0   0   0     0    0    0   1.169     39  0.00
   62   62     0   0   0   0   0   3   3   0   0   3   0   0   0   0  76   6   6   0   0   3     0    0    0   0.974     32  0.00
   63   63    24   3  67   3   0   3   0   0   0   0   0   0   0   0   0   0   0   0   0   0     0    0    0   0.932     31  0.00
   64   64    70   6  21   0   0   0   0   0   3   0   0   0   0   0   0   0   0   0   0   0     0    0    0   0.856     28  0.00
   65   65     0  48  33   0   6   0   3   0   3   0   0   6   0   0   0   0   0   0   0   0     0    0    0   1.269     42  0.00
   66   66     3  15  36   0  42   0   3   0   0   0   0   0   0   0   0   0   0   0   0   0     0    0    0   1.229     41  0.00
   67   67     0   0   0   0   0   0   0   0   0   0   0   0   0   0   0   0   0   0   0 100     0    0    0   0.000      0  0.00
   68   68     0   0   0   0   0   0   0   0   0   0   0   0   0   3   0   0  97   0   0   0     0    0    0   0.136      4  0.00
   69   69     0   3   0   0   0   0   0   0   0   0   0   0   0   0  97   0   0   0   0   0     0    0    0   0.136      4  0.00
   70   70     0   0   0   0   0   0   0 100   0   0   0   0   0   0   0   0   0   0   0   0     0    0    0   0.000      0  0.00
   71   71     0   0   0   0   3   0   3   0  15   0  12   3  64   0   0   0   0   0   0   0     0    0    0   1.147     38  0.00
   72   72     0   0   0   0   0   0   0  97   3   0   0   0   0   0   0   0   0   0   0   0     0    0    0   0.136      4  0.00
   73   73     0   3   0   0   0   0   0   0   0   0   0   0   0   0  70  24   3   0   0   0     0    0    0   0.807     26  0.00
   74   74     0   0   0   0   0   0   0   0   0   6  94   0   0   0   0   0   0   0   0   0     0    0    0   0.229      7  0.00
   75   75     0   3   0   0   0   0   0   3   0   0   3  27   0   6  45   9   0   0   0   3     0    0    0   1.524     50  0.00
   76   76     0   0   0   0   0   0   0   0   6  85   0   3   0   0   3   3   0   0   0   0     0    0    0   0.627     20  0.00
   77   77     6   0   0   3   0   0  38   0   0   0   0   3   0  34   3   0   0   3   9   0     0    0    0   1.563     52  0.00
   78   78     3   3   0   0   0   0   0   0  81   0   3   0   0   0   3   0   0   0   3   3     0    0    0   0.838     27  0.00
   79   79     3   0   3   0   0   0   0   0   3   3  19   3  42   0   3   0   0   6   3  10     0    0    0   1.861     62  0.00
   80   80     3  48   0   3   3   0   0   0  39   0   0   0   0   0   0   0   3   0   0   0     0    0    0   1.162     38  0.00
   81   81    10   3   0   0   0   0   3   0   0   0   6   3   0   0   3   3   0  52   0  16     0    0    0   1.592     53  0.00
   82   82     3   3   0   0   0   0   0   0   6   0   0   0   0   6   0   3   0  13  13  53     0    0    0   1.527     50  0.00
   83   83     0   0   0   3   0   0   3   0   0   0   3   3   0   0   0   0   0   0  84   3     0    0    0   0.685     22  0.00
   84   84     0   0   0   0   0   0   0   0   0   0   3  84   0   0   9   0   0   0   3   0     0    0    0   0.582     19  0.00
   85   85     0   6   3   0   0   0   0   0   3   0   0  87   0   0   0   0   0   0   0   0     0    0    0   0.519     17  0.00
   86   86     0   0   0   0   0  77   0   0   3   0   0   0   0   0   0   3   3   0   0  13     0    0    0   0.795     26  0.00
   87   87     0   0   0   0   0   0   0   0   3   0   3   0   0  16   3   3   0  10   0  61     0    0    0   1.263     42  0.00
   88   88     3  94   3   0   0   0   0   0   0   0   0   0   0   0   0   0   0   0   0   0     0    0    0   0.277      9  0.00
   89   89    91   3   3   3   0   0   0   0   0   0   0   0   0   0   0   0   0   0   0   0     0    0    0   0.414     13  0.00
   90   90     0   0   0   0   0   0   0   6  72   0   9   0   0   0   0   0   0   6   6   0     0    0    0   0.979     32  0.00
   91   91     0   0   0   0   0   0   0   0   0   0   0   0   0   0   0   0   0   3   0  97     0    0    0   0.139      4  0.00
   92   92     6   9  75   3   3   0   0   0   0   0   0   0   3   0   0   0   0   0   0   0     0    0    0   0.936     31  0.00
   93   93     3   0   0   0   0   0   0   0   3   0   0   0   0   0   0   0   0  91   3   0     0    0    0   0.414     13  0.00
   94   94     0   0   3   0   0   0   0   3   6   0   0   0   0   0  31  47   3   3   0   3     0    0    0   1.433     47  0.00
   95   95    41  53   3   3   0   0   0   0   0   0   0   0   0   0   0   0   0   0   0   0     0    0    0   0.919     30  0.00
   96   96     0   3   0   0   0   0   0   0   0   0   0   0   0   0  97   0   0   0   0   0     0    0    0   0.139      4  0.00
   97   97     6   0   0   0   0   0   0   0   0   0   3  13   0   0   0   0   9  66   0   3     0    0    0   1.148     38  0.00
   98   98     0   0   0  44   6   0   0   0   9   0   3   0   0  31   0   3   0   3   0   0     0    0    0   1.445     48  0.00
   99   99     0  88   0   0   0   0   3   0   9   0   0   0   0   0   0   0   0   0   0   0     0    0    0   0.447     14  0.00
  100  100     0   0   0   0   0   0   0  78   0   0   0   0   0   0   0   9   3   0   9   0     0    0    0   0.745     24  0.00
  101  101    22   9  59   0   3   0   0   0   6   0   0   0   0   0   0   0   0   0   0   0     0    0    0   1.145     38  0.00
  102  102     0   0   0   0   0   0   0  25   0   6   3   3   0   0   9   3   0  31   0  19     0    0    0   1.744     58  0.00
  103  103     0   0   0   0   0   0   0   3   0   0   3   3   0   0  22  41  13   9   3   3     0    0    0   1.722     57  0.00
  104  104     6   0   3   0   0  84   0   0   3   0   0   0   0   0   0   3   0   0   0   0     0    0    0   0.642     21  0.00
  105  105     6  53   0   3   6   0   0   0   3   0   0  13   0   3   0   0  13   0   0   0     0    0    0   1.527     50  0.00
  106  106    81   9   3   0   0   0   0   0   0   3   0   3   0   0   0   0   0   0   0   0     0    0    0   0.716     23  0.00
  107  107     3  13   0   0  81   3   0   0   0   0   0   0   0   0   0   0   0   0   0   0     0    0    0   0.645     21  0.00
  108  108     0   0   0   0   0   0   0 100   0   0   0   0   0   0   0   0   0   0   0   0     0    0    0   0.000      0  0.00
  109  109     3   0   0   0   0   0   0  78   0   0   0   0   3  13   0   0   3   0   0   0     0    0    0   0.778     25  0.00
  110  110     0   0   0   0   0   0   0   3   0   0  94   0   0   0   0   0   0   0   0   3     0    0    0   0.277      9  0.00
  111  111     0   0   0   0   6  91   0   3   0   0   0   0   0   0   0   0   0   0   0   0     0    0    0   0.371     12  0.00
  112  112     0   0   0   0   0   0   0  94   3   0   0   0   0   3   0   0   0   0   0   0     0    0    0   0.277      9  0.00
  113  113     0   0   0   0   0   0   0   3   9   0  84   3   0   0   0   0   0   0   0   0     0    0    0   0.582     19  0.00
  114  114     3   3   0   0   6   0   0   0   3   3   0  81   0   0   0   0   0   0   0   0     0    0    0   0.775     25  0.00
  115  115     3  88   0   6   0   0   0   0   0   0   0   3   0   0   0   0   0   0   0   0     0    0    0   0.507     16  0.00
  116  116     0   0   0   0   0   0   0   3  56   0  41   0   0   0   0   0   0   0   0   0     0    0    0   0.798     26  0.00
  117  117     0  94   0   0   0   3   0   0   3   0   0   0   0   0   0   0   0   0   0   0     0    0    0   0.277      9  0.00
  118  118     9   0   0   0   0   0   0   0  75   0   0   3   0   3   3   0   0   6   0   0     0    0    0   0.936     31  0.00
  119  119     0   0   0   0   3   0  97   0   0   0   0   0   0   0   0   0   0   0   0   0     0    0    0   0.139      4  0.00
  120  120     0   3   0   0   0   0   0   0  84   0   9   0   3   0   0   0   0   0   0   0     0    0    0   0.582     19  0.00
  121  121     0   3  13   0   0   3   0   0   3   0   3   0   0   0   6   0  66   3   0   0     0    0    0   1.251     41  0.00
  122  122     0   3   0   0   0   0   0   0   0   0   6  75   0   0   6   6   0   0   0   3     0    0    0   0.952     31  0.00
  123  123     0   0   0   0   0   0   6   0   0   3   0   0   0  88   0   3   0   0   0   0     0    0    0   0.507     16  0.00
  124  124     0   0   0   0   0   0   0   0   0  97   3   0   0   0   0   0   0   0   0   0     0    0    0   0.139      4  0.00
  125  125     0   0   0   0   0   0   0   3   6   0   3   0   0   0   0   3  13  50   0  22     0    0    0   1.437     47  0.00
  126  126     9   0   0   0   0   0   0   3   6   0   0   0   0   0  59   9  13   0   0   0     0    0    0   1.295     43  0.00
  127  127    81   0   3   0   0   0   0   3   0   0   0   6   6   0   0   0   0   0   0   0     0    0    0   0.732     24  0.00
  128  128     0   3   0   0   0   0   0   0   9   0  13  19   0   6   3  38   0   6   0   3     0    0    0   1.835     61  0.00
  129  129     0   0   0   0   0   0   0  50   6   0   6   0   0   0   3   6   6  22   0   0     0    0    0   1.480     49  0.00
  130  130    13  72   3   6   0   0   0   0   6   0   0   0   0   0   0   0   0   0   0   0     0    0    0   0.952     31  0.00
  131  131    72   0  16   0   6   0   3   0   3   0   0   0   0   0   0   0   0   0   0   0     0    0    0   0.917     30  0.00
  132  132     7  90   0   0   3   0   0   0   0   0   0   0   0   0   0   0   0   0   0   0     0    0    0   0.389     12  0.00
  133  133     0   0   0   0   3   0   0   0   0   0   0   7   0   0  90   0   0   0   0   0     0    0    0   0.398     13  0.00
  134  134     0   0   0   0   0   0   0  90   7   0   0   0   0   0   0   0   0   0   3   0     0    0    0   0.398     13  0.00
  135  135     4   7  86   0   0   0   0   0   0   0   0   4   0   0   0   0   0   0   0   0     0    0    0   0.559     18  0.00
  136  136     0   0   0   0  89   0   4   0   7   0   0   0   0   0   0   0   0   0   0   0     0    0    0   0.409     13  0.00
  137  137     0  79   0   4   0   0   0   0   0   0   0  14   0   0   0   0   0   4   0   0     0    0    0   0.705     23  0.00
  138  138     0  39   0   0   0   0   0  11   4   0   0   0  43   0   0   0   0   4   0   0     0    0    0   1.208     40  0.00
  139  139     0   0   0   0   0   0   0   0   0   0   4   7   0   0  89   0   0   0   0   0     0    0    0   0.409     13  0.00
  140  140     0   0   0   0   0   0   0   0   0  43   0   0   0   0  21  18   4  11   4   0     0    0    0   1.478     49  0.00
  141  141     0   0   0   0  11   4   0   0   7   0  39   0   0   0   4  18  14   4   0   0     0    0    0   1.738     57  0.00
  142  142     0   0   0   0   0   0   0   0   0   0   0   0   0   0   7   4   0  75   0  14     0    0    0   0.801     26  0.00
  143  143     4  32  14   0   0   7   0   0   0   0   4  39   0   0   0   0   0   0   0   0     0    0    0   1.436     47  0.00
  144  144    18   7   0   0   0   0   0   0  29   0   4   0   0  11   4   0   0  21   0   7     0    0    0   1.850     61  0.00
  145  145     0   4   0   0   0  82   4   0   0   0   4   0   0   0   0   0   0   7   0   0     0    0    0   0.707     23  0.00
  146  146     0  43   0   7  36   0  11   0   4   0   0   0   0   0   0   0   0   0   0   0     0    0    0   1.278     42  0.00
  147  147     0   7   0   0   4   0  46   0   0   0   0   4   0   0   0   0   0   0  39   0     0    0    0   1.150     38  0.00
  148  148     0   4   0   7   0   0   0   0   0   0   0   0   0   0   4   0  39  46   0   0     0    0    0   1.150     38  0.00
  149  149     0   0   0   0   4   0   0  59   0   0   0   0   0   0   0   0   0  22   0  15     0    0    0   1.049     35  0.00
  150  150     0   7   0   0   0   0   0  86   0   0   0   4   0   0   0   0   0   0   4   0     0    0    0   0.559     18  0.00
  151  151    43   4   0   0   0   0   0   7  46   0   0   0   0   0   0   0   0   0   0   0     0    0    0   1.027     34  0.00
  152  152     0   0   0   0   0   0   0   4  11   0  79   0   0   0   0   7   0   0   0   0     0    0    0   0.736     24  0.00
  153  153     0   7   0   7   0   4   0   0   7   0   0   4   0   4  61   0   0   4   4   0     0    0    0   1.464     48  0.00
  154  154     0  21  54   4  14   0   4   0   0   0   0   0   0   0   0   0   0   4   0   0     0    0    0   1.299     43  0.00
  155  155     0   0   0   0  39   0  57   0   0   0   0   0   0   0   4   0   0   0   0   0     0    0    0   0.806     26  0.00
  156  156     0   0   0   0   0   0   0   0   0  96   0   0   0   0   0   4   0   0   0   0     0    0    0   0.154      5  0.00
  157  157     0   0   0   0   0   0   7   0   0   0   0   0   0   0   0   4   0  50   0  39     0    0    0   1.021     34  0.00
  158  158     0   0   0   0   0   0   4   0  32   0   0   0   0   0   4  11  39  11   0   0     0    0    0   1.449     48  0.00
  159  159     0   0   0   0   4  86   0   0   0   0   0   0   0  11   0   0   0   0   0   0     0    0    0   0.490     16  0.00
  160  160     0   0   0   0   0   0   0   0   0   0   0   0   0   0   0   4  46  46   0   4     0    0    0   0.950     31  0.00
  161  161     0   0   0   0   0   0   0   0   4   0   0   4   0  14  25  43   0   7   0   4     0    0    0   1.533     51  0.00
  162  162    10   5   0   0  50   0  30   0   0   0   0   0   0   0   0   0   0   0   0   5     0    0    0   1.238     41  0.00
  163  163    25  50  10   5   0   0   0   0   0   0   0   0   0   0  10   0   0   0   0   0     0    0    0   1.303     43  0.00
  164  164     0   0   0   0   0   0   0   0  40   0  10   0   0   0   0   5   0  15  15  15     0    0    0   1.600     53  0.00
  165  165    10  10  10   0   0   0   0   0  20  35   5   0   0   0   0   0   0   5   5   0     0    0    0   1.829     61  0.00
  166  166     0  20  80   0   0   0   0   0   0   0   0   0   0   0   0   0   0   0   0   0     0    0    0   0.500     16  0.00
  167  167     0   0   0   0   0   0   0   0  20  70  10   0   0   0   0   0   0   0   0   0     0    0    0   0.802     26  0.00
  168  168     0   0   0   0   0   0   0   0   0  40   0   0   0   0   0   0  15  35   0  10     0    0    0   1.249     41  0.00
  169  169    20   0   0   0   0   0   0   0   5   0   0   5   0   0   0   0   0  15  30  25     0    0    0   1.614     53  0.00
  170  170     0   0   5   0   0   0   0   0   5   0   5   0   5   0  15   0   5  60   0   0     0    0    0   1.340     44  0.00
  171  171     0   0   0   0   0   0   5   0   0   0   0   0   0   0  90   0   0   0   0   5     0    0    0   0.394     13  0.00
  172  172     0   0   0   0   0   0   0  20  15   0  10   5   0   5   0  15   0   5  15  10     0    0    0   2.085     69  0.00
  173  173     0   0   0   0   0   0   0   0   0   0  10   0   0   0  10   0  10   0   5  65     0    0    0   1.121     37  0.00
  174  174    10  60   5  15   5   0   0   0   0   5   0   0   0   0   0   0   0   0   0   0     0    0    0   1.271     42  0.00
  175  175    15   5  35  30   0   0   0   0   0   5   0   5   0   0   0   0   0   5   0   0     0    0    0   1.612     53  0.00
  176  176     0   0   0   0   0   0   0   0  35   0  25   0   0   0   5   5   0  15   5  10     0    0    0   1.678     56  0.00
  177  177     0   0   0   0   0   0  10   0  85   0   0   0   0   0   5   0   0   0   0   0     0    0    0   0.518     17  0.00
  178  178     0   0   0   0  35   0  60   0   0   0   0   0   5   0   0   0   0   0   0   0     0    0    0   0.824     27  0.00
  179  179     5   0   0   0   0   0  15   0   0   0   0   0   0  55  15   5   0   0   5   0     0    0    0   1.347     44  0.00
  180  180     0   0   0   0   0   0   0  15   5   0   0   0   0   5  35  20  10   5   0   5     0    0    0   1.803     60  0.00
  181  181     5  20   5   5   0   0   0   0   0   0   0   0   0   0  60   0   5   0   0   0     0    0    0   1.228     40  0.00
  182  182     0  85   0   0  10   0   0   0   0   0   0   0   5   0   0   0   0   0   0   0     0    0    0   0.518     17  0.00
  183  183    10   0   5   0  15   0   0   0   0   0   0  45   0   0   0   0  10   5  10   0     0    0    0   1.634     54  0.00
  184  184     0   0   0   0   0   0   0  15   5   0  50   0   0  15   5   0   0   0   5   5     0    0    0   1.515     50  0.00
  185  185     0   0   0   0   0   0   0   5  15  10  10   5   0   0   0   5  15   5   5  25     0    0    0   2.125     70  0.00
  186  186     0   0   0   0   0   0   0   0   0   0   0   0   0   0   0   0   0  10   0  90     0    0    0   0.325     10  0.00
  187  187     0  10   0   0   0   0   0   0  10  15   5   0   0   0  15   0   5  40   0   0     0    0    0   1.696     56  0.00
  188  188     0   0   5   0   0   0   0   0  35   0   5   0   0   0   5  10  10  30   0   0     0    0    0   1.639     54  0.00
  189  189    35   5  15   0   5   0   0   0  15   0   0  25   0   0   0   0   0   0   0   0     0    0    0   1.583     52  0.00
  190  190     0   0   0   0   0   0   5   0   0   0   0   0  15   0  30  10  40   0   0   0     0    0    0   1.392     46  0.00
  191  191     0  60   0   5   0   0  10   0   0   0   5   5   0   0   0   0   5  10   0   0     0    0    0   1.366     45  0.00
  192  192     0   0   0   0   0   0   0   0  30   0  15   5   0   5   5  10   5  25   0   0     0    0    0   1.822     60  0.00
  193  193     0  10   0   0   0   0   0   0  85   0   0   0   0   0   5   0   0   0   0   0     0    0    0   0.518     17  0.00
  194  194     0   0   0   0   0   0   0   0  95   5   0   0   0   0   0   0   0   0   0   0     0    0    0   0.199      6  0.00
  195  195     0   5   0   0   0   0   0   0   5   0   0   0   0   5  20  55   5   0   5   0     0    0    0   1.400     46  0.00
  196  196     0  10   0   0   0   0   0   0  90   0   0   0   0   0   0   0   0   0   0   0     0    0    0   0.325     10  0.00
  197  197     0   0   0   0   0  95   0   0   5   0   0   0   0   0   0   0   0   0   0   0     0    0    0   0.199      6  0.00
  198  198    10   0   0   0   0   0   0   0  20   0  55  15   0   0   0   0   0   0   0   0     0    0    0   1.166     38  0.00
  199  199    35  15   0   0   0   0   0   0   0   0   0   5   0   0   0  15   5   0   0  25     0    0    0   1.583     52  0.00
  200  200     0   0   0   0   0 100   0   0   0   0   0   0   0   0   0   0   0   0   0   0     0    0    0   0.000      0  0.00
  201  201     0   0   0   0   0   0   0   0   0   0   0   0   0   0   0   0   0  95   0   5     0    0    0   0.199      6  0.00
  202  202     0   0   0  10   0   0   0  60   0   0  20   5   0   0   0   0   0   0   5   0     0    0    0   1.158     38  0.00
  203  203     0   0   0  11   0   0  17   0  28   0   0  17   0   0   6   0   0  17   0   6     0    0    0   1.817     60  0.00
  204  204     5  21   5   0   0   0   0   0   0   0   0  68   0   0   0   0   0   0   0   0     0    0    0   0.898     29  0.00
  205  205    11   5  32   0   5   0   0   0  16   0  32   0   0   0   0   0   0   0   0   0     0    0    0   1.566     52  0.00
  206  206     0   0   0   0  15   0  10   0   0   5  10  30   5   0  20   0   0   0   5   0     0    0    0   1.878     62  0.00
  207  207     0  68   0   5  16   0   0   0   0   5   0   0   0   0   0   0   0   0   5   0     0    0    0   1.016     33  0.00
  208  208     0  20  15   5   0   0   5   0   5   0   0   0   0  15  20   0   0  15   0   0     0    0    0   1.947     64  0.00
  209  209    15   0   0   5   0   0   0   0   0  70  10   0   0   0   0   0   0   0   0   0     0    0    0   0.914     30  0.00
  210  210     0   0   0   0   0   0   5   0   5  11  16   0   0   0   0   0   0  26  16  21     0    0    0   1.809     60  0.00
  211  211     6  17   6   0   0   0   0   6  11  11   0   0   0   0  11   0   6  28   0   0     0    0    0   2.029     67  0.00
  212  212     0   0   0   6   0   0   0   0   0   0   6   0   0   0   6   6   6  38   6  25     0    0    0   1.754     58  0.00
  213  213    13   0   6   0  19   0   0   0   0   6  25   0   0   0   0   6   0   0  13  13     0    0    0   1.960     65  0.00
  214  214    40   0   7   0   0   0   0   7  33   7   0   0   0   0   0   0   0   7   0   0     0    0    0   1.455     48  0.00
  215  215     0   0   0   0   0   0   0   6   0   0  18  18   0   6   6  29  12   0   0   6     0    0    0   1.891     63  0.00
  216  216    15   0   5   0  35   0   5  15   5   0   5   0   0   5   0  10   0   0   0   0     0    0    0   1.916     63  0.00
  217  217     0   0   5   0   0   0   0  20  15   0   0  10   0  15   0   0   5  10   5  15     0    0    0   2.085     69  0.00
  218  218     0   0   0   0   0   0   0   0   5   0   0   0   0   0   0   0   0  70   5  20     0    0    0   0.871     29  0.00
  219  219     0   0   0   0   0   0   0   0  10  15   0   5   0   0   0   0   0  10   0  60     0    0    0   1.201     40  0.00
  220  220     0   5   0   0   0   0   0   5  15   0   0   0   0  20   0   0   0  10   5  40     0    0    0   1.653     55  0.00
  221  221     0   0   0   0  70   5  20   0   0   0   0   0   0   0   5   0   0   0   0   0     0    0    0   0.871     29  0.00
  222  222     0   0   0   0   0   0   0   5  70   0  10   5   0   0   5   5   0   0   0   0     0    0    0   1.079     36  0.00
  223  223     5  70   5   5   5   0   0   0   0   0   0   0   0   0   0   0   0   0   5   5     0    0    0   1.148     38  0.00
  224  224     5   0   0   0   0   0   0   5  70   0  10   5   0   0   0   5   0   0   0   0     0    0    0   1.079     36  0.00
  225  225     0  10  20   0  70   0   0   0   0   0   0   0   0   0   0   0   0   0   0   0     0    0    0   0.802     26  0.00
  226  226     0   0   0   0   0   0   0   0  95   0   5   0   0   0   0   0   0   0   0   0     0    0    0   0.199      6  0.00
  227  227     0  10   0   0   0   0   0   0   0   0   0   0   0   0  85   0   5   0   0   0     0    0    0   0.518     17  0.00
  228  228     0  25  70   0   0   0   0   0   0   0   0   5   0   0   0   0   0   0   0   0     0    0    0   0.746     24  0.00
  229  229     5   0   0   0   0   0   0   0   0   0   0   0   0   0   0   0   0  90   0   5     0    0    0   0.394     13  0.00
  230  230     0   0   0   0   0   0   0   0   5   0   5   5  16   0   0   0   0   0  68   0     0    0    0   1.016     33  0.00
  231  231     0   0   0   0   0   0   0   0   0   0   0   0   0 100   0   0   0   0   0   0     0    0    0   0.000      0  0.00
  232  232     0   0   0   0  16   0  84   0   0   0   0   0   0   0   0   0   0   0   0   0     0    0    0   0.436     14  0.00
  233  233     0   0   0   0  84   5   0   0  11   0   0   0   0   0   0   0   0   0   0   0     0    0    0   0.537     17  0.00
  234  234    63   0   5   0   0   0   0   5   5   0   0  16   0   0   0   5   0   0   0   0     0    0    0   1.202     40  0.00
  235  235     0   0   0   0   0   0   0   0   0   0   0   0   0  26   0   0   0   0  74   0     0    0    0   0.576     19  0.00
  236  236     0  11   0   0   0   0   0  37   5   0   0   0   0   5   5  21   5   0   0  11     0    0    0   1.790     59  0.00
  237  237     0   5   0   0   0   0   0  79   0   0  11   0   0   5   0   0   0   0   0   0     0    0    0   0.734     24  0.00
  238  238     0   0   0   0  79  21   0   0   0   0   0   0   0   0   0   0   0   0   0   0     0    0    0   0.515     17  0.00
  239  239     0  58   0   0  42   0   0   0   0   0   0   0   0   0   0   0   0   0   0   0     0    0    0   0.681     22  0.00
  240  240     0   0   0   0   0   0   0   0   0  11   0   0   0   0   5  11  16  37   0  21     0    0    0   1.616     53  0.00
  241  241    25   0   0   0   0   0   0  25   0  13  25   6   0   0   0   0   0   6   0   0     0    0    0   1.646     54  0.00
  242  242     0   0   0   0   0   0   0   0   0   0   0   0   0   0   0   0   0  41   6  53     0    0    0   0.869     28  0.00
  243  243     0   0   0   0   0   0   0   5   0   0  11   0   0   0  11   5   0   0  21  47     0    0    0   1.466     48  0.00
  244  244     0   0   0   0  11   5   0   0  16   0   5   0   0  11   0   0  42  11   0   0     0    0    0   1.677     55  0.00
  245  245     5  55  35   0   0   0   0   0   0   0   0   0   5   0   0   0   0   0   0   0     0    0    0   0.996     33  0.00
  246  246     0  85   5   0   0   0   0   0   0   0   0   5   5   0   0   0   0   0   0   0     0    0    0   0.588     19  0.00
  247  247     0   0   0   0   0   0   0   0   5   0   0   0   0   0  35   5  10  10  15  20     0    0    0   1.734     57  0.00
  248  248     0   0   0   0   0   0   0   5   0   0   0   5   0   0   5   0   0   0  55  30     0    0    0   1.139     38  0.00
  249  249    32   5  26   5   0   0   0   0  26   0   0   0   5   0   0   0   0   0   0   0     0    0    0   1.532     51  0.00
  250  250     0   0   0   0   0   5   0  15  15  10   5   0   0  20   0   0   5   0   0  25     0    0    0   1.917     63  0.00
  251  251    10  15   0   0   0   0   0   0   5   0   0   0   0   0  35  30   0   0   0   5     0    0    0   1.543     51  0.00
  252  252     5  25  70   0   0   0   0   0   0   0   0   0   0   0   0   0   0   0   0   0     0    0    0   0.746     24  0.00
  253  253     0   0   0   0   0   0   0   0  30   0   0   5   0   0  40  20   5   0   0   0     0    0    0   1.349     45  0.00
  254  254     0   0   0   0   0   0   0  16   0   0   0   0   0  47   0   0   0   0  11  26     0    0    0   1.234     41  0.00
  255  255     5   5  75   5   0   0   0   0   0   0   0   0   0   0   0  10   0   0   0   0     0    0    0   0.895     29  0.00
  256  256     0   0   0   0   0   0   0   0   0  85   5   0   0   0   0  10   0   0   0   0     0    0    0   0.518     17  0.00
  257  257    15   0   5   0   0   0   0  40  10   0   0  30   0   0   0   0   0   0   0   0     0    0    0   1.392     46  0.00
  258  258    45   0  10   0   0   5  10   0   0   0   0  20   0  10   0   0   0   0   0   0     0    0    0   1.522     50  0.00
  259  259     0  15  85   0   0   0   0   0   0   0   0   0   0   0   0   0   0   0   0   0     0    0    0   0.423     14  0.00
  260  260    85   0   5   0   0   0   0   5   5   0   0   0   0   0   0   0   0   0   0   0     0    0    0   0.588     19  0.00
  261  261     0   5   0   0   0   0   0   0   0   0   0   0   0  55   0   0  40   0   0   0     0    0    0   0.845     28  0.00
  262  262     0   0   0   0   0   0   0 100   0   0   0   0   0   0   0   0   0   0   0   0     0    0    0   0.000      0  0.00
  263  263     0   0   0   0   0   0   0   0   0   0   5   0   0   0  95   0   0   0   0   0     0    0    0   0.199      6  0.00
  264  264     0   5   0   0  20   0  75   0   0   0   0   0   0   0   0   0   0   0   0   0     0    0    0   0.687     22  0.00
  265  265     0   0   0   0   0   0   0   0   0   0   0   0   0   0   0   0   0   0   0 100     0    0    0   0.000      0  0.00
  266  266    40  25   0  15   5   0   5   0   5   0   0   0   0   0   0   0   5   0   0   0     0    0    0   1.597     53  0.00
  267  267    40   5  10   0   0   0   0   5  10   5   0   0  25   0   0   0   0   0   0   0     0    0    0   1.623     54  0.00
  268  268     5   0   0   0   0   0   0   0   0   0   0  20  70   0   0   0   0   0   5   0     0    0    0   0.871     29  0.00
  269  269     0   5   0   0   0   0   0   0   5  80   0   0   0   0   0   0  10   0   0   0     0    0    0   0.708     23  0.00
  270  270    10  50   0  30   0   0   0   0   5   5   0   0   0   0   0   0   0   0   0   0     0    0    0   1.238     41  0.00
  271  271     5   0   0  10   0   0   5   5   0   0   5  10   0   0   5   0  45   0   0  10     0    0    0   1.799     60  0.00
  272  272     0   0   5   0   0   0   5   0   0   0  55   0   0   0   0   0  15   0  20   0     0    0    0   1.235     41  0.00
  273  273     5   5   0   0   0   0   0   5  80   5   0   0   0   0   0   0   0   0   0   0     0    0    0   0.778     25  0.00
  274  274     0  10   0   0   0  85   0   0   0   0   5   0   0   0   0   0   0   0   0   0     0    0    0   0.518     17  0.00
  275  275     0   0   0   0   0   0   0   0  30   0   0   0   0   0  15   0   0  10   0  45     0    0    0   1.235     41  0.00
  276  276     0  95   0   0   0   0   0   0   5   0   0   0   0   0   0   0   0   0   0   0     0    0    0   0.199      6  0.00
  277  277    10   0   0   0   0   0   0   0  10   0  15   0   0  55   0  10   0   0   0   0     0    0    0   1.304     43  0.00
  278  278     0   0   0   0   0   0   0   0   0   0   0   0   0   5   5  70  15   0   0   5     0    0    0   0.984     32  0.00
  279  279     5   0   0   0   0   0   0   5  90   0   0   0   0   0   0   0   0   0   0   0     0    0    0   0.394     13  0.00
  280  280     0  15   0   0  20  55   5   0   0   0   0   0   5   0   0   0   0   0   0   0     0    0    0   1.235     41  0.00
  281  281     0   0   0   0   0   0   0   0   0  95   0   0   0   0   0   0   0   5   0   0     0    0    0   0.199      6  0.00
  282  282     0   0   0   0   0   0   0   0   5   0   0   5   0   5   0  25   0  50   5   5     0    0    0   1.442     48  0.00
  283  283     5  11   0   0   0   0   0   0  68   0  16   0   0   0   0   0   0   0   0   0     0    0    0   0.943     31  0.00
  284  284     0   0   0   0   0   0   0   5   0   0   5   0   0   0   5   0  20  45   5  15     0    0    0   1.565     52  0.00
  285  285     0  85   0   0  10   0   0   0   0   0   0   0   0   0   0   5   0   0   0   0     0    0    0   0.518     17  0.00
  286  286    10   0   5   0   0   0  15   0   0   0   0   0   0  15  15  15  20   5   0   0     0    0    0   1.990     66  0.00
  287  287    35   5  60   0   0   0   0   0   0   0   0   0   0   0   0   0   0   0   0   0     0    0    0   0.824     27  0.00
  288  288    45   0  20   0   5   0   0   0   0   0  15  15   0   0   0   0   0   0   0   0     0    0    0   1.400     46  0.00
  289  289     0   0   0   0   0   5  10   0   0  25   0   5   0   0   5   0  15  20  10   5     0    0    0   2.013     67  0.00
  290  290     0   0   0   0   0   0   0  20  30   0   0   0   0   0   0   5   0   5  10  30     0    0    0   1.574     52  0.00
  291  291     0   0   0   0   0   0   0  15  65   0  20   0   0   0   0   0   0   0   0   0     0    0    0   0.886     29  0.00
  292  292     0   0   0   0   0   0   0  85   0   0   0   0   0  15   0   0   0   0   0   0     0    0    0   0.423     14  0.00
  293  293     0   0   0   0   0   0   0   0   0   0   0   0   5  85  10   0   0   0   0   0     0    0    0   0.518     17  0.00
  294  294     0   0   0   0   0   0   0   0  25   0  60   5   0   0   0   0   5   0   0   5     0    0    0   1.102     36  0.00
  295  295     0   6   0   6  17   0  17   6  44   0   6   0   0   0   0   0   0   0   0   0     0    0    0   1.600     53  0.00
  296  296     0   0   0   6  22   0   0   6   0   0  17   6   0   0   0   0   0   6  11  28     0    0    0   1.875     62  0.00
  297  297     0   0   0   0   0   0   0   0   0  17   0   6   0   0   0   0   0  72   0   6     0    0    0   0.855     28  0.00
  298  298     0   0   0   0   0   0   0   0   6  89   0   6   0   0   0   0   0   0   0   0     0    0    0   0.426     14  0.00
  299  299     0   0   0   0   0   0   0  60   0   0   0   0   0   0   0   0   7  27   7   0     0    0    0   1.020     34  0.00
  300  300     7   0  47   0   0   0   0   0   7   0   0   0   0   0   0   0   0   0  33   7     0    0    0   1.263     42  0.00
  301  301    29  36  14   0   7   0   0   0   0   0  14   0   0   0   0   0   0   0   0   0     0    0    0   1.470     49  0.00
  302  302     0   0   0   0   0   0   0   0  14   0   7   0   0  14   0   0   0   7   0  57     0    0    0   1.253     41  0.00
  303  303     0   0   0   0   0   0   0   7  50   0   0   0   0   0   7   0  21  14   0   0     0    0    0   1.332     44  0.00
  304  304     0 100   0   0   0   0   0   0   0   0   0   0   0   0   0   0   0   0   0   0     0    0    0   0.000      0  0.00
  305  305    62   8  15  15   0   0   0   0   0   0   0   0   0   0   0   0   0   0   0   0     0    0    0   1.072     35  0.00
  306  306    15   0  15   0   0   0   0   0   8   0   0   0   8   0  46   0   0   0   0   8     0    0    0   1.525     50  0.00
  307  307     0   0   0   0   0   0   0   0 100   0   0   0   0   0   0   0   0   0   0   0     0    0    0   0.000      0  0.00
  308  308     0   0   0   0   0   0   0   0   0   0   0  85   0   0   0   0   0   0  15   0     0    0    0   0.429     14  0.00
  309  309     0   0   0   0   0   0   0   0   0   0   0   0   0   0   0   0   0  23   8  69     0    0    0   0.790     26  0.00
  310  310     0   0   0   0   0   0   0  27   0   0   9   0   0   0  27  36   0   0   0   0     0    0    0   1.295     43  0.00
  311  311     0   0   0   0  89   0  11   0   0   0   0   0   0   0   0   0   0   0   0   0     0    0    0   0.349     11  0.00
  312  312    13   0   0   0   0   0   0   0  88   0   0   0   0   0   0   0   0   0   0   0     0    0    0   0.377     12  0.00
  313  313     0   0   0   0   0   0   0  75  25   0   0   0   0   0   0   0   0   0   0   0     0    0    0   0.562     18  0.00
  314  314     0   0   0   0   0   0   0   0   0   0   0   0   0   0   0  75  25   0   0   0     0    0    0   0.562     18  0.00
//
