ID Pseudo hssp file.
SEQ 
SEQ gi|5822377|pdb|1QTS|A Chain A, Crystal Structure Of The Ap-2 Cla...   476  e-133
SEQ gi|90292|pir||B30111 alpha-adaptin C - mouse                          469  e-131
SEQ gi|13591908|ref|NP_112270.1| alpha-c large chain of the protein ...   468  e-131
SEQ gi|5822376|pdb|1QTP|A Chain A, Crystal Structure Of The Ap-2 Cla...   466  e-130
SEQ gi|6671563|ref|NP_031485.1| adaptor-related protein complex AP-2...   463  e-130
SEQ gi|2246667|gb|AAB62703.1| (AF006990) alpha-adaptin C [Mus musculus]   463  e-130
SEQ gi|5542097|pdb|1B9K|A Chain A, Alpha-Adaptin Appendage Domain, F...   456  e-127
SEQ gi|4240287|dbj|BAA74922.1| (AB020706) KIAA0899 protein [Homo sap...   456  e-127
SEQ gi|12643300|sp|O94973|A2A2_HUMAN ADAPTER-RELATED PROTEIN COMPLEX...   456  e-127
SEQ gi|12585138|sp|O95782|A2A1_HUMAN ADAPTER-RELATED PROTEIN COMPLEX...   352  3e-96
SEQ gi|12053345|emb|CAB66859.1| (AL136925) hypothetical protein [Hom...   352  4e-96
SEQ gi|6671561|ref|NP_031484.1| adaptor-related protein complex AP-2...   349  2e-95
SEQ gi|3912968|sp|P91926|ADA_DROME ALPHA-ADAPTIN HOMOLOG >gi|1890329...   275  3e-73
SEQ gi|7296210|gb|AAF51502.1| (AE003589) alpha-Adaptin gene product ...   275  3e-73
SEQ gi|2104816|emb|CAA73533.1| (Y13092) alpha-adaptin [Drosophila me...   268  5e-71
SEQ gi|7508031|pir||T16911 hypothetical protein T20B5.1 - Caenorhabd...   239  4e-62
SEQ gi|11359611|pir||T51054 related to alpha-adaptin C [imported] - ...   156  4e-37
SEQ gi|2257517|dbj|BAA21412.1| (AB004536) ALPHA-ADAPTIN [Schizosacch...   119  4e-26
SEQ gi|13810213|emb|CAC37364.1| (AL590882) putative alpha-adaptin [S...   119  4e-26
SEQ gi|10178251|dbj|BAB11683.1| (AB006699) alpha-adaptin [Arabidopsi...   116  3e-25
SEQ gi|10176948|dbj|BAB10137.1| (AB024030) alpha-adaptin C homolog [...   115  5e-25
SEQ gi|7512728|pir||T17325 hypothetical protein DKFZp564D1864.1 - hu...    83  5e-15
SEQ gi|255056|gb|AAB23162.1| clathrin assembly protein AP-2 alpha-su...    52  1e-05
SEQ gi|1438817|gb|AAB36415.1| p115=115 kda alpha A-adaptin {internal...    47  2e-04
SEQ 
## SEQUENCE PROFILE AND ENTROPY
 SeqNo PDBNo   V   L   I   M   F   W   Y   G   A   P   S   T   C   H   R   K   Q   E   N   D  NOCC NDEL NINS ENTROPY RELENT WEIGHT
    1    1     0   0   0   0   0   0   0 100   0   0   0   0   0   0   0   0   0   0   0   0     0    0    0   0.000      0  0.00
    2    2     0   0   0   0   0   0   0   0   0   0 100   0   0   0   0   0   0   0   0   0     0    0    0   0.000      0  0.00
    3    3     0   0   0   0   0   0   0   0   0  60   0   0   0   0   0   0   0   0  40   0     0    0    0   0.673     22  0.00
    4    4     0   0   0   0   0   0   0  75   0   0  25   0   0   0   0   0   0   0   0   0     0    0    0   0.562     18  0.00
    5    5     0   0  38   0   0   0   0   0   0  38   0   0   0   0   0   0   0   0  25   0     0    0    0   1.082     36  0.00
    6    6     0   0   0   0   0   0   0   0   0  38   0   0   0   0  38   0   0   0  25   0     0    0    0   1.082     36  0.00
    7    7     0  30  50   0   0   0   0   0   0   0   0   0   0   0   0   0   0   0  20   0     0    0    0   1.030     34  0.00
    8    8     0   0   0   0   0   0   0  50   0  30  20   0   0   0   0   0   0   0   0   0     0    0    0   1.030     34  0.00
    9    9     0   0   0   0   0   0   0   0   9   0  45   0   0   0   0   0   0  27  18   0     0    0    0   1.241     41  0.00
   10   10     0   0  11   0   0   0   0   0  26   0  58   0   0   0   0   0   0   0   5   0     0    0    0   1.060     35  0.00
   11   11    10   0   0   0   0   0   0   0  10   0   0   0   0   0   0   5   0  60   0  15     0    0    0   1.201     40  0.00
   12   12     0   0   0   0   0   0  10   0   0   0   0   0   0   0   0   5   0  25   0  60     0    0    0   1.033     34  0.00
   13   13     0  15   0   0   0   0   0   5   0   0   0   0   0   0  10   0   0   0  65   5     0    0    0   1.094     36  0.00
   14   14     0  14   0   0  73   0   5   0   0   0   0   9   0   0   0   0   0   0   0   0     0    0    0   0.862     28  0.00
   15   15     0   5   0   0   0   0   9   0  50   0   0   0   0   9   0   9   0   0  18   0     0    0    0   1.451     48  0.00
   16   16     0   0   0   0   0   0   0   0   9   0   0   0   0   0  61  30   0   0   0   0     0    0    0   0.877     29  0.00
   17   17     0  22   0   0  78   0   0   0   0   0   0   0   0   0   0   0   0   0   0   0     0    0    0   0.524     17  0.00
   18   18    70  13   0   0   0   0   0   0   0   0   0   0  17   0   0   0   0   0   0   0     0    0    0   0.822     27  0.00
   19   19     0  13   0   0   9   9   0   0   0   0   4   4  61   0   0   0   0   0   0   0     0    0    0   1.265     42  0.00
   20   20     0   0   0   0   0   0   0   0   0   0   0   0   0   0   4  96   0   0   0   0     0    0    0   0.179      5  0.00
   21   21     0   0   0   0   0   0   0   0   4   0   4   0   0   0   0   0   0   0  74  17     0    0    0   0.800     26  0.00
   22   22     0   0   0   0   0   0   0   0   0   0  13   0   0   0   0   9   0   0  74   4     0    0    0   0.838     27  0.00
   23   23     0   0   0   0   0   0   0  96   4   0   0   0   0   0   0   0   0   0   0   0     0    0    0   0.179      5  0.00
   24   24    83   0  17   0   0   0   0   0   0   0   0   0   0   0   0   0   0   0   0   0     0    0    0   0.462     15  0.00
   25   25     0 100   0   0   0   0   0   0   0   0   0   0   0   0   0   0   0   0   0   0     0    0    0   0.000      0  0.00
   26   26     0   0   0   0  78   4  17   0   0   0   0   0   0   0   0   0   0   0   0   0     0    0    0   0.632     21  0.00
   27   27     0   0   0   0   0   0   0   0   0   0   0   0   0   0   0   0   9  91   0   0     0    0    0   0.295      9  0.00
   28   28     0   0   0   0   0   0   0   0   0   0   0   0   0   0   0   0   0   0  74  26     0    0    0   0.574     19  0.00
   29   29     0   0   0   0   0   0   0   9   0   9   9   0   0   0   0   0  61   9   0   4     0    0    0   1.288     42  0.00
   30   30     0  61   0   9   0   0   4   0   0   0   0   0   0   9   0   4  13   0   0   0     0    0    0   1.265     42  0.00
   31   31     0  74  26   0   0   0   0   0   0   0   0   0   0   0   0   0   0   0   0   0     0    0    0   0.574     19  0.00
   32   32     0   0   0   0   0   0   0   0   0   0   0   0   0   0   0   0 100   0   0   0     0    0    0   0.000      0  0.00
   33   33     4   0  96   0   0   0   0   0   0   0   0   0   0   0   0   0   0   0   0   0     0    0    0   0.179      5  0.00
   34   34     0   0   0   0   0   0   0 100   0   0   0   0   0   0   0   0   0   0   0   0     0    0    0   0.000      0  0.00
   35   35    39  48   9   0   0   0   0   0   0   0   0   0   4   0   0   0   0   0   0   0     0    0    0   1.069     35  0.00
   36   36     0   0   0   0   0   0   0   0   0   0   0   0   0   0  13  87   0   0   0   0     0    0    0   0.387     12  0.00
   37   37     0   4   0   0   0   0   0   0  13   0  83   0   0   0   0   0   0   0   0   0     0    0    0   0.560     18  0.00
   38   38     0   0   0   0   0   0   0   0   0   0   0   0   0   0   0   0   0 100   0   0     0    0    0   0.000      0  0.00
   39   39     0   0   0   0  74   9  13   0   0   0   0   4   0   0   0   0   0   0   0   0     0    0    0   0.838     27  0.00
   40   40     0   0   0   0   0   0   0   0   0   0   0   0   0   9  91   0   0   0   0   0     0    0    0   0.295      9  0.00
   41   41     0   0   0   0   0   0   0  13   0   0   0   0   0   0   0   0  74   0  13   0     0    0    0   0.755     25  0.00
   42   42     0   0   0   0   0   0   0   0   0   0   9   0   0   9   0   0   4   0  78   0     0    0    0   0.753     25  0.00
   43   43     0  78   0   4   0   0   0   0   0   0   0   0   0   9   0   0   0   9   0   0     0    0    0   0.753     25  0.00
   44   44     0   0   0   0   0   0   0  96   4   0   0   0   0   0   0   0   0   0   0   0     0    0    0   0.179      5  0.00
   45   45     0   0   0   0   0   0   0   0  13   0   0   0   0   0  87   0   0   0   0   0     0    0    0   0.387     12  0.00
   46   46     0  27  14  59   0   0   0   0   0   0   0   0   0   0   0   0   0   0   0   0     0    0    0   0.937     31  0.00
   47   47     9   0   4   0  48   0  22  17   0   0   0   0   0   0   0   0   0   0   0   0     0    0    0   1.337     44  0.00
   48   48     0  43  48   4   4   0   0   0   0   0   0   0   0   0   0   0   0   0   0   0     0    0    0   0.988     32  0.00
   49   49     0   0   0   0  83   0  13   0   0   0   4   0   0   0   0   0   0   0   0   0     0    0    0   0.560     18  0.00
   50   50     0   0   0   9   5   0  82   0   0   0   0   0   0   0   0   0   0   0   5   0     0    0    0   0.663     22  0.00
   51   51     0   0   0   0   0   0   0  86   0   0   0   5   0   0   0   0   0   9   0   0     0    0    0   0.485     16  0.00
   52   52     0   0   0   0   0   0   0   0   0   0   0   0   0   0   0   0   0   0 100   0     0    0    0   0.000      0  0.00
   53   53     0   0   0   0   0   0   0   0   0   0   0   0   0   0   9  91   0   0   0   0     0    0    0   0.305     10  0.00
   54   54     0   0   0   0   0   0   0   0   0   0   0  91   0   0   0   0   9   0   0   0     0    0    0   0.305     10  0.00
   55   55     0   0   0   0   0   0   0   0   0   5  82   0   0   0   0   0  14   0   0   0     0    0    0   0.576     19  0.00
   56   56    36   0   0   0   0   0   0   0   5   0   0  45   0   0   0   0   5   0   9   0     0    0    0   1.225     40  0.00
   57   57     5   0   0   0   0   0   0   0   0  18   0   9   0   0   0   0  68   0   0   0     0    0    0   0.930     31  0.00
   58   58     0  23   5   0  64   0   0   0   9   0   0   0   0   0   0   0   0   0   0   0     0    0    0   0.983     32  0.00
   59   59     0  55   0   0   0   0   0   5   0   0   0  14   0   0   0   9  14   0   5   0     0    0    0   1.373     45  0.00
   60   60     0   0   9   0   0   0   0   0   0   0  14   0   0   0   0   5   0   0  73   0     0    0    0   0.862     28  0.00
   61   61     0  18   0   0  82   0   0   0   0   0   0   0   0   0   0   0   0   0   0   0     0    0    0   0.474     15  0.00
   62   62     0   5   0   0   0   0   0   0   0   9  18  55   0   0   0   0   0   0  14   0     0    0    0   1.271     42  0.00
   63   63     0   0   0   0   0   0   0   0   0  86   9   5   0   0   0   0   0   0   0   0     0    0    0   0.485     16  0.00
   64   64    15   0   5   0   0   0   0   0   0   0   0  80   0   0   0   0   0   0   0   0     0    0    0   0.613     20  0.00
   65   65    15  80   5   0   0   0   0   0   0   0   0   0   0   0   0   0   0   0   0   0     0    0    0   0.613     20  0.00
   66   66    15   0  60   0   0   0   0   0   0   0   0   5   0   0   0   0  15   0   0   5     0    0    0   1.175     39  0.00
   67   67     0   6   0   0   0  17   0   0   0   0   0   0  61  17   0   0   0   0   0   0     0    0    0   1.059     35  0.00
   68   68     0   0   0   0   0   0   0   0  44  22  28   0   0   0   0   0   0   0   0   6     0    0    0   1.211     40  0.00
   69   69     0   0   0   0   0   0   0  22  17   6   0   0   0   0   0   0   0   0   0  56     0    0    0   1.120     37  0.00
   70   70     0   0   0   0   0   0   0   0   5   0   5   0   0   0  10   0   0  15   0  65     0    0    0   1.094     36  0.00
   71   71     0  70   0   0   0   0   0   0   0   0   0  10   0   0   0   0   0   5   0  15     0    0    0   0.914     30  0.00
   72   72     0   0   0   0  10   0   0   0  20   0   0   0   0   0   5   0  65   0   0   0     0    0    0   0.982     32  0.00
   73   73     5  14   0   0   0   0   0   0  14   9   9  50   0   0   0   0   0   0   0   0     0    0    0   1.466     48  0.00
   74   74     0   0   0   0   0   0   0   0   0   0   0   9   0  14   0  14  14   0  50   0     0    0    0   1.380     46  0.00
   75   75     0  91   0   0   9   0   0   0   0   0   0   0   0   0   0   0   0   0   0   0     0    0    0   0.305     10  0.00
   76   76     0   0   0   0   0   0   0   0  14   0   5   0   0   9   9   0   5   0  59   0     0    0    0   1.300     43  0.00
   77   77    27  64   0   0   0   5   0   0   5   0   0   0   0   0   0   0   0   0   0   0     0    0    0   0.923     30  0.00
   78   78     0   0   0   0   0   0   0   0   9   0   0   0   0   0   0   0  77   0   0  14     0    0    0   0.689     22  0.00
   79   79     5   9   0  14   0   0   0   0   5   0   0  68   0   0   0   0   0   0   0   0     0    0    0   1.032     34  0.00
   80   80     0   0   0   0   0   0   0   0   0   0   9   9   0   0   0  82   0   0   0   0     0    0    0   0.600     20  0.00
   81   81    14   0   0   0   9   0   0   0   0  59   5   0   0   0  14   0   0   0   0   0     0    0    0   1.213     40  0.00
   82   82    86   0   0   5   0   0   0   0   0   0   0   0   0   0   0   0   9   0   0   0     0    0    0   0.485     16  0.00
   83   83     0   0   0   0   0   0   0   0  14   9   0   0   0   0   0   0   0  23   0  55     0    0    0   1.157     38  0.00
   84   84     0   0   0   0   0   0   0   0  14  64   0  14   0   0   0   0   0   0   0   9     0    0    0   1.049     35  0.00
   85   85     5   0   0   0   0   0   0   0   0   0   0  73   0   0   0   0  14   0   9   0     0    0    0   0.862     28  0.00
   86   86    64  23  14   0   0   0   0   0   0   0   0   0   0   0   0   0   0   0   0   0     0    0    0   0.896     29  0.00
   87   87     0   0   0   0   0   0   5   0   5  18   0   0   0   0   0   0   0  23   0  50     0    0    0   1.274     42  0.00
   88   88     0   0   0   0   0   0   0  59  18   9   9   0   0   0   0   0   5   0   0   0     0    0    0   1.197     39  0.00
   89   89     0   0   0   0   0   0   0  91   0   0   0   0   0   0   9   0   0   0   0   0     0    0    0   0.305     10  0.00
   90   90     9   0   0   0   0   0   0   0  86   0   0   5   0   0   0   0   0   0   0   0     0    0    0   0.485     16  0.00
   91   91     0   0   0   0   0   0   0   0   0   0   0   0   0   0   0   0 100   0   0   0     0    0    0   0.000      0  0.00
   92   92    73   9  14   0   0   0   0   0   0   0   0   5   0   0   0   0   0   0   0   0     0    0    0   0.862     28  0.00
   93   93     0   0   0   0   0   0   0   0   0   0   0   0   0   0   0   0 100   0   0   0     0    0    0   0.000      0  0.00
   94   94     0   0   0   0   0   0   0   0   0   0   9   0   0   0   0   0  91   0   0   0     0    0    0   0.305     10  0.00
   95   95    64  18   0   0   0   0   0   0   0   9   0   0   0   0   0   9   0   0   0   0     0    0    0   1.034     34  0.00
   96   96    41  36  14   0   0   0   9   0   0   0   0   0   0   0   0   0   0   0   0   0     0    0    0   1.223     40  0.00
   97   97    14   0   0   0   0   0   0   0   0   0   0  14   0   0   0   0   0   9  64   0     0    0    0   1.049     35  0.00
   98   98     9   0  59   9   9   0   0   0  14   0   0   0   0   0   0   0   0   0   0   0     0    0    0   1.237     41  0.00
   99   99     5   0   0   9   0   0   0   0   0   0   9   0   0   0   0   0   0  77   0   0     0    0    0   0.776     25  0.00
  100  100     0   0   0   0   0   0   0   9   5   0   0   0  77   0   0   0   0   0   9   0     0    0    0   0.776     25  0.00
  101  101    23  14  59   0   0   0   0   0   0   0   0   0   0   0   0   5   0   0   0   0     0    0    0   1.060     35  0.00
  102  102     0   0   0   0   0   0   0   0   0   0  45   0   0   0  27   0   5  14   9   0     0    0    0   1.343     44  0.00
  103  103     5   0   0   0   0   0   0   0   0   9   0   0   0   0   0   0   0  14   0  73     0    0    0   0.862     28  0.00
  104  104     0   0   9   0  68   0  14   0   0   0   9   0   0   0   0   0   0   0   0   0     0    0    0   0.969     32  0.00
  105  105     0  14   0   0   9   0   0   0  14   0   0  45   0   0   9   0   5   5   0   0     0    0    0   1.619     54  0.00
  106  106     0   0   0   0   0   0   0   0   0   0   0  14   0   0   0   9   0  55   0  23     0    0    0   1.157     38  0.00
  107  107     9   0   0   5   0   0   0   0  64  23   0   0   0   0   0   0   0   0   0   0     0    0    0   0.983     32  0.00
  108  108     0   0   0   0   0   0   0   0   9  91   0   0   0   0   0   0   0   0   0   0     0    0    0   0.305     10  0.00
  109  109    55  14  14   0   0   0   0   0   0   0   0  18   0   0   0   0   0   0   0   0     0    0    0   1.184     39  0.00
  110  110     5  68  23   5   0   0   0   0   0   0   0   0   0   0   0   0   0   0   0   0     0    0    0   0.879     29  0.00
  111  111     0   0   0   0   0   0   0   0   0   0  14   0   0   9   5   0   0  14  50   9     0    0    0   1.466     48  0.00
  112  112    23   0  68   0   9   0   0   0   0   0   0   0   0   0   0   0   0   0   0   0     0    0    0   0.816     27  0.00
  113  113     0   0   0   0   0   0   0   0   0   0  36   0   0   0  14   5  45   0   0   0     0    0    0   1.138     38  0.00
  114  114     0   0   0   0  77   0  23   0   0   0   0   0   0   0   0   0   0   0   0   0     0    0    0   0.536     17  0.00
  115  115     0   0   0   0   0   0   0   0   0   0   0   5   0   0  84  11   0   0   0   0     0    0    0   0.537     17  0.00
  116  116     9   5   0   0  14   0  73   0   0   0   0   0   0   0   0   0   0   0   0   0     0    0    0   0.862     28  0.00
  117  117     0   0   0   0   0   0   0  68   9   0   0   9   0   0   0   0   0   0  14   0     0    0    0   0.969     32  0.00
  118  118     0   0   0   0   0   0   0  91   5   0   0   5   0   0   0   0   0   0   0   0     0    0    0   0.368     12  0.00
  119  119     9   0   0   0   0   0   0   0  18   0   0  64   0   0   0   0   0   0   9   0     0    0    0   1.034     34  0.00
  120  120    14   5   9   0  45   0   0   0   5   9   0   0   0   0   0   0  14   0   0   0     0    0    0   1.619     54  0.00
  121  121     9   0   0   0   0   0   0   0   0   0   0   0   0   0   9   0  82   0   0   0     0    0    0   0.600     20  0.00
  122  122     0   0   0   0   0   0   0   0  14   0  23   0   0   0   0  14   0   0  50   0     0    0    0   1.227     40  0.00
  123  123    45  18   9   0  18   0   0   0   9   0   0   0   0   0   0   0   0   0   0   0     0    0    0   1.414     47  0.00
  124  124     0   0   0   0   0   0   0   0   0   0  59  18   0   0   0   9   0   0   5   9     0    0    0   1.197     39  0.00
  125  125    45  36  14   0   5   0   0   0   0   0   0   0   0   0   0   0   0   0   0   0     0    0    0   1.138     38  0.00
  126  126     0   0   0   0   0   0   5   0   0   0   0   0   0   0   9  68  18   0   0   0     0    0    0   0.930     31  0.00
  127  127     0  91   9   0   0   0   0   0   0   0   0   0   0   0   0   0   0   0   0   0     0    0    0   0.305     10  0.00
  128  128     0   0   0   0   0   0   0   0   0 100   0   0   0   0   0   0   0   0   0   0     0    0    0   0.000      0  0.00
  129  129    27  18  45   0   0   0   0   0   9   0   0   0   0   0   0   0   0   0   0   0     0    0    0   1.241     41  0.00
  130  130     5   9   0   0   5   0   0   0   0   0  14  68   0   0   0   0   0   0   0   0     0    0    0   1.032     34  0.00
  131  131    14  64  23   0   0   0   0   0   0   0   0   0   0   0   0   0   0   0   0   0     0    0    0   0.896     29  0.00
  132  132     0   0   0   0   0   0   0   0   0   0  14   0   0   5   0   0   0   0  82   0     0    0    0   0.576     19  0.00
  133  133     0   0   0   0   0   0   0   0   0   0   0   0   0   0   0 100   0   0   0   0     0    0    0   0.000      0  0.00
  134  134     0   0   0   0 100   0   0   0   0   0   0   0   0   0   0   0   0   0   0   0     0    0    0   0.000      0  0.00
  135  135     0   9   0  14  77   0   0   0   0   0   0   0   0   0   0   0   0   0   0   0     0    0    0   0.689     22  0.00
  136  136     0   0   0   0   0   0   0   0   0   0   0   0   0   0   0   9  68  18   0   5     0    0    0   0.930     31  0.00
  137  137     0   0   0   0   0   0   0   0   0  95   0   0   0   0   0   0   5   0   0   0     0    0    0   0.185      6  0.00
  138  138     0   9   0   0   0   0   0   0   5   0   0  86   0   0   0   0   0   0   0   0     0    0    0   0.485     16  0.00
  139  139     0   0   9   0   0   0   0   0   0   0   0   0   0   0   0   0   9  77   5   0     0    0    0   0.776     25  0.00
  140  140     0  14   0  76  10   0   0   0   0   0   0   0   0   0   0   0   0   0   0   0     0    0    0   0.709     23  0.00
  141  141     0   0   0   0   0   0   0   0  59   0   5  14   0   0   0   0   0   0  14   9     0    0    0   1.213     40  0.00
  142  142     0   0   0   0   0   0   0   0  32   0  68   0   0   0   0   0   0   0   0   0     0    0    0   0.625     20  0.00
  143  143     0   0   0   0   0   0   9   0   0   0   0   0   0   0   0   0  59  27   0   5     0    0    0   1.024     34  0.00
  144  144     0   0   0   0   0   0   0   0   0   0  14   0   0   0   0   0   5   9   0  73     0    0    0   0.862     28  0.00
  145  145     0   0   0   0 100   0   0   0   0   0   0   0   0   0   0   0   0   0   0   0     0    0    0   0.000      0  0.00
  146  146     0   0   0   0 100   0   0   0   0   0   0   0   0   0   0   0   0   0   0   0     0    0    0   0.000      0  0.00
  147  147     0   0   0   0   0   0   0   0  14   9   0   5   0   0   0   5  59   0   9   0     0    0    0   1.300     43  0.00
  148  148     0   0   0   0   0   0   0   0   0   0   0   0   0   9  82   0   9   0   0   0     0    0    0   0.600     20  0.00
  149  149     0   0   0   0   0 100   0   0   0   0   0   0   0   0   0   0   0   0   0   0     0    0    0   0.000      0  0.00
  150  150     0   0   0   0   0   0   0   9   0   0   0   0   0   0   9  82   0   0   0   0     0    0    0   0.600     20  0.00
  151  151     0   0   0   0   0   0   0   0   9   0   5   0   0   0   0   0  73   0  14   0     0    0    0   0.862     28  0.00
  152  152     0  77  14   9   0   0   0   0   0   0   0   0   0   0   0   0   0   0   0   0     0    0    0   0.689     22  0.00
  153  153     0   0   0   0   0   0   0  18   0   0  82   0   0   0   0   0   0   0   0   0     0    0    0   0.474     15  0.00
  154  154     0  15   0   0   0   0   0  30   5   0   0   0   0   0   0   0   0   0  50   0     0    0    0   1.142     38  0.00
  155  155     9   0   0   0   0   0   0   0   9  68   0   0   0   0   0   0   0  14   0   0     0    0    0   0.969     32  0.00
  156  156     0   5   0   0   0   0   0   0   0  14   5   0   0   0   0   0  68   9   0   0     0    0    0   1.032     34  0.00
  157  157     0   9   0   0   0   0   0   0   0   0   0   0   0   0  14   0  77   0   0   0     0    0    0   0.689     22  0.00
  158  158     0   0   0   0   0   0   0   0   0   0   0   0   0   0  14   9   0  77   0   0     0    0    0   0.689     22  0.00
  159  159    45   9   0   0   0   0   0   0  32   0  14   0   0   0   0   0   0   0   0   0     0    0    0   1.212     40  0.00
  160  160     0   0   0   0   0   0   0   0   0   0   0   0   0   0   0   0 100   0   0   0     0    0    0   0.000      0  0.00
  161  161     0   9   0   0   0   0   0   0   0   0   0   0   0   0   5  32   0   9  45   0     0    0    0   1.299     43  0.00
  162  162    23   0  68   0   0   0   0   0   0   0   0   9   0   0   0   0   0   0   0   0     0    0    0   0.816     27  0.00
  163  163     9   0   0   0  91   0   0   0   0   0   0   0   0   0   0   0   0   0   0   0     0    0    0   0.305     10  0.00
  164  164     0   0   0   0   0   0   0   5   0   0   9   0   0   0   9  73   0   0   5   0     0    0    0   0.949     31  0.00
  165  165     0   5   0   0   0   0   0   9  77   0   0   0   0   0   0   9   0   0   0   0     0    0    0   0.776     25  0.00
  166  166     9   5   0   0   0   0   0   0  14   0   5   0   0   0   0  45   0   0  14   9     0    0    0   1.619     54  0.00
  167  167     0   0   0   0   0   0   0   5   0   0   5   0   0  59  18   0  14   0   0   0     0    0    0   1.174     39  0.00
  168  168     0   0   0   0   0   0   0   0   0  91   0   0   0   0   0   9   0   0   0   0     0    0    0   0.305     10  0.00
  169  169     0  33   5  57   0   0   0   0   0   0   0   0   0   0   0   5   0   0   0   0     0    0    0   0.976     32  0.00
  170  170     0   0   0   0   0   0   0   0   9   0   0   0   0   0   0   0   0   5   0  86     0    0    0   0.485     16  0.00
  171  171     0  23   0   0   0   0   0   0  23   0   0  45   0   5   5   0   0   0   0   0     0    0    0   1.313     43  0.00
  172  172     0   0   0   0   0   0   0   0   5  23   0   0   0   0   0   9   0  64   0   0     0    0    0   0.983     32  0.00
  173  173    23   0  41   0   0   0   0  14   0   0   0   5   0   0   9   0   0   9   0   0     0    0    0   1.551     51  0.00
  174  174     0   9   5   9   0   0   0   0  14   0   0  64   0   0   0   0   0   0   0   0     0    0    0   1.136     37  0.00
  175  175     0   0   0   0   0   0   0   0   9   0   0   9   0   0  14  59   0   9   0   0     0    0    0   1.237     41  0.00
  176  176     0   0   0   0   0   0   0   0  59   0   9   0   0   0   0   9   0   0  23   0     0    0    0   1.084     36  0.00
  177  177     0   9   9   0   5   0   0   0   0   0   0   0   0   0   5  73   0   0   0   0     0    0    0   0.949     31  0.00
  178  178     9  30  52   0   9   0   0   0   0   0   0   0   0   0   0   0   0   0   0   0     0    0    0   1.126     37  0.00
  179  179     0  13  48  13   0   0   0   0   0   0   9   0   0   0   4   4   0   0   9   0     0    0    0   1.582     52  0.00
  180  180     0   0   0   0   0   0   0  91   0   0   9   0   0   0   0   0   0   0   0   0     0    0    0   0.295      9  0.00
  181  181     0   0   0   0 100   0   0   0   0   0   0   0   0   0   0   0   0   0   0   0     0    0    0   0.000      0  0.00
  182  182     0   0   0   0   0   0   0  78   0   0   0   0   0  17   4   0   0   0   0   0     0    0    0   0.632     21  0.00
  183  183     9   0   0  13   0  13   0   0   4   0  61   0   0   0   0   0   0   0   0   0     0    0    0   1.182     39  0.00
  184  184     0   0   0   0   0   0   0  13  61   4   0   9   0   0   0   0   9   0   4   0     0    0    0   1.265     42  0.00
  185  185     0  83  17   0   0   0   0   0   0   0   0   0   0   0   0   0   0   0   0   0     0    0    0   0.462     15  0.00
  186  186     0  83   0   0   0   0   0   0   0   0   0   0  17   0   0   0   0   0   0   0     0    0    0   0.462     15  0.00
  187  187     0   0   0   0   0   0   4   0   0   9   0   4   0   0   0   0   9  48   0  26     0    0    0   1.401     46  0.00
  188  188     0   0   0   0   0   0   0   9   0   0   0   0   0   0   0   0  13  48  26   4     0    0    0   1.318     43  0.00
  189  189    91   9   0   0   0   0   0   0   0   0   0   0   0   0   0   0   0   0   0   0     0    0    0   0.295      9  0.00
  190  190     0   0   0   0   0   0   0   0   0   0   0   0   0   0   0   0   0   0   0 100     0    0    0   0.000      0  0.00
  191  191     0   0   0   0   0   0   0   0   0  91   9   0   0   0   0   0   0   0   0   0     0    0    0   0.295      9  0.00
  192  192     0   0   9   0   0   0   0   0   0   0   0   0   0   0   0   0   0   0  91   0     0    0    0   0.295      9  0.00
  193  193     0   0   0   0   0   0   0   0   9  87   4   0   0   0   0   0   0   0   0   0     0    0    0   0.470     15  0.00
  194  194     0   9   0   0   0   0   0   0  48   0   0   0   0   0   0   4   0  13   9  17     0    0    0   1.484     49  0.00
  195  195     0   0   0   0   0   0   0   0   0   0   0   0   0   0   0   0   0   0 100   0     0    0    0   0.000      0  0.00
  196  196     0   9   9  13  65   0   4   0   0   0   0   0   0   0   0   0   0   0   0   0     0    0    0   1.106     36  0.00
  197  197   100   0   0   0   0   0   0   0   0   0   0   0   0   0   0   0   0   0   0   0     0    0    0   0.000      0  0.00
  198  198     9   0   0   0   0   0   0  65   9   0   0   0  17   0   0   0   0   0   0   0     0    0    0   1.008     33  0.00
  199  199     0   9   0   0   0   0   0   0  83   0   9   0   0   0   0   0   0   0   0   0     0    0    0   0.583     19  0.00
  200  200     0   0   0   0   0   0   0  87   0   0   4   9   0   0   0   0   0   0   0   0     0    0    0   0.470     15  0.00
  201  201     4   0  87   0   0   0   0   0   0   0   0   9   0   0   0   0   0   0   0   0     0    0    0   0.470     15  0.00
  202  202     4   0  87   0   9   0   0   0   0   0   0   0   0   0   0   0   0   0   0   0     0    0    0   0.470     15  0.00
  203  203     0   0   0   0   0   0   9   0   0   0   0   0   0  68   9   0  14   0   0   0     0    0    0   0.969     32  0.00
  204  204     0   0   0   0   9   0   0   0   0   0   9  82   0   0   0   0   0   0   0   0     0    0    0   0.600     20  0.00
  205  205     0   0   0   0   0   0   0   9   0   0   0   0   0   0   0  61  17  13   0   0     0    0    0   1.084     36  0.00
  206  206     0   0   0   0   0   0   4   4  13   0  17  61   0   0   0   0   0   0   0   0     0    0    0   1.145     38  0.00
  207  207     0  17   0   0   0   0   0   4   0   0   0  52   0   0   0   0  26   0   0   0     0    0    0   1.131     37  0.00
  208  208     0   0   0   0   0   0   0   0   9   0   0   0   0   0   0   4  78   0   9   0     0    0    0   0.753     25  0.00
  209  209    39   0  52   4   4   0   0   0   0   0   0   0   0   0   0   0   0   0   0   0     0    0    0   0.979     32  0.00
  210  210     0   9   0   0   0   0   0  91   0   0   0   0   0   0   0   0   0   0   0   0     0    0    0   0.295      9  0.00
  211  211     0   0   0   0   0   0   0   0   0   0   0   4  96   0   0   0   0   0   0   0     0    0    0   0.179      5  0.00
  212  212     0 100   0   0   0   0   0   0   0   0   0   0   0   0   0   0   0   0   0   0     0    0    0   0.000      0  0.00
  213  213     0  70   4  17   0   0   0   0   9   0   0   0   0   0   0   0   0   0   0   0     0    0    0   0.905     30  0.00
  214  214     0   0   0   0   0   0   0   0   0   0   0   0   0   0 100   0   0   0   0   0     0    0    0   0.000      0  0.00
  215  215     0  83  17   0   0   0   0   0   0   0   0   0   0   0   0   0   0   0   0   0     0    0    0   0.462     15  0.00
  216  216     0   0   0   0   0   0   0   0   0   0   0   0   0   0   0   0   0 100   0   0     0    0    0   0.000      0  0.00
  217  217     0   0   0   0   0   0   0   0   0 100   0   0   0   0   0   0   0   0   0   0     0    0    0   0.000      0  0.00
  218  218     0   0   0   0   0   0   0   0   9   0   0   0   0   0   0   0   0   0  91   0     0    0    0   0.295      9  0.00
  219  219     0  43   0   0   0   0  13   0  17   0   0   0   0   0   0  17   0   0   0   9     0    0    0   1.449     48  0.00
  220  220     0   0   0   0   0   0   0   4   0   0   0   0   0   0   9   0  78   9   0   0     0    0    0   0.753     25  0.00
  221  221     0   0   0   0   0   0   0   0  78   0   0  13   0   0   0   0   9   0   0   0     0    0    0   0.670     22  0.00
  222  222     0   0   0   0   0   0   0   0   0   0   0   0   0   0   0   4  87   0   9   0     0    0    0   0.470     15  0.00
  223  223     0  18   0  82   0   0   0   0   0   0   0   0   0   0   0   0   0   0   0   0     0    0    0   0.474     15  0.00
  224  224     5   0  10   0  14   0  71   0   0   0   0   0   0   0   0   0   0   0   0   0     0    0    0   0.887     29  0.00
  225  225     0   0   0   0   0   0   0   0   0   0   0   0   0   0 100   0   0   0   0   0     0    0    0   0.000      0  0.00
  226  226     0  96   0   4   0   0   0   0   0   0   0   0   0   0   0   0   0   0   0   0     0    0    0   0.179      5  0.00
  227  227     0   0   0   0   0   0   0   0   0   0   9  91   0   0   0   0   0   0   0   0     0    0    0   0.295      9  0.00
  228  228    22  61  17   0   0   0   0   0   0   0   0   0   0   0   0   0   0   0   0   0     0    0    0   0.938     31  0.00
  229  229     0   0   0   0   0   0   0   9   0   0   0   0   0   0  91   0   0   0   0   0     0    0    0   0.295      9  0.00
  230  230     0   0   0   0   0   0   0   0  17   0  17  65   0   0   0   0   0   0   0   0     0    0    0   0.887     29  0.00
  231  231     0   0   0   0   0   0   0   9   0   0  77  14   0   0   0   0   0   0   0   0     0    0    0   0.689     22  0.00
  232  232     0   0   0   0   0   0   0   0   0   0   0   0   0   0   0  77   0   0   9  14     0    0    0   0.689     22  0.00
  233  233     0   0   0   0   0   0   0   0   0   9   0   9   0   0   0   0   0  41   0  41     0    0    0   1.167     38  0.00
  234  234     0   0   0   0   0   0   0   0   9  14   9  68   0   0   0   0   0   0   0   0     0    0    0   0.969     32  0.00
  235  235    82   9   9   0   0   0   0   0   0   0   0   0   0   0   0   0   0   0   0   0     0    0    0   0.600     20  0.00
  236  236     5   0   0   0   0   0   0   0   9   5  59  23   0   0   0   0   0   0   0   0     0    0    0   1.147     38  0.00
  237  237     0   0   0   0   9   0   0   0   0   5   0   0   0   0  27   0  50   0   9   0     0    0    0   1.277     42  0.00
  238  238     5   0   0   0   0   0   0   0   0   0   0  14   0  14  45   0   0  23   0   0     0    0    0   1.379     46  0.00
  239  239     0  86  14   0   0   0   0   0   0   0   0   0   0   0   0   0   0   0   0   0     0    0    0   0.398     13  0.00
  240  240     5   5   0   0   0   0   0   0   9   0   0   0  73   0   0   9   0   0   0   0     0    0    0   0.949     31  0.00
  241  241     0   0   0   0   0   0   0   0   0   0   0   0   0   0   0  14   0  68   0  18     0    0    0   0.843     28  0.00
  242  242     0  77   0   5   9   0   0   0   0   0   0   0   0   0   0   0   0   9   0   0     0    0    0   0.776     25  0.00
  243  243     0  77   9  14   0   0   0   0   0   0   0   0   0   0   0   0   0   0   0   0     0    0    0   0.689     22  0.00
  244  244     0   0   0   0   0   0   0   5  14   0  45  14   0   0   0   9   9   5   0   0     0    0    0   1.619     54  0.00
  245  245     0   0   0   0   0   0   0   0   9   0   0   0   0   0   0   0  14  59   5  14     0    0    0   1.213     40  0.00
  246  246     0   0   0   0   0   0   0   0   0   0   0   0   0   0   5   0  95   0   0   0     0    0    0   0.199      6  0.00
  247  247     0   0   0   0 100   0   0   0   0   0   0   0   0   0   0   0   0   0   0   0     0    0    0   0.000      0  0.00
//
