ID Pseudo hssp file.
SEQ 
SEQ gi|267009|sp|P30340|SMTB_SYNP7 TRANSCRIPTIONAL REPRESSOR SMTB >g...   147  3e-35
SEQ gi|2495428|sp|Q55940|SMTB_SYNY3 TRANSCRIPTIONAL REPRESSOR SMTB H...    86  1e-16
SEQ gi|7474029|pir||A75601 transcription repressor SmtB - Deinococcu...    79  2e-14
SEQ gi|14521139|ref|NP_126614.1| TRANSCRIPTIONAL REPRESSOR SMTB HOMO...    61  3e-09
SEQ gi|13883729|gb|AAK48216.1| (AE007180) transcriptional regulator,...    57  6e-08
SEQ gi|7475893|pir||E69930 transcription regulator ArsR family homol...    55  2e-07
SEQ gi|7479008|pir||A70799 probable transcription regulator Rv3744 -...    55  2e-07
SEQ gi|584871|sp|P37374|CADF_STAAU CADMIUM EFFLUX SYSTEM ACCESSORY P...    54  5e-07
SEQ gi|10176662|dbj|BAB07756.1| (AP001520) cadmium-binding protein (...    53  1e-06
SEQ gi|7444005|pir||G69106 transcription regulator - Methanobacteriu...    52  2e-06
SEQ gi|231678|sp|P30339|CADC_BACFI CADMIUM EFFLUX SYSTEM ACCESSORY P...    52  2e-06
SEQ gi|282352|pir||C42707 cadmium resistance determinant/cation-bind...    52  2e-06
SEQ gi|7481256|pir||T35946 probable regulatory protein - Streptomyce...    49  1e-05
SEQ gi|12724613|gb|AAK05704.1|AE006391_3 (AE006391) transcriptional ...    48  3e-05
SEQ gi|11356397|pir||T44366 hypothetical protein CzrA [imported] - S...    48  3e-05
SEQ gi|140340|sp|P20047|CADC_STAAU CADMIUM EFFLUX SYSTEM ACCESSORY P...    46  1e-04
SEQ gi|13506787|gb|AAK28334.1|AF241574_1 (AF241574) transcriptional ...    46  1e-04
SEQ gi|8980456|emb|CAB96928.1| (AJ251015) CadC protein [Stenotrophom...    45  2e-04
SEQ gi|11356235|pir||H82433 transcription regulator ArsR family VCA0...    43  8e-04
SEQ gi|6683549|dbj|BAA89242.1| (AB024531) similar to Mycobacterium t...    43  9e-04
SEQ 
## SEQUENCE PROFILE AND ENTROPY
 SeqNo PDBNo   V   L   I   M   F   W   Y   G   A   P   S   T   C   H   R   K   Q   E   N   D  NOCC NDEL NINS ENTROPY RELENT WEIGHT
    1    1     0   0   0   0   0   0   0   0 100   0   0   0   0   0   0   0   0   0   0   0     0    0    0   0.000      0  0.00
    2    2    25   0  50  25   0   0   0   0   0   0   0   0   0   0   0   0   0   0   0   0     0    0    0   1.040     34  0.00
    3    3     0   0   0   0   0   0   0   0  75   0  25   0   0   0   0   0   0   0   0   0     0    0    0   0.562     18  0.00
    4    4     0   0   0   0   0   0   0   0   0   0  50   0   0   0   0   0  25  25   0   0     0    0    0   1.040     34  0.00
    5    5     0   0   0   0   0   0   0   0  20   0   0   0   0   0   0   0  40  40   0   0     0    0    0   1.055     35  0.00
    6    6    20  40   0   0   0   0  20   0   0   0   0   0   0   0  20   0   0   0   0   0     0    0    0   1.332     44  0.00
    7    7     0   0   0   0   0   0   0   0  17   0  17   0   0   0  17   0  33  17   0   0     0    0    0   1.561     52  0.00
    8    8     0   0   0   0   0   0   0   0  67   0   0   0   0   0   0   0  17  17   0   0     0    0    0   0.868     28  0.00
    9    9    29  14  43  14   0   0   0   0   0   0   0   0   0   0   0   0   0   0   0   0     0    0    0   1.277     42  0.00
   10   10     0   0   0   0   0   0   0   0  29  14  14   0   0   0   0  14  14   0  14   0     0    0    0   1.748     58  0.00
   11   11     0   0   0   0   0   0   0  29   0  43   0  14   0   0   0   0  14   0   0   0     0    0    0   1.277     42  0.00
   12   12     0   0   0   0   0   0   0   0   0   0   0   0   0   0   0   0  22  67   0  11     0    0    0   0.849     28  0.00
   13   13    44   0   0   0   0   0   0   0  33   0   0  11   0   0   0   0   0   0  11   0     0    0    0   1.215     40  0.00
   14   14    10  10   0   0  10   0   0   0  60   0   0   0   0  10   0   0   0   0   0   0     0    0    0   1.228     40  0.00
   15   15     0   0   0   0   0   0   0   0  25   0   0   8   0   0   8   8  33  17   0   0     0    0    0   1.633     54  0.00
   16   16     0   0   0   0   0   0   0   7   7   0  29   0   0   0   7   7  29   7   0   7     0    0    0   1.847     61  0.00
   17   17    63  13  13   6   0   0   0   0   6   0   0   0   0   0   0   0   0   0   0   0     0    0    0   1.160     38  0.00
   18   18     0   0   0   0   0   0   0   0  81   0   6   6   6   0   0   0   0   0   0   0     0    0    0   0.689     22  0.00
   19   19     0   0   0   0   0   0   0   0   0   0  13   6   0   0   0   0  19  44   0  19     0    0    0   1.423     47  0.00
   20   20     0   6  13  19  38   0   6   0   0   0   0  19   0   0   0   0   0   0   0   0     0    0    0   1.602     53  0.00
   21   21     0  38   0   0  63   0   0   0   0   0   0   0   0   0   0   0   0   0   0   0     0    0    0   0.662     22  0.00
   22   22     0   0   0   0   0   0   0   0  13   0  13   0   0   0   6  50  13   0   0   6     0    0    0   1.473     49  0.00
   23   23    19  19   6   0   0   0   0   0  56   0   0   0   0   0   0   0   0   0   0   0     0    0    0   1.125     37  0.00
   24   24     0  75  13   6   6   0   0   0   0   0   0   0   0   0   0   0   0   0   0   0     0    0    0   0.822     27  0.00
   25   25     0   0   0   0   0   0   0  19  56   0  25   0   0   0   0   0   0   0   0   0     0    0    0   0.984     32  0.00
   26   26     0   0   0   0   0   0   0   0   0   0   0  13   0   6   0   0   0  13  13  56     0    0    0   1.277     42  0.00
   27   27     0   0   0   0   0   0   6   0   0  69   0   0   0   0   0   0   0  19   0   6     0    0    0   0.918     30  0.00
   28   28     0   0   0   6   0   0   0   6   0   0  19  31   0   0   0   0   0   6  31   0     0    0    0   1.561     52  0.00
   29   29     6   6   0   0   0   0   0   0  13   0   0   0   0   0  75   0   0   0   0   0     0    0    0   0.822     27  0.00
   30   30     0  63  13   0   0   0   0   0   0   0   0   0   0   0   0  25   0   0   0   0     0    0    0   0.900     30  0.00
   31   31     0   0  25  19   0   0   0   0   0   0   0   0   0   0  38  13   0   0   6   0     0    0    0   1.461     48  0.00
   32   32     6  38  38   0   0   0   0   0   6   0   0  13   0   0   0   0   0   0   0   0     0    0    0   1.342     44  0.00
   33   33     0  56   6  13   6   0  19   0   0   0   0   0   0   0   0   0   0   0   0   0     0    0    0   1.244     41  0.00
   34   34     0   0   0   6   0   0   0   0  25   0  31  13   6  13   0   0   0   6   0   0     0    0    0   1.750     58  0.00
   35   35     0  56   0   0   0   0   0   0  19   0   6   0   0   0   0   0  19   0   0   0     0    0    0   1.125     37  0.00
   36   36     0  81   0   6   0   0   0   0   0   0   0   0  13   0   0   0   0   0   0   0     0    0    0   0.602     20  0.00
   37   37     0   0   0   0   0   0   0   0  25   0  25   6   0   0  19   0  19   6   0   0     0    0    0   1.667     55  0.00
   38   38     6   6   0   0   0   0   0   0   6   0   0   6   0   0  25   0  19   0  13  19     0    0    0   1.927     64  0.00
   39   39     0   0   0   0   0   0   0  25   0   0  25   6   0   0   0   0   6  25   0  13     0    0    0   1.646     54  0.00
   40   40     0   0   0   0   0   0   0   0   0  13   6   0   0   0   0   0   0  75   6   0     0    0    0   0.822     27  0.00
   41   41     0  63   0   6   0   0   0   0   6   0  13   0   0   6   0   6   0   0   0   0     0    0    0   1.247     41  0.00
   42   42     0   0   0   0   0   0   0   5   5  11   5   5  68   0   0   0   0   0   0   0     0    0    0   1.117     37  0.00
   43   43    95   0   0   0   0   0   0   0   0   0   0   5   0   0   0   0   0   0   0   0     0    0    0   0.199      6  0.00
   44   44     0   0   0   0   0   0   0  25   0   0   0  10  50   0   0   0   5   0  10   0     0    0    0   1.303     43  0.00
   45   45     0   0   0   0   0   0   0   5   0   0   0   0   0   5   0   0   5  19   0  67     0    0    0   1.021     34  0.00
   46   46    10  57  33   0   0   0   0   0   0   0   0   0   0   0   0   0   0   0   0   0     0    0    0   0.910     30  0.00
   47   47    10   0   5   0   0   0   0   0  71   0  10   0   0   0   0   0   5   0   0   0     0    0    0   0.978     32  0.00
   48   48     0   0   0   0   0   0   0   0  19   0   5   0   0  10   0   0  14  24  24   5     0    0    0   1.791     59  0.00
   49   49     5   5  33   0   0   0   0   5  33   0   0   0   0   0   0  10   5   5   0   0     0    0    0   1.681     56  0.00
   50   50    10  24  38   5   0   0   0   0   0   0   5  19   0   0   0   0   0   0   0   0     0    0    0   1.539     51  0.00
   51   51     0   0   0   0   0   0   0  57   0   0   0   5   0   0   0  10  10   5  10   5     0    0    0   1.427     47  0.00
   52   52    29  33  10  14   0   0   0   0   5   0   5   5   0   0   0   0   0   0   0   0     0    0    0   1.661     55  0.00
   53   53     0   5   0   0   0   0   0   0   0   0  52  29   0   0   0   0   0  14   0   0     0    0    0   1.120     37  0.00
   54   54     5   0  10   0   0   0   0   0  10   0   0  10   0   0   5   0  43  19   0   0     0    0    0   1.641     54  0.00
   55   55     0   0   0   0   0   0   0   0  33   5  62   0   0   0   0   0   0   0   0   0     0    0    0   0.808     26  0.00
   56   56     0   5   0   0   0   0   0   0  52   0   0  14   0   0   0   0   0   0  29   0     0    0    0   1.120     37  0.00
   57   57    57   0   5   0   5   0   0   0  29   0   0   0   5   0   0   0   0   0   0   0     0    0    0   1.113     37  0.00
   58   58     0   0   0   0   0   0   0   0   0   0 100   0   0   0   0   0   0   0   0   0     0    0    0   0.000      0  0.00
   59   59     0   0   0   0   0   0   0   0   0   0   0   0   0  86   0   5  10   0   0   0     0    0    0   0.501     16  0.00
   60   60     0   0   0   0   0   0   0   0   0   0   0   0   0  43   0   0  57   0   0   0     0    0    0   0.683     22  0.00
   61   61     0 100   0   0   0   0   0   0   0   0   0   0   0   0   0   0   0   0   0   0     0    0    0   0.000      0  0.00
   62   62     0   0   0   0   0   0   0   0   0   0   0   5   0   0  76  19   0   0   0   0     0    0    0   0.668     22  0.00
   63   63    19  24  19   5   5   0   0   0   0   0  10  14   0   5   0   0   0   0   0   0     0    0    0   1.910     63  0.00
   64   64     0  95   0   5   0   0   0   0   0   0   0   0   0   0   0   0   0   0   0   0     0    0    0   0.191      6  0.00
   65   65     0   0   0   0   0   5  10   0   0   0   0   0   0  10  52  24   0   0   0   0     0    0    0   1.273     42  0.00
   66   66     0   0   0   0   0   0   0   0   0   0  10   5   0   0   0  24  10   0  48   5     0    0    0   1.433     47  0.00
   67   67     5  38   0   0   0   0   0   5  19   0   0   0   0   5   5   0  24   0   0   0     0    0    0   1.605     53  0.00
   68   68     0   0   0   0   0   0   0  57   0   0   0   0   0   5  29  10   0   0   0   0     0    0    0   1.047     34  0.00
   69   69    10  43  43   5   0   0   0   0   0   0   0   0   0   0   0   0   0   0   0   0     0    0    0   1.095     36  0.00
   70   70    76  10   5   0   0   0   0   0  10   0   0   0   0   0   0   0   0   0   0   0     0    0    0   0.800     26  0.00
   71   71    14   0   0   0   0   0   0   0   5   0  14  10   0   0  10  24   5   0  14   5     0    0    0   2.058     68  0.00
   72   72     0   0   0   0  14   0  43  14  10   0   5   0   0   0  10   0   0   0   5   0     0    0    0   1.657     55  0.00
   73   73     0   0   0   0   0   0   0   0   0   0   0   0   0   0  71   5   0  14   0  10     0    0    0   0.887     29  0.00
   74   74     0   0   0   0   0   0   0   0   0   0  10   0   0   0  33  57   0   0   0   0     0    0    0   0.910     30  0.00
   75   75     5   0   5   0   0   0   0   0  10   0   0   0   0   0   5   0  14  52   0  10     0    0    0   1.500     50  0.00
   76   76     0   0   0   0   0   0   0  95   0   0   5   0   0   0   0   0   0   0   0   0     0    0    0   0.191      6  0.00
   77   77     0   0   0   0   0   0   0   0   0   0   0  10   0   0  33  48  10   0   0   0     0    0    0   1.167     38  0.00
   78   78     5  29   0   5   0   0   0   0   0   0  29   5   0  10   0   0   5   0  14   0     0    0    0   1.798     60  0.00
   79   79    48   0  14   5   5   0   0   0  29   0   0   0   0   0   0   0   0   0   0   0     0    0    0   1.279     42  0.00
   80   80    14  10   5   0  24   0  38   0   0   0   0   5   0   0   5   0   0   0   0   0     0    0    0   1.646     54  0.00
   81   81     0   0   0   0   0   0 100   0   0   0   0   0   0   0   0   0   0   0   0   0     0    0    0   0.000      0  0.00
   82   82     0   5   0   0   0   0   5   0   5   0  57   0   0   0  19   0  10   0   0   0     0    0    0   1.295     43  0.00
   83   83     5  81   5   0   0   0   0   0   0   5   0   0   0   0   0   0   0   5   0   0     0    0    0   0.751     25  0.00
   84   84     0   0   0   0   0   0  14   5  14   0   0   0   0  10   5   0  10  10   0  33     0    0    0   1.884     62  0.00
   85   85     0   0   0   0   0   0   0   0   0   0   0   0   0   0   0   0   0   0   0 100     0    0    0   0.000      0  0.00
   86   86     0   0   5   0   0   0   0   0   0   0   5  14   0  10   5   0   0  43  10  10     0    0    0   1.748     58  0.00
   87   87     0   0   0  10   0   0   0   0   0   0   5   0   0  81   5   0   0   0   0   0     0    0    0   0.685     22  0.00
   88   88    48   0  48   0   0   0   0   0   0   0   0   0   0   0   0   0   0   5   0   0     0    0    0   0.852     28  0.00
   89   89    14  10   5   5   5   0   0   5  19   0   0  10   0   0  24   5   0   0   0   0     0    0    0   2.108     70  0.00
   90   90     0   0   0   5   0   0   0   5  15   0   0  15   0   5   0   0  35  10   5   5     0    0    0   1.916     63  0.00
   91   91     5  55  30   5   0   0   0   0   0   0   0   0   0   0   0   5   0   0   0   0     0    0    0   1.139     38  0.00
   92   92     5  45  10  20   0   0  15   0   0   0   0   0   5   0   0   0   0   0   0   0     0    0    0   1.496     49  0.00
   93   93     0   0   0  20   0   0   0   0   0   0   5   0   0   0  15  10  25   5   5  15     0    0    0   1.917     63  0.00
   94   94     0   0  20   5   0   0   0   0   0   0  10   5   0   5   5   5  15  15  10   5     0    0    0   2.250     75  0.00
   95   95    26   0   0   5   5   0   0   0  63   0   0   0   0   0   0   0   0   0   0   0     0    0    0   0.951     31  0.00
   96   96    11  47  21   0   5   0   0   0  11   0   0   0   5   0   0   0   0   0   0   0     0    0    0   1.466     48  0.00
   97   97     5   5   0   0   0   0  16   0  11   0   0   0   0  11   0   0   0  16   5  32     0    0    0   1.886     62  0.00
   98   98     0   0   0   0   0   0   0   0   0   0   0   0   0  89   5   0   0   5   0   0     0    0    0   0.409     13  0.00
   99   99    13  38   0   0   0   0   0   6   6   0   0   6   0   0   0  25   6   0   0   0     0    0    0   1.667     55  0.00
  100  100     0   0   0   0   0   0   0   0   0   0   7   0   0   0  14  36  29   7   0   7     0    0    0   1.569     52  0.00
  101  101     0   0   0   0   0   0   0   0   0   0   0   0   0   0   0   0   0 100   0   0     0    0    0   0.000      0  0.00
//
