ID Pseudo hssp file.
SEQ 
SEQ gi|4505861|ref|NP_000921.1| plasminogen activator, tissue; Plasm...   102  5e-22
SEQ gi|339834|gb|AAB59510.1| (L00153) plasminogen activator [Homo sa...   102  5e-22
SEQ gi|441174|dbj|BAA00881.1| (D01096) tissue plasminogen activator ...   102  6e-22
SEQ gi|2118099|pir||I38098 t-plasminogen activator precursor, inacti...    99  6e-21
SEQ gi|1127062|pdb|1TPG|    F1-G Module Pair Residues 1-91 (C83s) Of...    90  3e-18
SEQ gi|2499868|sp|Q28198|TPA_BOVIN TISSUE-TYPE PLASMINOGEN ACTIVATOR...    83  4e-16
SEQ gi|13094662|gb|AAK11956.1| (AF260825) neonatal thrombolytic agen...    83  4e-16
SEQ gi|494664|pdb|1TPM|    Tissue-Type Plasminogen Activator (Type 1...    83  5e-16
SEQ gi|6679375|ref|NP_032898.1| plasminogen activator, tissue [Mus m...    80  3e-15
SEQ gi|1351380|sp|P15638|URT2_DESRO SALIVARY PLASMINOGEN ACTIVATOR A...    76  9e-14
SEQ gi|104965|pir||A34369 t-plasminogen activator (EC 3.4.21.68) pre...    75  1e-13
SEQ gi|137121|sp|P19637|TPA_RAT TISSUE-TYPE PLASMINOGEN ACTIVATOR PR...    67  4e-11
SEQ gi|6981366|ref|NP_037283.1| plasminogen activator, tissue [Rattu...    67  4e-11
SEQ gi|1351379|sp|P98119|URT1_DESRO SALIVARY PLASMINOGEN ACTIVATOR A...    66  8e-11
SEQ 
## SEQUENCE PROFILE AND ENTROPY
 SeqNo PDBNo   V   L   I   M   F   W   Y   G   A   P   S   T   C   H   R   K   Q   E   N   D  NOCC NDEL NINS ENTROPY RELENT WEIGHT
    1    1     0   0   0   0   0   0   0   0  21   0  79   0   0   0   0   0   0   0   0   0     0    0    0   0.520     17  0.00
    2    2     0   0   0   0   0   0 100   0   0   0   0   0   0   0   0   0   0   0   0   0     0    0    0   0.000      0  0.00
    3    3     0   0   0   0   0   0   0  21   0   0   0   0   0   0  21   7  50   0   0   0     0    0    0   1.195     39  0.00
    4    4    79   0   0   0   0   0   0   0  21   0   0   0   0   0   0   0   0   0   0   0     0    0    0   0.520     17  0.00
    5    5     0   0  50   0   0   0   0   0  21   0   0  29   0   0   0   0   0   0   0   0     0    0    0   1.035     34  0.00
    6    6     0   0   0   0   0   0   0   0   0   0   0   0 100   0   0   0   0   0   0   0     0    0    0   0.000      0  0.00
    7    7     0   0   0   0   0   0   0   0   0   0   0   0   0   0  93   7   0   0   0   0     0    0    0   0.245      8  0.00
    8    8     0   0   0   0   0   0   0   0   0   0   0   0   0   0   0   0   0   0   0 100     0    0    0   0.000      0  0.00
    9    9     0   0   0   0   0   0   0   7   0   0   0   0   0   0   0   0   0  93   0   0     0    0    0   0.245      8  0.00
   10   10     0   0   7   0   0   0   0   0   0   7   0   0   0   0   0  73  13   0   0   0     0    0    0   0.857     28  0.00
   11   11     0   0   0   0   0   0   0   0   0   0   0 100   0   0   0   0   0   0   0   0     0    0    0   0.000      0  0.00
   12   12     0   0   0   0   0   0   0   0   0   0   0   0   0   0   0   0 100   0   0   0     0    0    0   0.000      0  0.00
   13   13     0   0   0  80   0   0   0   0   0   0   0  20   0   0   0   0   0   0   0   0     0    0    0   0.500     16  0.00
   14   14     0   0  67   0   0   0   0   0   0   0   0  33   0   0   0   0   0   0   0   0     0    0    0   0.637     21  0.00
   15   15     0   0   0   0   0   0 100   0   0   0   0   0   0   0   0   0   0   0   0   0     0    0    0   0.000      0  0.00
   16   16     0   0   0   0   0   0   0   0   0   0   0   0   0   0  13   0  87   0   0   0     0    0    0   0.393     13  0.00
   17   17     0   0   0   0   0   0   0   0   0   0   0   0   0   0   7   0  93   0   0   0     0    0    0   0.245      8  0.00
   18   18     0   0   0   0   0   0   0   0   0   0   0   0   0  80   0   0  20   0   0   0     0    0    0   0.500     16  0.00
   19   19     0   0   0   0   0   0   0   0   0   0   0   0   0   0   0   0  73  20   0   7     0    0    0   0.730     24  0.00
   20   20     0   0   0   0   0   0   0   0   0   0 100   0   0   0   0   0   0   0   0   0     0    0    0   0.000      0  0.00
   21   21     0   0   0   0   0 100   0   0   0   0   0   0   0   0   0   0   0   0   0   0     0    0    0   0.000      0  0.00
   22   22     0 100   0   0   0   0   0   0   0   0   0   0   0   0   0   0   0   0   0   0     0    0    0   0.000      0  0.00
   23   23     0   0   0   0   0   0   0   0   0   0   0   0   0   0 100   0   0   0   0   0     0    0    0   0.000      0  0.00
   24   24     0   0   0   0   0   0   0   0   0 100   0   0   0   0   0   0   0   0   0   0     0    0    0   0.000      0  0.00
   25   25    53   7   0  20   0   0   0   0   0   0   0   0   0   0   0   0   0  20   0   0     0    0    0   1.160     38  0.00
   26   26    20  80   0   0   0   0   0   0   0   0   0   0   0   0   0   0   0   0   0   0     0    0    0   0.500     16  0.00
   27   27     0   0   0   0   0   0   0   0   0   0   0   0   0   0 100   0   0   0   0   0     0    0    0   0.000      0  0.00
   28   28     0   0   0   0   0   0   0  20   0   0  80   0   0   0   0   0   0   0   0   0     0    0    0   0.500     16  0.00
   29   29     0   0   0   0   0   0   0   0   0   0   7   0   0   0   0  20   0   0  73   0     0    0    0   0.730     24  0.00
   30   30     0   0   0   0   0   0   0   0   0   0   0   0   0   0  93   0   7   0   0   0     0    0    0   0.245      8  0.00
   31   31   100   0   0   0   0   0   0   0   0   0   0   0   0   0   0   0   0   0   0   0     0    0    0   0.000      0  0.00
   32   32     0   0   0   0   0   0   0   0   0   0   0   0   0   0   0   0   0 100   0   0     0    0    0   0.000      0  0.00
   33   33     0   0   0   0   0   0  73   0   0   0   0   0   0  27   0   0   0   0   0   0     0    0    0   0.580     19  0.00
   34   34     0   0   0   0   0   0   0   0   0   0   0   0 100   0   0   0   0   0   0   0     0    0    0   0.000      0  0.00
   35   35     0   0   0   0   0  60   0   0   0   0   0   0   0   0  33   0   7   0   0   0     0    0    0   0.853     28  0.00
   36   36     0   0   0   0   0   0   0   0   0   0   0   0 100   0   0   0   0   0   0   0     0    0    0   0.000      0  0.00
   37   37     0   0   0   0   0   0   0   0   0   0   0   0   0   0   0   0   0   0  73  27     0    0    0   0.580     19  0.00
   38   38     0   0   0   0   0   0   0   7   0   0  73   0   0   0  20   0   0   0   0   0     0    0    0   0.730     24  0.00
   39   39     0   0   0   0   0   0   0 100   0   0   0   0   0   0   0   0   0   0   0   0     0    0    0   0.000      0  0.00
   40   40     0  33   0   0   0   0   0   0   0   0   0   0   0   0  60   0   7   0   0   0     0    0    0   0.853     28  0.00
   41   41     7   0   0   0   0   0   0   0  93   0   0   0   0   0   0   0   0   0   0   0     0    0    0   0.245      8  0.00
   42   42     0   0   0   0   0   0   0   0   0   0   0   0   0   0   7   0  93   0   0   0     0    0    0   0.245      8  0.00
   43   43     0   0   0   0   0   0   0   0   0   0   0   0 100   0   0   0   0   0   0   0     0    0    0   0.000      0  0.00
   44   44     0   0   0   0   0   0   0   0   0   0   0   0   0 100   0   0   0   0   0   0     0    0    0   0.000      0  0.00
   45   45     0   0   0   0   0   0   0   0   0   0  79  21   0   0   0   0   0   0   0   0     0    0    0   0.520     17  0.00
   46   46   100   0   0   0   0   0   0   0   0   0   0   0   0   0   0   0   0   0   0   0     0    0    0   0.000      0  0.00
   47   47     0   0   0   0   0   0   0   0   0 100   0   0   0   0   0   0   0   0   0   0     0    0    0   0.000      0  0.00
   48   48   100   0   0   0   0   0   0   0   0   0   0   0   0   0   0   0   0   0   0   0     0    0    0   0.000      0  0.00
   49   49     0   0   0   0   0   0   0   0   0   0   0   0   0   0  29  64   0   0   7   0     0    0    0   0.830     27  0.00
   50   50     0   0   0   0   0   0   0   0   0   0 100   0   0   0   0   0   0   0   0   0     0    0    0   0.000      0  0.00
//
