ID Pseudo hssp file.
SEQ 
SEQ gi|1942223|pdb|1TUL|    Structure Of Tlp20                            202  9e-52
SEQ gi|3915898|sp|Q06691|TL20_NPVAC TELOKIN-LIKE PROTEIN-20 >gi|5159...   201  3e-51
SEQ gi|9627825|ref|NP_054112.1| telokin-like protein-20 [Autographa ...   201  3e-51
SEQ gi|525308|emb|CAA50545.1| (X71415) ORF 540 [Autographa californi...   195  1e-49
SEQ gi|9630888|ref|NP_047485.1| AcMNPV orf82 [Bombyx mori nuclear po...   187  4e-47
SEQ gi|480335|pir||S36700 hypothetical protein 141 - Autographa cali...    64  7e-10
SEQ gi|9634299|ref|NP_037838.1| ORF78 [Spodoptera exigua nucleopolyh...    62  2e-09
SEQ gi|11230763|gb|AAG32101.1| (AY008371) unknown [Spodoptera litura...    57  8e-08
SEQ gi|9631057|ref|NP_047727.1| LdOrf-82 peptide [Lymantria dispar n...    54  4e-07
SEQ gi|12597560|ref|NP_075144.1| unknown [Heliocoverpa armigera nucl...    52  3e-06
SEQ gi|480333|pir||S36698 hypothetical protein 282 - Autographa cali...    49  1e-05
SEQ gi|9630023|ref|NP_046241.1| unknown [Orgyia pseudotsugata nuclea...    43  9e-04
SEQ 
## SEQUENCE PROFILE AND ENTROPY
 SeqNo PDBNo   V   L   I   M   F   W   Y   G   A   P   S   T   C   H   R   K   Q   E   N   D  NOCC NDEL NINS ENTROPY RELENT WEIGHT
    1    1     0   0   0   0   0   0   0 100   0   0   0   0   0   0   0   0   0   0   0   0     0    0    0   0.000      0  0.00
    2    2     0   0   0   0   0   0   0   0   0   0   0 100   0   0   0   0   0   0   0   0     0    0    0   0.000      0  0.00
    3    3    18   0   9   0   0   0   0   0   0  64   9   0   0   0   0   0   0   0   0   0     0    0    0   1.034     34  0.00
    4    4     0   0   0   0   0   0   0   0   0   0   0   0   0   0   0   0   0   0   0 100     0    0    0   0.000      0  0.00
    5    5     0   0 100   0   0   0   0   0   0   0   0   0   0   0   0   0   0   0   0   0     0    0    0   0.000      0  0.00
    6    6     9   0  64   0   0   0   0   0  18   0   9   0   0   0   0   0   0   0   0   0     0    0    0   1.034     34  0.00
    7    7    91   0   0   0   0   0   0   0   0   0   0   9   0   0   0   0   0   0   0   0     0    0    0   0.305     10  0.00
    8    8     0   0   0   0   0   0   9   0   0   0   0   0   0   9   9   0   0   0  64   9     0    0    0   1.160     38  0.00
    9    9    27   0   0   0   0   0   0   0  73   0   0   0   0   0   0   0   0   0   0   0     0    0    0   0.586     19  0.00
   10   10     9   0   0   0   0   0   0   0   0   0   0   9   0   0   9   0  64   0   9   0     0    0    0   1.160     38  0.00
   11   11     9  18  64   0   0   0   0   0   0   0   0   0   0   0   0   0   9   0   0   0     0    0    0   1.034     34  0.00
   12   12     0   9   0   0   0   0   0   0   0   0   0   9   0   0   0   0   0   0  64  18     0    0    0   1.034     34  0.00
   13   13     0   0   9   0   0   0   0   0   0   0  64   0   0   0   9   9   0   0   0   9     0    0    0   1.160     38  0.00
   14   14     0   0   0   0   0   0   0   0   8   0   0   0   0   0   0   0   0  92   0   0     0    0    0   0.287      9  0.00
   15   15     0   0   0   0   8   0   0   0   0   8   0   0   0   0   0   8   0   0   0  75     0    0    0   0.837     27  0.00
   16   16     0   0   0   0   0   0   0   0   0   0   0   0   0   0  17   8   0  67   0   8     0    0    0   0.983     32  0.00
   17   17     0   0   0   0   0   0   0   0   0   0   0   8   0   8   0  17   0   0  67   0     0    0    0   0.983     32  0.00
   18   18    75   8   0   0   0   0   0   0   0   0   0  17   0   0   0   0   0   0   0   0     0    0    0   0.721     24  0.00
   19   19     0 100   0   0   0   0   0   0   0   0   0   0   0   0   0   0   0   0   0   0     0    0    0   0.000      0  0.00
   20   20     0   0   0   0   0   0   0   0   0   0  33   0   0   0   0   0   0   8   0  58     0    0    0   0.888     29  0.00
   21   21     0   0   0   0 100   0   0   0   0   0   0   0   0   0   0   0   0   0   0   0     0    0    0   0.000      0  0.00
   22   22     8   0  83   0   0   0   0   0   0   0   0   0   0   0   0   0   0   8   0   0     0    0    0   0.566     18  0.00
   23   23    33   0  58   0   0   0   0   0   8   0   0   0   0   0   0   0   0   0   0   0     0    0    0   0.888     29  0.00
   24   24     0   0   0   0   0   0   0   0   0   0   0   0   0   0   8   0  25  67   0   0     0    0    0   0.824     27  0.00
   25   25     0   0   0   0   0   0   0   0   0   0   0   0   0   0   0   0   0   8   8  83     0    0    0   0.566     18  0.00
   26   26     0   0   0   0   0   0   0   0   0   0   0   0   0   0   0   0   0 100   0   0     0    0    0   0.000      0  0.00
   27   27     0   0   0   0   0   0  83   0   0   0   0   0   8   8   0   0   0   0   0   0     0    0    0   0.566     18  0.00
   28   28     0   0   0   0   0   0  58   0   0   0   0   0   8  33   0   0   0   0   0   0     0    0    0   0.888     29  0.00
   29   29     0 100   0   0   0   0   0   0   0   0   0   0   0   0   0   0   0   0   0   0     0    0    0   0.000      0  0.00
   30   30     0   0   0   8   0   0   0   0   0   0   0   0   0   0   0  92   0   0   0   0     0    0    0   0.287      9  0.00
   31   31     0   0   0   0   0   0   0   0   0   0   0   0   0   0   8  92   0   0   0   0     0    0    0   0.287      9  0.00
   32   32     0  36   0   0   0   0   0   0   0   0   0   0   0   0  64   0   0   0   0   0     0    0    0   0.655     21  0.00
   33   33     0   0   0   0   0   0   0  50  30  10   0  10   0   0   0   0   0   0   0   0     0    0    0   1.168     38  0.00
   34   34    80  10  10   0   0   0   0   0   0   0   0   0   0   0   0   0   0   0   0   0     0    0    0   0.639     21  0.00
   35   35     0   0   0   0   0   0   0  91   9   0   0   0   0   0   0   0   0   0   0   0     0    0    0   0.305     10  0.00
   36   36     0   0   0   0   0   0   0   0 100   0   0   0   0   0   0   0   0   0   0   0     0    0    0   0.000      0  0.00
   37   37     0   0   0   0   0   0  36   0   0   0   0   0   0  64   0   0   0   0   0   0     0    0    0   0.655     21  0.00
   38   38     0   0  55   0   0   0   0   0   9   0   0   0   9   0   0   0   0   9  18   0     0    0    0   1.295     43  0.00
   39   39    18   0  82   0   0   0   0   0   0   0   0   0   0   0   0   0   0   0   0   0     0    0    0   0.474     15  0.00
   40   40     0   0   0   0   0   0   0   0   0   0   0   9   0   0   9  55   0   0  27   0     0    0    0   1.121     37  0.00
   41   41    82   0  18   0   0   0   0   0   0   0   0   0   0   0   0   0   0   0   0   0     0    0    0   0.474     15  0.00
   42   42     0  27  18   0   0   0   0   0  55   0   0   0   0   0   0   0   0   0   0   0     0    0    0   0.995     33  0.00
   43   43     0   0   0   0   0   0   0   0   9   0  55   0   0   0   0   0   0   0   0  36     0    0    0   0.916     30  0.00
   44   44     0   0   0   0   0   0   0   0   0   0  73  27   0   0   0   0   0   0   0   0     0    0    0   0.586     19  0.00
   45   45     0   0   0   0   0   0   0   0   0  55   0   0   0   0  18   0  18   0   9   0     0    0    0   1.169     39  0.00
   46   46     0  27   0   0   0   0   0   0   0   0   0   0   0   0   0   9  55   9   0   0     0    0    0   1.121     37  0.00
   47   47     0  91   9   0   0   0   0   0   0   0   0   0   0   0   0   0   0   0   0   0     0    0    0   0.305     10  0.00
   48   48     0   0   0   0   0   0   0   0   0   0   9   0   0   0  55   9   0   0   9  18     0    0    0   1.295     43  0.00
   49   49     0  64   0   0   0   0   0   9   9   0   9   0   0   0   0   0   0   0   9   0     0    0    0   1.160     38  0.00
   50   50     0 100   0   0   0   0   0   0   0   0   0   0   0   0   0   0   0   0   0   0     0    0    0   0.000      0  0.00
   51   51     0   9   0   0   0   0  55   0   0   0   0   0   0  18   0   0   9   0   9   0     0    0    0   1.295     43  0.00
   52   52     0   0   0   0   0   0   0   0   0   0   0   0   0   0   0  55   9   9  18   9     0    0    0   1.295     43  0.00
   53   53     0   0   0   0   0   0   0   9   0   0   0   0   0   9   0  18   0   0  64   0     0    0    0   1.034     34  0.00
   54   54     0   0   0   0   0   0   0   0  55   9   0   0   0   0  18   0   9   0   0   9     0    0    0   1.295     43  0.00
   55   55     0   0   0   0   0   0  64   0   0   0   0   0  27   9   0   0   0   0   0   0     0    0    0   0.860     28  0.00
   56   56     0   0   0   0   0   0   9   0   9   0  55   0   0   0   0   9   0   0  18   0     0    0    0   1.295     43  0.00
   57   57     0   0   9   0   0   0   0   0   9   0   0  73   0   0   0   0   0   9   0   0     0    0    0   0.886     29  0.00
   58   58    64   0  36   0   0   0   0   0   0   0   0   0   0   0   0   0   0   0   0   0     0    0    0   0.655     21  0.00
   59   59     9   0   0   0   0   0   0   0  36   0  55   0   0   0   0   0   0   0   0   0     0    0    0   0.916     30  0.00
   60   60     0   9   0   0   0   0   0   0   0   0   0   0  91   0   0   0   0   0   0   0     0    0    0   0.305     10  0.00
   61   61     0   0   0   0   0   0   0 100   0   0   0   0   0   0   0   0   0   0   0   0     0    0    0   0.000      0  0.00
   62   62     0   0   0   0   0   0   9   0   0   0   0   0   0   0   0   0   0   9  64  18     0    0    0   1.034     34  0.00
   63   63     0   0   0   0  18   0  82   0   0   0   0   0   0   0   0   0   0   0   0   0     0    0    0   0.474     15  0.00
   64   64    18   9   0   0   0   0   0  45   0   0   9   9   0   0   0   0   0   0   9   0     0    0    0   1.540     51  0.00
   65   65    73   0  18   0   9   0   0   0   0   0   0   0   0   0   0   0   0   0   0   0     0    0    0   0.760     25  0.00
   66   66     9  55   9   0   0   0   0   0   9   0   0   9   0   9   0   0   0   0   0   0     0    0    0   1.421     47  0.00
   67   67     0   0   0   0   9   0  27   0   0   0   0   0  64   0   0   0   0   0   0   0     0    0    0   0.860     28  0.00
   68   68     0   0   0   0   0   0   0   0   0   0   0   0   0   0   0   0   0   0 100   0     0    0    0   0.000      0  0.00
   69   69     0  78   0   0  22   0   0   0   0   0   0   0   0   0   0   0   0   0   0   0     0    0    0   0.530     17  0.00
   70   70    89   0   0   0   0   0   0   0   0   0   0  11   0   0   0   0   0   0   0   0     0    0    0   0.349     11  0.00
   71   71     0   0   0   0   0   0   0   0   9   0   0   0   0   0   0   0  73   9   0   9     0    0    0   0.886     29  0.00
   72   72     0   0   0   0   0   0   0   0  10   0   0   0   0   0   0   0   0   0  90   0     0    0    0   0.325     10  0.00
   73   73     0   0   0   0   0   0   0  60   0   0  10   0   0   0   0   0   0  20  10   0     0    0    0   1.089     36  0.00
   74   74     0   0   0   0   0   0   0   0   0   0   9   9   0   0   9   0   0  64   9   0     0    0    0   1.160     38  0.00
   75   75     0   0   0   0  10   0  60  10   0   0   0   0   0   0   0  10   0   0  10   0     0    0    0   1.228     40  0.00
   76   76     0   0   0   0   0   0   0  27   0   0   0   9   0   0   0   9   0   0   0  55     0    0    0   1.121     37  0.00
   77   77     0  64  27   0   0   0   0   0   9   0   0   0   0   0   0   0   0   0   0   0     0    0    0   0.860     28  0.00
   78   78     0   0   0   0   0   0   0   0   0   0   0   0   0   0   9   0   9   0  82   0     0    0    0   0.600     20  0.00
   79   79    27   0   0   0   0   0   0   0  73   0   0   0   0   0   0   0   0   0   0   0     0    0    0   0.586     19  0.00
   80   80     0   0  91   9   0   0   0   0   0   0   0   0   0   0   0   0   0   0   0   0     0    0    0   0.305     10  0.00
   81   81     0  42   0  58   0   0   0   0   0   0   0   0   0   0   0   0   0   0   0   0     0    0    0   0.679     22  0.00
   82   82     0   8   0   0  92   0   0   0   0   0   0   0   0   0   0   0   0   0   0   0     0    0    0   0.287      9  0.00
   83   83     0   0   0   0   0   0   0   0   0   0   0   0   0   0   0   8   0   0  92   0     0    0    0   0.287      9  0.00
   84   84     0   0   8   0   0   0   0   0   8   0   0   8  58   0   8   8   0   0   0   0     0    0    0   1.350     45  0.00
   85   85     0   0   0   0   0   0   0   0  58   0  17   0   0   0   8   8   0   0   0   8     0    0    0   1.234     41  0.00
   86   86     0   0   0   0   0   0   0   0   0  25   0   0   8   0   0   0   0  58   0   8     0    0    0   1.075     35  0.00
   87   87     8   0  75   0   0   0   0   0   0   0   0  17   0   0   0   0   0   0   0   0     0    0    0   0.721     24  0.00
   88   88     8   0  17   0   0   0   0   0   0   0   0   8   0   0   0  67   0   0   0   0     0    0    0   0.983     32  0.00
   89   89     8  92   0   0   0   0   0   0   0   0   0   0   0   0   0   0   0   0   0   0     0    0    0   0.287      9  0.00
   90   90     0   0   0   0   0   0   0   0   0   0   8   0   0   0   0  33   0   0  58   0     0    0    0   0.888     29  0.00
   91   91     0   0   0   0   0   0   0   8   0   0   0   0   0   0   0  92   0   0   0   0     0    0    0   0.287      9  0.00
   92   92     0   0   0   0   0   0   0  83   8   0   0   0   0   8   0   0   0   0   0   0     0    0    0   0.566     18  0.00
   93   93     9   0   0   0   0   0   0   0   0   0  18   0   0   0   0   0  64   0   9   0     0    0    0   1.034     34  0.00
   94   94     0   0   0  64   0   0   0   0   0   0   0   0  36   0   0   0   0   0   0   0     0    0    0   0.655     21  0.00
   95   95     8  67  25   0   0   0   0   0   0   0   0   0   0   0   0   0   0   0   0   0     0    0    0   0.824     27  0.00
   96   96     0   0   0   0 100   0   0   0   0   0   0   0   0   0   0   0   0   0   0   0     0    0    0   0.000      0  0.00
   97   97     0   0   0   0   0   0   0   0   0   0   0   0   0   0   8  33  58   0   0   0     0    0    0   0.888     29  0.00
   98   98     0  13   0   0   0   0   0   0   0   0   0  88   0   0   0   0   0   0   0   0     0    0    0   0.377     12  0.00
   99   99     0   0   0   0   0   0   0   0   0   0   0   0   0   0   0 100   0   0   0   0     0    0    0   0.000      0  0.00
  100  100    13   0  88   0   0   0   0   0   0   0   0   0   0   0   0   0   0   0   0   0     0    0    0   0.377     12  0.00
  101  101     0   0   0   0   0  88  13   0   0   0   0   0   0   0   0   0   0   0   0   0     0    0    0   0.377     12  0.00
  102  102     0   0   0   0   0   0   0   0   0   0   0   0   0   0 100   0   0   0   0   0     0    0    0   0.000      0  0.00
//
