ID Pseudo hssp file.
SEQ 
SEQ gi|3248896|gb|AAC24016.1| (AF028231) tat [Equine infectious anem...   133  5e-31
SEQ gi|1084007|pir||S51177 trans-activator protein - Equine infectio...   132  5e-31
SEQ gi|899260|emb|CAA41153.1| (X58147) trans-activator protein TAT [...   132  6e-31
SEQ gi|3248903|gb|AAC24022.1| (AF028232) tat [Equine infectious anem...   131  9e-31
SEQ gi|135328|sp|P20920|TAT_EIAVY TAT PROTEIN (TRANSACTIVATING REGUL...   131  1e-30
SEQ gi|418980|pir||A46357 trans-activator protein - equine infectiou...   131  1e-30
SEQ gi|1350481|gb|AAB01546.1| (M30138) transactivator [Equine infect...   131  2e-30
SEQ gi|420632|pir||A45711 trans-activator protein, Tat (alternativel...   127  2e-29
SEQ gi|8493556|gb|AAB59741.2| (M93674) trans-activating factor [Equi...   127  2e-29
SEQ gi|13383851|gb|AAK21162.1|AF332741_1 (AF332741) trans-activator ...   111  1e-24
SEQ gi|13383847|gb|AAK21160.1|AF332739_1 (AF332739) trans-activator ...   109  4e-24
SEQ gi|13383841|gb|AAK21157.1|AF332736_1 (AF332736) trans-activator ...   109  7e-24
SEQ gi|13383845|gb|AAK21159.1|AF332738_1 (AF332738) trans-activating...   106  4e-23
SEQ gi|13383849|gb|AAK21161.1|AF332740_1 (AF332740) trans-activator ...   106  5e-23
SEQ gi|13383853|gb|AAK21163.1|AF332742_1 (AF332742) trans-activator ...   102  5e-22
SEQ gi|417850|sp|P32544|TAT_EIAVC TAT PROTEIN (TRANSACTIVATING REGUL...    88  1e-17
SEQ gi|2905990|gb|AAC03763.1| (AF016316) Tat [Equine infectious anem...    85  9e-17
SEQ gi|323817|gb|AAA43029.1| (M87582) tat protein [Equine infectious...    85  1e-16
SEQ gi|13383740|gb|AAK21114.1| (AF327878) S1 [Equine infectious anem...    73  4e-13
SEQ gi|13383733|gb|AAK21108.1| (AF327877) S1 [Equine infectious anem...    73  4e-13
SEQ gi|420633|pir||B45711 transmembrane protein Ttm - equine infecti...    59  7e-09
SEQ gi|538653|pir||D40680 transmembrane protein - equine infectious ...    59  7e-09
SEQ gi|554644|gb|AAB59742.1| (M93674) ttm is encoded by the 2-exon t...    59  1e-08
SEQ gi|13383843|gb|AAK21158.1| (AF332737) unknown [Equine infectious...    48  2e-05
SEQ 
## SEQUENCE PROFILE AND ENTROPY
 SeqNo PDBNo   V   L   I   M   F   W   Y   G   A   P   S   T   C   H   R   K   Q   E   N   D  NOCC NDEL NINS ENTROPY RELENT WEIGHT
    1    1     0  80   0  20   0   0   0   0   0   0   0   0   0   0   0   0   0   0   0   0     0    0    0   0.500     16  0.00
    2    2     0   0   0   0   0   0   0   0  90   0   0   0   0   0   0   0   0  10   0   0     0    0    0   0.325     10  0.00
    3    3     0   0   0   0   0   0   0   0   0   0   0   0   0   0   0   0   0   0   0 100     0    0    0   0.000      0  0.00
    4    4     0   0   0   0   0   0   0   0   0   0   0   0   0  20  80   0   0   0   0   0     0    0    0   0.500     16  0.00
    5    5     0   0   0   0   0   0   0   0   0   0   0   0   0   0 100   0   0   0   0   0     0    0    0   0.000      0  0.00
    6    6     0   0 100   0   0   0   0   0   0   0   0   0   0   0   0   0   0   0   0   0     0    0    0   0.000      0  0.00
    7    7     0   0   0   0   0   0   0   0   0 100   0   0   0   0   0   0   0   0   0   0     0    0    0   0.000      0  0.00
    8    8     0   0   0   0   0   0   0  65   0   0   0   0   0   0  35   0   0   0   0   0     0    0    0   0.647     21  0.00
    9    9     0   0   0   0   0   0   0   0   0   0   0 100   0   0   0   0   0   0   0   0     0    0    0   0.000      0  0.00
   10   10     0   0   0   0   0   0   0   0 100   0   0   0   0   0   0   0   0   0   0   0     0    0    0   0.000      0  0.00
   11   11     0   0   0   0   0   0   0   0   0   0   0   0   0   0   0   0   0 100   0   0     0    0    0   0.000      0  0.00
   12   12     0   0   0   0   0   0   0   0   0   0   0   0   0   0   0   0   0 100   0   0     0    0    0   0.000      0  0.00
   13   13     0   0   0   0   0   0   0   0   0   0   0   0   0   0   0   0   0   0 100   0     0    0    0   0.000      0  0.00
   14   14     0 100   0   0   0   0   0   0   0   0   0   0   0   0   0   0   0   0   0   0     0    0    0   0.000      0  0.00
   15   15     0   0   0   0   0   0   0   0   0   0   0   0   0   0   0   0 100   0   0   0     0    0    0   0.000      0  0.00
   16   16     0   0   0   0   0   0   0   0   0   0   0   5   0   0   0  95   0   0   0   0     0    0    0   0.199      6  0.00
   17   17     0   0   0   0   0   0   0   0   0   0 100   0   0   0   0   0   0   0   0   0     0    0    0   0.000      0  0.00
   18   18     0   0   0   0   0   0   0   0   0   0 100   0   0   0   0   0   0   0   0   0     0    0    0   0.000      0  0.00
   19   19     0   0   0   0   0   0   0 100   0   0   0   0   0   0   0   0   0   0   0   0     0    0    0   0.000      0  0.00
   20   20     0   0   0   0   0   0   0 100   0   0   0   0   0   0   0   0   0   0   0   0     0    0    0   0.000      0  0.00
   21   21    95   0   0   0   0   0   0   0   5   0   0   0   0   0   0   0   0   0   0   0     0    0    0   0.199      6  0.00
   22   22     0   0   0   0   0   0   0   0   0 100   0   0   0   0   0   0   0   0   0   0     0    0    0   0.000      0  0.00
   23   23     0   0   0   0   0   0   0 100   0   0   0   0   0   0   0   0   0   0   0   0     0    0    0   0.000      0  0.00
   24   24     0   0   0   0   0   0   0   0   0   0   0   0   0  35   0   0  65   0   0   0     0    0    0   0.647     21  0.00
   25   25     0   0   0   0   0   0   0   0   0   0   0   0   0   0   0   0   0   0 100   0     0    0    0   0.000      0  0.00
   26   26     0   0   0   0   0   0   0   0   0   0   0 100   0   0   0   0   0   0   0   0     0    0    0   0.000      0  0.00
   27   27     0   0   0   0   0   0   0 100   0   0   0   0   0   0   0   0   0   0   0   0     0    0    0   0.000      0  0.00
   28   28     0   0   0   0   0   0   0  65   0   0   0   0   0   0  35   0   0   0   0   0     0    0    0   0.647     21  0.00
   29   29     0   0   0   0   0   0   0   0   0   0   0   0   0   0   0   0 100   0   0   0     0    0    0   0.000      0  0.00
   30   30     4   0  16   0   0   0   0   0   0   0   0   0   0   0   0   0   0  80   0   0     0    0    0   0.600     20  0.00
   31   31     0  16   0   0   0   0   0   0  52   0  32   0   0   0   0   0   0   0   0   0     0    0    0   0.998     33  0.00
   32   32     0   0   0   0   0   0   0   8   0  32   0   0   0   0  60   0   0   0   0   0     0    0    0   0.873     29  0.00
   33   33     0   0   0   0   0   0   0   0   0  95   5   0   0   0   0   0   0   0   0   0     0    0    0   0.191      6  0.00
   34   34     0   0   0   0   0   0   0   0   0   0  38   0   0   0   0   0   0   0  62   0     0    0    0   0.665     22  0.00
   35   35     0   0   0   0   0   0 100   0   0   0   0   0   0   0   0   0   0   0   0   0     0    0    0   0.000      0  0.00
   36   36     0   0   0   0   0   0   0   0   0   0   0   0   0 100   0   0   0   0   0   0     0    0    0   0.000      0  0.00
   37   37     0   0   0   0   0   0   0   0   0   0   0   0 100   0   0   0   0   0   0   0     0    0    0   0.000      0  0.00
   38   38     0   0   0   0   0   0   0   0   0   0   0   0   0   0   0   0 100   0   0   0     0    0    0   0.000      0  0.00
   39   39     0 100   0   0   0   0   0   0   0   0   0   0   0   0   0   0   0   0   0   0     0    0    0   0.000      0  0.00
   40   40     0   0   0   0   0   0   0   0   0   0   0   0 100   0   0   0   0   0   0   0     0    0    0   0.000      0  0.00
   41   41     0   0   0   0 100   0   0   0   0   0   0   0   0   0   0   0   0   0   0   0     0    0    0   0.000      0  0.00
   42   42     0  95   0   0   0   0   0   0   0   0   5   0   0   0   0   0   0   0   0   0     0    0    0   0.191      6  0.00
   43   43     0   0   0   0   0   0   0   0   0   0   0   0   0   0 100   0   0   0   0   0     0    0    0   0.000      0  0.00
   44   44     0   0   0   0   0   0   0   0   0   0 100   0   0   0   0   0   0   0   0   0     0    0    0   0.000      0  0.00
   45   45     0 100   0   0   0   0   0   0   0   0   0   0   0   0   0   0   0   0   0   0     0    0    0   0.000      0  0.00
   46   46     0   0   0   0   0   0   0 100   0   0   0   0   0   0   0   0   0   0   0   0     0    0    0   0.000      0  0.00
   47   47     0   0 100   0   0   0   0   0   0   0   0   0   0   0   0   0   0   0   0   0     0    0    0   0.000      0  0.00
   48   48     0   0   0   0   0   0   0   0   0   0   0   0   0   0   0   0   0   0   0 100     0    0    0   0.000      0  0.00
   49   49     0   0   0   0   0   0 100   0   0   0   0   0   0   0   0   0   0   0   0   0     0    0    0   0.000      0  0.00
   50   50     0 100   0   0   0   0   0   0   0   0   0   0   0   0   0   0   0   0   0   0     0    0    0   0.000      0  0.00
   51   51     0   0   0   0   0   0   0   0   5   0   0   0   0   0   0   0   0   0   0  95     0    0    0   0.191      6  0.00
   52   52     0   0   0   0   0   0   0   0  52  10  38   0   0   0   0   0   0   0   0   0     0    0    0   0.930     31  0.00
   53   53     0   0   0   0   0   0   0   0   0   0 100   0   0   0   0   0   0   0   0   0     0    0    0   0.000      0  0.00
   54   54     0 100   0   0   0   0   0   0   0   0   0   0   0   0   0   0   0   0   0   0     0    0    0   0.000      0  0.00
   55   55     0   0   0   0   0   0   0   0   0   0   0   0   0   0  62  38   0   0   0   0     0    0    0   0.665     22  0.00
   56   56     0   0   0   0   0   0   0   0   0   0   0   0   0   0   0 100   0   0   0   0     0    0    0   0.000      0  0.00
   57   57     0   0   0   0   0   0   0   0   0   0   0   0   0   0   0 100   0   0   0   0     0    0    0   0.000      0  0.00
   58   58     0   0   0   0   0   0   0   0   0   0   0   0   0   0   0   0   0   0 100   0     0    0    0   0.000      0  0.00
   59   59     0   0   0   0   0   0   0   0   0   0   0   0   0   0   0 100   0   0   0   0     0    0    0   0.000      0  0.00
   60   60     0   0   0   0   0   0   0   0   0   0   0   0   0   0   0   0 100   0   0   0     0    0    0   0.000      0  0.00
   61   61     0   0   0   0   0   0   0   0   0   0   0   0   0   0 100   0   0   0   0   0     0    0    0   0.000      0  0.00
   62   62     0  62   0   0   0   0   0   0   0   0   0   0   0   0   0   0  38   0   0   0     0    0    0   0.665     22  0.00
   63   63     0   0   0   0   0   0   0   0   0   0   0   0   0   0   0 100   0   0   0   0     0    0    0   0.000      0  0.00
   64   64    10   0   0   0   0   0   0   0  90   0   0   0   0   0   0   0   0   0   0   0     0    0    0   0.314     10  0.00
   65   65     0   0 100   0   0   0   0   0   0   0   0   0   0   0   0   0   0   0   0   0     0    0    0   0.000      0  0.00
   66   66     0   0   0   0   0   0   0   0   0   0   0   0   0   0  10  29  62   0   0   0     0    0    0   0.879     29  0.00
   67   67     0   0   0   0   0   0   0   0   0   0   0   0   0   0   0   0  62  38   0   0     0    0    0   0.665     22  0.00
   68   68     0   0   0   0   0   0   0 100   0   0   0   0   0   0   0   0   0   0   0   0     0    0    0   0.000      0  0.00
   69   69     0   0   0   0   0   0   0   0   0   0   0   0   0   0 100   0   0   0   0   0     0    0    0   0.000      0  0.00
   70   70     0   5   0   0   0   0   0   0   0  29   5   0   0   0   0   0  62   0   0   0     0    0    0   0.945     31  0.00
   71   71     0   0   0   0   0   0   0   0   0 100   0   0   0   0   0   0   0   0   0   0     0    0    0   0.000      0  0.00
   72   72     0   0   0   0   0   0   0   0   0   0   0   0   0   0   0   5  95   0   0   0     0    0    0   0.191      6  0.00
   73   73     0   0   0   0   0   0 100   0   0   0   0   0   0   0   0   0   0   0   0   0     0    0    0   0.000      0  0.00
   74   74     0  95   0   0   0   0   0   0   0   5   0   0   0   0   0   0   0   0   0   0     0    0    0   0.191      6  0.00
   75   75     0 100   0   0   0   0   0   0   0   0   0   0   0   0   0   0   0   0   0   0     0    0    0   0.000      0  0.00
//
