ID Pseudo hssp file.
SEQ 
SEQ gi|8567354|ref|NP_058780.1| glycine methyltransferase [Rattus no...   587  e-167
SEQ gi|1942407|pdb|1XVA|A Chain A, Methyltransferase >gi|1942408|pdb...   587  e-167
SEQ gi|6435570|pdb|1D2G|A Chain A, Crystal Structure Of R175k Mutant...   586  e-166
SEQ gi|6754026|ref|NP_034451.1| glycine N-methyltransferase [Mus mus...   565  e-160
SEQ gi|9506741|ref|NP_061833.1| glycine N-methyltransferase [Homo sa...   545  e-154
SEQ gi|8671582|gb|AAF78289.1| (AF101475) glycine N-methyltransferase...   544  e-154
SEQ gi|631175|pir||S42627 glycine N-methyltransferase (EC 2.1.1.20) ...   543  e-154
SEQ gi|3023863|sp|Q29555|GLMT_PIG GLYCINE N-METHYLTRANSFERASE >gi|21...   527  e-149
SEQ gi|631283|pir||S44383 liver glycine methyltransferase - human         525  e-148
SEQ gi|3023878|sp|Q29513|GLMT_RABIT GLYCINE N-METHYLTRANSFERASE >gi|...   521  e-147
SEQ gi|1335203|emb|CAA44164.1| (X62250) liver glycine methyltransfer...   473  e-132
SEQ gi|7299664|gb|AAF54848.1| (AE003696) CG6188 gene product [Drosop...   317  2e-85
SEQ gi|9392589|gb|AAF87204.1| (AF216283) glycine-sarcosine-dimethylg...    86  5e-16
SEQ gi|9392585|gb|AAF87202.1| (AF216281) glycine-sarcosine methyltra...    86  8e-16
SEQ gi|1730986|sp|P54458|YQEM_BACSU HYPOTHETICAL 28.3 KDA PROTEIN IN...    51  2e-05
SEQ gi|7462138|pir||B72316 conserved hypothetical protein - Thermoto...    47  2e-04
SEQ gi|7519075|pir||A71001 hypothetical protein PH1305 - Pyrococcus ...    47  3e-04
SEQ gi|9843816|emb|CAC03624.1| (AL391338) putative DNA-binding prote...    46  5e-04
SEQ 
## SEQUENCE PROFILE AND ENTROPY
 SeqNo PDBNo   V   L   I   M   F   W   Y   G   A   P   S   T   C   H   R   K   Q   E   N   D  NOCC NDEL NINS ENTROPY RELENT WEIGHT
    1    1   100   0   0   0   0   0   0   0   0   0   0   0   0   0   0   0   0   0   0   0     0    0    0   0.000      0  0.00
    2    2     0   0   0   0   0   0   0   0   0   0   0   0   0   0   0   0   0   0   0 100     0    0    0   0.000      0  0.00
    3    3     0   0   0   0   0   0   0   0   0   0 100   0   0   0   0   0   0   0   0   0     0    0    0   0.000      0  0.00
    4    4   100   0   0   0   0   0   0   0   0   0   0   0   0   0   0   0   0   0   0   0     0    0    0   0.000      0  0.00
    5    5     0   0   0   0   8   0  92   0   0   0   0   0   0   0   0   0   0   0   0   0     0    0    0   0.287      9  0.00
    6    6     8   0   0   0   0   0   0   0   0   0   0   0   0   0  92   0   0   0   0   0     0    0    0   0.287      9  0.00
    7    7     0   0   0   0   0   0   0   0   8   0   0  92   0   0   0   0   0   0   0   0     0    0    0   0.287      9  0.00
    8    8     0   0   0   0   0   0   0   0   0   0   0   0   0   0 100   0   0   0   0   0     0    0    0   0.000      0  0.00
    9    9     0   0   0   0   0   0   0   0   0   0 100   0   0   0   0   0   0   0   0   0     0    0    0   0.000      0  0.00
   10   10     0  92   0   0   0   0   0   0   0   0   0   0   0   0   0   0   0   0   0   8     0    0    0   0.287      9  0.00
   11   11     0   0   0   0   0   0   0 100   0   0   0   0   0   0   0   0   0   0   0   0     0    0    0   0.000      0  0.00
   12   12    92   0   8   0   0   0   0   0   0   0   0   0   0   0   0   0   0   0   0   0     0    0    0   0.287      9  0.00
   13   13     0   0   0   0   0   0   0   0  92   0   8   0   0   0   0   0   0   0   0   0     0    0    0   0.287      9  0.00
   14   14     0   0   0   0   0   0   0   0 100   0   0   0   0   0   0   0   0   0   0   0     0    0    0   0.000      0  0.00
   15   15     0   0   0   0   0   0   0   0   0   0   0   0   0   0   0   0   0 100   0   0     0    0    0   0.000      0  0.00
   16   16     0   0   0   0   0   0   0 100   0   0   0   0   0   0   0   0   0   0   0   0     0    0    0   0.000      0  0.00
   17   17     8  58  33   0   0   0   0   0   0   0   0   0   0   0   0   0   0   0   0   0     0    0    0   0.888     29  0.00
   18   18     0   0   0   0   0   0   0   0   0  92   0   0   0   0   8   0   0   0   0   0     0    0    0   0.287      9  0.00
   19   19     0   0   0   0   0   0   0   0   0   0   0   0   0   0   0   0   0   8   0  92     0    0    0   0.271      9  0.00
   20   20     0   0   0   0   0   0   0   0   0   0   0   0   0   0   0   0  92   8   0   0     0    0    0   0.271      9  0.00
   21   21     0   0   0   0   0   0 100   0   0   0   0   0   0   0   0   0   0   0   0   0     0    0    0   0.000      0  0.00
   22   22     8   0   0   0   0   0   0   0  92   0   0   0   0   0   0   0   0   0   0   0     0    0    0   0.271      9  0.00
   23   23     0   0   0   0   0   0   0   0   0   0   0   0   0   0   0   0   0  15   0  85     0    0    0   0.429     14  0.00
   24   24     0   0   0   0   0   0   0 100   0   0   0   0   0   0   0   0   0   0   0   0     0    0    0   0.000      0  0.00
   25   25     0   0   0   0   8   0   0   0   0   0   0   0   0   0   0   8   0  85   0   0     0    0    0   0.536     17  0.00
   26   26     8   0   0   0   0   0   0   0  92   0   0   0   0   0   0   0   0   0   0   0     0    0    0   0.271      9  0.00
   27   27     0   0   0   0   0   0   0   0  92   0   0   0   0   0   0   0   0   0   0   8     0    0    0   0.271      9  0.00
   28   28     0   0   0   0   0   0   0   0   0   0   0   0   0   0  85  15   0   0   0   0     0    0    0   0.429     14  0.00
   29   29   100   0   0   0   0   0   0   0   0   0   0   0   0   0   0   0   0   0   0   0     0    0    0   0.000      0  0.00
   30   30     0   0   0   0   0 100   0   0   0   0   0   0   0   0   0   0   0   0   0   0     0    0    0   0.000      0  0.00
   31   31     0   0   0   0   0   0   0   0   0   0   0   0   0   0   0   0  86   7   0   7     0    0    0   0.509     16  0.00
   32   32     0  86   7   0   0   0   0   0   0   0   0   0   0   0   0   0   0   0   0   7     0    0    0   0.509     16  0.00
   33   33     0   7   0   0   7   0  86   0   0   0   0   0   0   0   0   0   0   0   0   0     0    0    0   0.509     16  0.00
   34   34     0   0 100   0   0   0   0   0   0   0   0   0   0   0   0   0   0   0   0   0     0    0    0   0.000      0  0.00
   35   35     0   0   0   0   0   0   0 100   0   0   0   0   0   0   0   0   0   0   0   0     0    0    0   0.000      0  0.00
   36   36     0   0   0   0   0   0   0   0   0   0   0   0   0   0   0   0   0   0   0 100     0    0    0   0.000      0  0.00
   37   37     0   0   0   0   0  13   0   0   0   0   0  80   0   0   0   7   0   0   0   0     0    0    0   0.628     20  0.00
   38   38     0   0   0   0   0   0   0   0   0   0   0   0   0   0  80   7   0   0   7   7     0    0    0   0.720     24  0.00
   39   39     0   0   0   0   0   0   0   0   0   0  93   0   0   0   0   7   0   0   0   0     0    0    0   0.245      8  0.00
   40   40     0   0   0   0   0   0   0   0   0   0   0   0   0   0 100   0   0   0   0   0     0    0    0   0.000      0  0.00
   41   41     0   0   0   0   0   0   7   0   7   0   0  87   0   0   0   0   0   0   0   0     0    0    0   0.485     16  0.00
   42   42     0   0   0   0   0   0   0   0  73   0   7   0   0   0   0   7   0   7   0   7     0    0    0   0.950     31  0.00
   43   43     0   0   0   0   0   0   0   0   0   0  13   0   0   0   0   0   6  75   6   0     0    0    0   0.822     27  0.00
   44   44     0   0   0   0   0   6  81   0   0   0   0   0   0   0   0   0   0  13   0   0     0    0    0   0.602     20  0.00
   45   45     0   0   0   0   0   0   0  13   0   0   0   6   0   0   0  81   0   0   0   0     0    0    0   0.602     20  0.00
   46   46     0   0   0   0   0   0   0   0  69   0   6   6   0   0   0   6   0   0   6   6     0    0    0   1.124     37  0.00
   47   47     0   0   0   0  19  81   0   0   0   0   0   0   0   0   0   0   0   0   0   0     0    0    0   0.483     16  0.00
   48   48     0  81   6   0  13   0   0   0   0   0   0   0   0   0   0   0   0   0   0   0     0    0    0   0.602     20  0.00
   49   49     0  75  19   0   0   0   0   0   0   0   0   0   0   0   0   0   0   6   0   0     0    0    0   0.703     23  0.00
   50   50     0   0   0   0   0   0   0  75   6   0   0   0   0   0   0   0   6   0   0  13     0    0    0   0.822     27  0.00
   51   51     0  75   0   6   0   0   0   0   0   0   6   0   0   0   0   0   6   6   0   0     0    0    0   0.909     30  0.00
   52   52     0 100   0   0   0   0   0   0   0   0   0   0   0   0   0   0   0   0   0   0     0    0    0   0.000      0  0.00
   53   53     0   0   0   0   0   0   0   0   0   6   0   0   0   0  88   6   0   0   0   0     0    0    0   0.463     15  0.00
   54   54     0   0   0   0   0   0   0   0   6   0   0   0   0   0   0   6  75   6   6   0     0    0    0   0.909     30  0.00
   55   55     0   0   0   0   0   0   0   0   0   0   0   0   0  75  13  13   0   0   0   0     0    0    0   0.736     24  0.00
   56   56     0   0   0   0   0   0   0 100   0   0   0   0   0   0   0   0   0   0   0   0     0    0    0   0.000      0  0.00
   57   57     7   0   0   0   0   0   0   0   7   0   0   0  87   0   0   0   0   0   0   0     0    0    0   0.485     16  0.00
   58   58     0   0   0   0   0   0   0   0   0   0   0   7   0  33   7   7  40   7   0   0     0    0    0   1.455     48  0.00
   59   59     0   0   0   0   0   0   0   0   0   0   0   5   0   0  89   5   0   0   0   0     0    0    0   0.409     13  0.00
   60   60    89   0  11   0   0   0   0   0   0   0   0   0   0   0   0   0   0   0   0   0     0    0    0   0.336     11  0.00
   61   61     0 100   0   0   0   0   0   0   0   0   0   0   0   0   0   0   0   0   0   0     0    0    0   0.000      0  0.00
   62   62     0   0   0   0   0   0   0   0   0   0   0   0   0   0   0   0   0   0   0 100     0    0    0   0.000      0  0.00
   63   63    74  11   0   0   0   0   0   0  11   0   0   0   5   0   0   0   0   0   0   0     0    0    0   0.854     28  0.00
   64   64     0   0   0   0   0   0   0   0 100   0   0   0   0   0   0   0   0   0   0   0     0    0    0   0.000      0  0.00
   65   65     0   0   0   0   0   0   0   0   5   0   0   5  89   0   0   0   0   0   0   0     0    0    0   0.409     13  0.00
   66   66     0   0   0   0   0   0   0 100   0   0   0   0   0   0   0   0   0   0   0   0     0    0    0   0.000      0  0.00
   67   67     0   0   0   0   0   0   0   0   0   0   0  95   0   0   0   0   0   5   0   0     0    0    0   0.206      6  0.00
   68   68     0   0   0   0   0   0   0 100   0   0   0   0   0   0   0   0   0   0   0   0     0    0    0   0.000      0  0.00
   69   69    68   0   5   0  11   0   0   0   0   0   0   5   0   0   0   0   5   5   0   0     0    0    0   1.117     37  0.00
   70   70     0   5   5   0   5   0   0   0   0   5   0   0   0  11   0   0   0   0   0  68     0    0    0   1.117     37  0.00
   71   71     0   0   0   0   0   0   0   0  11   0  84   5   0   0   0   0   0   0   0   0     0    0    0   0.537     17  0.00
   72   72    21  11  68   0   0   0   0   0   0   0   0   0   0   0   0   0   0   0   0   0     0    0    0   0.825     27  0.00
   73   73     0   0   0  68   0   0   0   5   0   0   0   0   0   0  16   0   0  11   0   0     0    0    0   0.943     31  0.00
   74   74     0  95   5   0   0   0   0   0   0   0   0   0   0   0   0   0   0   0   0   0     0    0    0   0.206      6  0.00
   75   75    68  11   0   0   0   0   0   0  21   0   0   0   0   0   0   0   0   0   0   0     0    0    0   0.825     27  0.00
   76   76     0   0   0   0   0   0   0   0   5   0   0   0   0   0   0   5   0  89   0   0     0    0    0   0.409     13  0.00
   77   77     0   5   0   0   0   0   0   0   5   0   0   0   0   0   5   5   5  74   0   0     0    0    0   1.000     33  0.00
   78   78     0   0   0   0   0   0   0 100   0   0   0   0   0   0   0   0   0   0   0   0     0    0    0   0.000      0  0.00
   79   79     0   5   0   0  89   0   5   0   0   0   0   0   0   0   0   0   0   0   0   0     0    0    0   0.409     13  0.00
   80   80     0   0   0   0   0   0   0   0   0   0  63   0   0   0   0   5   0  21   0  11     0    0    0   1.010     33  0.00
   81   81    95   0   0   0   0   0   0   0   0   0   0   5   0   0   0   0   0   0   0   0     0    0    0   0.206      6  0.00
   82   82    26   0   0   5   0   0   0   0   0   0   0  68   0   0   0   0   0   0   0   0     0    0    0   0.766     25  0.00
   83   83     0   0   0   0   0   0   0  16   5   0  79   0   0   0   0   0   0   0   0   0     0    0    0   0.633     21  0.00
   84   84    74   5   5   0   0   0   0   0  11   0   0   5   0   0   0   0   0   0   0   0     0    0    0   0.927     30  0.00
   85   85     0   0   0   0   0   0   0   0   0   0   0   0   0   0   0   0   0   0   0 100     0    0    0   0.000      0  0.00
   86   86     0  16   0   0   0   0   0  11  74   0   0   0   0   0   0   0   0   0   0   0     0    0    0   0.753     25  0.00
   87   87     0   0   0   0   0   0   0   0   0   0  95   0   0   5   0   0   0   0   0   0     0    0    0   0.206      6  0.00
   88   88     0   0   0   0   0   0   0   0  11   5   5   0   0   0   0   0   0  11   0  68     0    0    0   1.044     34  0.00
   89   89     0   0   0   0   0   0   0   0   5   0   0   0   0   0   0  68   5  21   0   0     0    0    0   0.898     29  0.00
   90   90     0   0   0 100   0   0   0   0   0   0   0   0   0   0   0   0   0   0   0   0     0    0    0   0.000      0  0.00
   91   91     0  95   0   0   0   0   0   0   5   0   0   0   0   0   0   0   0   0   0   0     0    0    0   0.206      6  0.00
   92   92     0   0   0   0   0   0   0   0  11   0   5   0   0   0  11  74   0   0   0   0     0    0    0   0.854     28  0.00
   93   93     6   0   0   0  11   0  72   0   0   0   0   0   0   0   0  11   0   0   0   0     0    0    0   0.884     29  0.00
   94   94     0   0   0   0   0   0   0   0 100   0   0   0   0   0   0   0   0   0   0   0     0    0    0   0.000      0  0.00
   95   95     0  72   0   0  11   0   0   0   0   0   0   0   0   0  11   0   6   0   0   0     0    0    0   0.884     29  0.00
   96   96     0   0   0   0   0   0   0   0   0   0   6   0   0   0   6  78   6   6   0   0     0    0    0   0.838     27  0.00
   97   97     0   0   0   0   0   0   0   0   0   0   0   0   0   0   0  13   0  81   6   0     0    0    0   0.602     20  0.00
   98   98     6   0   0   0   0   0   0   6   6   0   0   0   0   0  82   0   0   0   0   0     0    0    0   0.660     22  0.00
   99   99     0   6   0   0   0  81   0   0   0   0   0   6   0   0   0   6   0   0   0   0     0    0    0   0.689     22  0.00
  100  100     0   0   0   0   0   0   0   0   6   0   0   0   0   6   0   0   0   6  81   0     0    0    0   0.689     22  0.00
  101  101     0   0   0   0   0   0   0   6   0   0   6   0   0   0  83   0   6   0   0   0     0    0    0   0.634     21  0.00
  102  102     0   6   0   0   0   0   0   0   6   0   6   0   0   0  78   0   0   0   6   0     0    0    0   0.838     27  0.00
  103  103     0   6   0   0   0   0   0   0   6   0   6   0   0  39   0  39   0   0   6   0     0    0    0   1.377     45  0.00
  104  104     0   0   0   0   0   0   0   0   0   0   0   0   0   0   6   6   6  83   0   0     0    0    0   0.634     21  0.00
  105  105     0   0   6   0   0   0   0   6   6  76   0   0   0   0   0   0   6   0   0   0     0    0    0   0.872     29  0.00
  106  106     0   0   6   0   0   0   0   0  72   0   6   0   0  11   0   0   0   6   0   0     0    0    0   0.961     32  0.00
  107  107     0   6   6   0  78   0   6   6   0   0   0   0   0   0   0   0   0   0   0   0     0    0    0   0.838     27  0.00
  108  108     6  12   0   0   0   0   0   0   0   0   0   0   0   0   0   0   0   0   6  76     0    0    0   0.790     26  0.00
  109  109     0   0   0   0   0   0   0   6   0   0   6   0   0   0   6  71   6   0   6   0     0    0    0   1.079     36  0.00
  110  110     0   6   0   0   0  76   0   6   0   0   0   6   0   6   0   0   0   0   0   0     0    0    0   0.872     29  0.00
  111  111    82   0   6   0   0   0   0   0   0   0   0   0   0   0   6   0   0   0   0   6     0    0    0   0.660     22  0.00
  112  112     6   6  81   0   0   0   0   0   0   0   0   6   0   0   0   0   0   0   0   0     0    0    0   0.689     22  0.00
  113  113     0  12   0   0   0   0   0   0   0   0   0   0   0   0   6   0   0  82   0   0     0    0    0   0.578     19  0.00
  114  114     0   0   0   0   0   0   0   0   0   0   6   0   0   0   6   0   6  78   6   0     0    0    0   0.838     27  0.00
  115  115    12   0   6   0   0   0   0   0  82   0   0   0   0   0   0   0   0   0   0   0     0    0    0   0.578     19  0.00
  116  116     0   0   0   0   0   0   0   0   0   0  12   0   0   0   0   0   0   0  76  12     0    0    0   0.709     23  0.00
  117  117     6   0   0   0   6  89   0   0   0   0   0   0   0   0   0   0   0   0   0   0     0    0    0   0.426     14  0.00
  118  118     6  44   0  31   0   0   0   0   0   0   0   0   0   0  13   0   0   0   0   6     0    0    0   1.332     44  0.00
  119  119     0   0   0   0   6  11   0   0   0   0   0  72   0   0   0   0   6   6   0   0     0    0    0   0.961     32  0.00
  120  120     0  94   0   0   0   0   0   0   0   0   0   0   0   0   0   0   6   0   0   0     0    0    0   0.215      7  0.00
  121  121     0   0   0   0   0   0   6   0   0   0   6   0   0   0   0   6   0   0  11  72     0    0    0   0.961     32  0.00
  122  122     0   0   0   0   0   0   0   0   0   0   0   0   0   0  17  72   0   0   0  11     0    0    0   0.778     25  0.00
  123  123     0   0   0   0   0   0   0   0   0   0   0   0   0   0   6   0   0   6   0  89     0    0    0   0.426     14  0.00
  124  124    68   5  21   5   0   0   0   0   0   0   0   0   0   0   0   0   0   0   0   0     0    0    0   0.898     29  0.00
  125  125     0   5   0   0   0   0   0   0   5  58   0   5   0  11   5   0   5   0   0   5     0    0    0   1.483     49  0.00
  126  126     0   0   0   0   5   0   0  21  47   0   5   0   0   0   0   5   5  11   0   0     0    0    0   1.539     51  0.00
  127  127     0   6   0   0   6   0   0  35   0   0  18   0   0   0   0   6   6  24   0   0     0    0    0   1.681     56  0.00
  128  128     0   0   0   0   0   0   0  41   0   6   0   0   0   0   0   0   0   0   6  47     0    0    0   1.053     35  0.00
  129  129     0   0   0   0   0   0   0  74   0   5   0   0   0   0   5   0   0  16   0   0     0    0    0   0.826     27  0.00
  130  130     0   0   0   0  89   0  11   0   0   0   0   0   0   0   0   0   0   0   0   0     0    0    0   0.336     11  0.00
  131  131     0   0   0   0   0   0   0   0   0   0   0   0   0   0   0   0   0   0   0 100     0    0    0   0.000      0  0.00
  132  132     5   0   5   0   0   0   0   0  89   0   0   0   0   0   0   0   0   0   0   0     0    0    0   0.409     13  0.00
  133  133    89   0  11   0   0   0   0   0   0   0   0   0   0   0   0   0   0   0   0   0     0    0    0   0.336     11  0.00
  134  134     5   0  79   0   5   0   0   0   0   0   0  11   0   0   0   0   0   0   0   0     0    0    0   0.734     24  0.00
  135  135     0   0   5   5   0   0   0   0   0   0   0   0  89   0   0   0   0   0   0   0     0    0    0   0.409     13  0.00
  136  136     5  74   0   0   5   5   0   0   0   0   0   0   5   0   0   0   5   0   0   0     0    0    0   1.000     33  0.00
  137  137     0   0   0   0  11   0   0  84   0   0   0   0   5   0   0   0   0   0   0   0     0    0    0   0.537     17  0.00
  138  138     0   0   0   0   0   0   0   0   0   0   5   0   0   0   0   0   0   0  84  11     0    0    0   0.537     17  0.00
  139  139     0   0   0   0   0   0   0   0   0   0  95   5   0   0   0   0   0   0   0   0     0    0    0   0.206      6  0.00
  140  140     0  16   5   0  79   0   0   0   0   0   0   0   0   0   0   0   0   0   0   0     0    0    0   0.633     21  0.00
  141  141     0   0   0   5   0   0   0   0  74   0   0  11   0   0   0   0   0   0  11   0     0    0    0   0.854     28  0.00
  142  142     0   0   0   0   0   0  16   0   0   0   0   0   0  84   0   0   0   0   0   0     0    0    0   0.436     14  0.00
  143  143     0  89   0   0   5   0   0   0   5   0   0   0   0   0   0   0   0   0   0   0     0    0    0   0.409     13  0.00
  144  144     0   6   0   6  12   0   0   0   0  71   0   0   0   0   0   0   0   6   0   0     0    0    0   0.998     33  0.00
  145  145     0   0   0   0   0   0   0   6   0   0   6   0   0   0   0   6   0   0   6  78     0    0    0   0.838     27  0.00
  146  146     0   0   0   0   0   0   6   6   6   0  22   6  44   0   0   0   0  11   0   0     0    0    0   1.581     52  0.00
  147  147     0   0   0   0   6   0   0   0   0   0   0   0   0   0  12  82   0   0   0   0     0    0    0   0.578     19  0.00
  148  148     0   0   0   0   0   0   0  93   0   0   0   0   0   0   0   0   0   0   7   0     0    0    0   0.257      8  0.00
  149  149     0   0   0   0   0   0   0   0   0   0   0   0   0   0   0   0   0   0   0 100     0    0    0   0.000      0  0.00
  150  150     7   0   0   0   0   0   0   0   0   0   0   0   0   0   0   0  87   7   0   0     0    0    0   0.485     16  0.00
  151  151     0   0   6   0   0   0   0   0   0   0  81   0   0   0   6   0   0   6   0   0     0    0    0   0.689     22  0.00
  152  152     0   0   0   0   0   0   0   0   5   0   0   0   0   0   0   0   0  74   0  21     0    0    0   0.708     23  0.00
  153  153     0  11   0   0   0   0   0   0   0   0   0   0   0  72  17   0   0   0   0   0     0    0    0   0.778     25  0.00
  154  154     0   0   0   0   6   0   0   0   0   0   0   0   0   0  83  11   0   0   0   0     0    0    0   0.557     18  0.00
  155  155     0  61   0   0   0   0   0   0   0   0   0   0   0   0   0  22  11   0   0   6     0    0    0   1.040     34  0.00
  156  156     0   5   0   0   0   0   0   0  74   0   0  21   0   0   0   0   0   0   0   0     0    0    0   0.708     23  0.00
  157  157     0  79   5   0  16   0   0   0   0   0   0   0   0   0   0   0   0   0   0   0     0    0    0   0.633     21  0.00
  158  158     0   0   0   0   0   0   0   5  11   0   5   5   0   0   0  68   0   5   0   0     0    0    0   1.117     37  0.00
  159  159     0   0   0   0   0   0   0   0   5   0   5   0   0   0   0  11   0  11  68   0     0    0    0   1.044     34  0.00
  160  160    16   0  63   5  16   0   0   0   0   0   0   0   0   0   0   0   0   0   0   0     0    0    0   1.028     34  0.00
  161  161     0   0   0   0   5   0  11   0  63   0   5   5   0   5   0   0   0   5   0   0     0    0    0   1.302     43  0.00
  162  162     0   0   0   0   0   0   0   0   5   0  68   0   0   0  11   5   0  11   0   0     0    0    0   1.044     34  0.00
  163  163     5   5   0  68   0   0   0   0  16   0   0   0   5   0   0   0   0   0   0   0     0    0    0   1.016     33  0.00
  164  164    63  37   0   0   0   0   0   0   0   0   0   0   0   0   0   0   0   0   0   0     0    0    0   0.658     21  0.00
  165  165     0   0   0   0   0   0   0   0   0   0   5   0   0   0  63  26   0   0   5   0     0    0    0   0.951     31  0.00
  166  166     0   0   0   0   0   0   0   0  26  47   5  11   0   5   5   0   0   0   0   0     0    0    0   1.407     46  0.00
  167  167     0   0   0   0   0   0   0  79   0   0   0   0   0   0   0   0   0  16   0   5     0    0    0   0.633     21  0.00
  168  168     0   0   0   0   0   0   0 100   0   0   0   0   0   0   0   0   0   0   0   0     0    0    0   0.000      0  0.00
  169  169    21  63   5   0   0   0   0   0   5   0   0   0   0   5   0   0   0   0   0   0     0    0    0   1.083     36  0.00
  170  170     0  89   0   0  11   0   0   0   0   0   0   0   0   0   0   0   0   0   0   0     0    0    0   0.336     11  0.00
  171  171    68  16  16   0   0   0   0   0   0   0   0   0   0   0   0   0   0   0   0   0     0    0    0   0.843     28  0.00
  172  172     0  11  63   0  11   0   0   0   0   0  11   5   0   0   0   0   0   0   0   0     0    0    0   1.156     38  0.00
  173  173     0   0   0   0   0   0   0   0   0   0   0   5   0   0   0   0   0   0   0  95     0    0    0   0.206      6  0.00
  174  174     0   0   0   6   0   0   0   0   0   0   6   0   0  76   0   0  12   0   0   0     0    0    0   0.790     26  0.00
  175  175     0   0   0   0   0   0   0   0   0   0   0   0   0   0  88   6   0   0   6   0     0    0    0   0.444     14  0.00
  176  176     0   0   0   0   0   0   0   0   0   0   0  12   0   0   0   0   0   0  88   0     0    0    0   0.362     12  0.00
  177  177     0   0   0   0   0   6  94   0   0   0   0   0   0   0   0   0   0   0   0   0     0    0    0   0.224      7  0.00
  178  178     0   0   0   0   0   0   0   6   0   0   0   0   0   0   0   0   0   6   0  88     0    0    0   0.444     14  0.00
  179  179     0  12   0   0   0   0  29   6   0   0   6   0   0  41   0   0   0   0   6   0     0    0    0   1.477     49  0.00
  180  180     6   6  88   0   0   0   0   0   0   0   0   0   0   0   0   0   0   0   0   0     0    0    0   0.444     14  0.00
  181  181     0  88   0   6   0   0   0   0   0   0   0   0   0   0   6   0   0   0   0   0     0    0    0   0.444     14  0.00
  182  182     0   0   0   0   0   0   0   0  12   0  71   0   0   0   0   0   0   6   0  12     0    0    0   0.916     30  0.00
  183  183     0   0   0   0   0   0   0   0   0   0   0  82   0   6   6   0   0   0   6   0     0    0    0   0.660     22  0.00
  184  184     0   6   0   0   0   0   0  88   0   0   0   0   0   0   0   0   6   0   0   0     0    0    0   0.444     14  0.00
  185  185     0   0   0   0   7   0   0   0   0   0   0   0  86   0   0   0   0   7   0   0     0    0    0   0.509     16  0.00
  186  186     0   0   0   0   0   0   0   7  87   0   7   0   0   0   0   0   0   0   0   0     0    0    0   0.485     16  0.00
  187  187     0   0   0   0   0   0   0   0   0  92   0   8   0   0   0   0   0   0   0   0     0    0    0   0.271      9  0.00
  188  188     0   0   0   0   0   0   0   0   0  93   0   0   0   0   0   0   0   0   0   7     0    0    0   0.257      8  0.00
  189  189     0   0   0   0   0   0   0  87   7   0   7   0   0   0   0   0   0   0   0   0     0    0    0   0.485     16  0.00
  190  190     0   0   0   0   0   0   0   0   0   0   0   0   0   0   0 100   0   0   0   0     0    0    0   0.000      0  0.00
  191  191     0   0   0   0   0   0   0   0   0   0   7   0   0   7   0   0   0   0  80   7     0    0    0   0.720     24  0.00
  192  192     0   0  93   0   0   0   0   0   0   0   0   7   0   0   0   0   0   0   0   0     0    0    0   0.245      8  0.00
  193  193     0   0   0   0   7   0  93   0   0   0   0   0   0   0   0   0   0   0   0   0     0    0    0   0.245      8  0.00
  194  194     0   0   0   0   0   0  93   0   0   0   0   0   0   0   0   0   0   7   0   0     0    0    0   0.245      8  0.00
  195  195     7   0   0   0   0   0   7   0   0   0   0   0   0   0   0  80   0   0   7   0     0    0    0   0.720     24  0.00
  196  196     0   0   0   0   0   0   0   0   7   0  80   7   0   0   0   0   7   0   0   0     0    0    0   0.720     24  0.00
  197  197     0   0   0   0   0   0   0   7   0   0   7   7   0   0   0   0   0   0   0  80     0    0    0   0.720     24  0.00
  198  198     0  86   7   0   0   0   0   0   0   0   0   0   0   7   0   0   0   0   0   0     0    0    0   0.509     16  0.00
  199  199     0   0   7   0   0   0   0   0   0   0   0  86   0   0   0   0   0   7   0   0     0    0    0   0.509     16  0.00
  200  200     0   0   0   0   7   0   0   0   7   0   0   0   0   0   0  80   0   7   0   0     0    0    0   0.720     24  0.00
  201  201     0   0   0   0   0   0   0   0   0   0   0   0   0   0   0   0   0   0   0 100     0    0    0   0.000      0  0.00
  202  202    47   7  47   0   0   0   0   0   0   0   0   0   0   0   0   0   0   0   0   0     0    0    0   0.892     29  0.00
  203  203     0   0   0   0   0   0   0   0   0   0   7  80   0   0   0   7   0   7   0   0     0    0    0   0.720     24  0.00
  204  204     0   0   0   0   0   0   0   0   7   0   0  87   0   0   0   0   0   7   0   0     0    0    0   0.485     16  0.00
  205  205     0   0   0   0   0   0   0   0   0   0  93   0   0   0   0   0   0   7   0   0     0    0    0   0.245      8  0.00
  206  206    93   0   0   0   0   0   0   0   0   7   0   0   0   0   0   0   0   0   0   0     0    0    0   0.245      8  0.00
  207  207     0  87   0   0   0   0   0   0   7   0   0   0   0   0   0   0   0   0   0   7     0    0    0   0.485     16  0.00
  208  208     0   0  33   0   7   0   0   0   0   0   0  53   0   7   0   0   0   0   0   0     0    0    0   1.063     35  0.00
  209  209    86   0   7   0   0   0   7   0   0   0   0   0   0   0   0   0   0   0   0   0     0    0    0   0.509     16  0.00
  210  210     0   0   0   0   0   0   0   0   0   0   0   0   7   0   0   0   0   0  86   7     0    0    0   0.509     16  0.00
  211  211     0   0   0   0   0   0   0   7   0   0   0   0   0   0   0   0   0   0  86   7     0    0    0   0.509     16  0.00
  212  212     0   0   0   0   0   0   0   7   0   0   0   0   0   0   0  93   0   0   0   0     0    0    0   0.257      8  0.00
  213  213     0   0   0   0   0   0   0   0  92   8   0   0   0   0   0   0   0   0   0   0     0    0    0   0.271      9  0.00
  214  214     0   0   0   0   0   0   0   0   8   0   0   0   0  92   0   0   0   0   0   0     0    0    0   0.271      9  0.00
  215  215     0  14   0  86   0   0   0   0   0   0   0   0   0   0   0   0   0   0   0   0     0    0    0   0.410     13  0.00
  216  216    93   0   0   0   0   0   0   0   7   0   0   0   0   0   0   0   0   0   0   0     0    0    0   0.257      8  0.00
  217  217     0   0   0   0   0   0   0   0   0   0   7  86   0   0   7   0   0   0   0   0     0    0    0   0.509     16  0.00
  218  218     0  86   0   7   7   0   0   0   0   0   0   0   0   0   0   0   0   0   0   0     0    0    0   0.509     16  0.00
  219  219     0   0   0   0   0   0   0   0   0   0   0   0   0   0   0   7   0   0   0  93     0    0    0   0.257      8  0.00
  220  220     0   0   0   0   0   0 100   0   0   0   0   0   0   0   0   0   0   0   0   0     0    0    0   0.000      0  0.00
  221  221     0   7   0   0   0   0   0   0   0   0   0  93   0   0   0   0   0   0   0   0     0    0    0   0.257      8  0.00
  222  222    86   0   7   0   7   0   0   0   0   0   0   0   0   0   0   0   0   0   0   0     0    0    0   0.509     16  0.00
  223  223     0   0   0   0   0   0   0   0   8   0   0   0   0   0   0   0  92   0   0   0     0    0    0   0.271      9  0.00
  224  224   100   0   0   0   0   0   0   0   0   0   0   0   0   0   0   0   0   0   0   0     0    0    0   0.000      0  0.00
  225  225     0   0   0   0   0   0   0   0   0 100   0   0   0   0   0   0   0   0   0   0     0    0    0   0.000      0  0.00
  226  226     0   0   0   0   0   0   0  92   8   0   0   0   0   0   0   0   0   0   0   0     0    0    0   0.287      9  0.00
  227  227     0   0   0   0   0   0   0   0  83   0   0  17   0   0   0   0   0   0   0   0     0    0    0   0.451     15  0.00
  228  228     0   0   0   0   0   0   0 100   0   0   0   0   0   0   0   0   0   0   0   0     0    0    0   0.000      0  0.00
  229  229     0   0   0   0   0   0   0   0   0   0   0   0   0   8  42   0  50   0   0   0     0    0    0   0.918     30  0.00
  230  230     0   0   0   0   0   0   0   0   0   0   0   0   0   0   8   0   0   0   0  92     0    0    0   0.287      9  0.00
  231  231     0   0   0   0   0   0   0 100   0   0   0   0   0   0   0   0   0   0   0   0     0    0    0   0.000      0  0.00
  232  232     0   0   0   0   0   0   0   0  31   8  54   0   0   0   0   0   0   0   8   0     0    0    0   1.091     36  0.00
  233  233     0   0   0   0   0   0   0   0   0  93   0   0   0   0   0   7   0   0   0   0     0    0    0   0.257      8  0.00
  234  234     0   7   0   0   0   0   0  79   0   0   7   0   0   0   0   0   0   0   0   7     0    0    0   0.755     25  0.00
  235  235     0  50   0   0  36   0   0   0   0   0   0   7   0   0   0   7   0   0   0   0     0    0    0   1.091     36  0.00
  236  236     0   0   0   0   0   0   0   0   0   0 100   0   0   0   0   0   0   0   0   0     0    0    0   0.000      0  0.00
  237  237     0   0   0   0   0   0   0   0   0   0   0   0   0   0   0  86   0  14   0   0     0    0    0   0.410     13  0.00
  238  238     0   0   0   0 100   0   0   0   0   0   0   0   0   0   0   0   0   0   0   0     0    0    0   0.000      0  0.00
  239  239     0   0   0   0   7   0   0   0   0   0   0   0   0   0  93   0   0   0   0   0     0    0    0   0.257      8  0.00
  240  240     0 100   0   0   0   0   0   0   0   0   0   0   0   0   0   0   0   0   0   0     0    0    0   0.000      0  0.00
  241  241     0   0   0   0   0   0   0   0   0   0  93   0   0   0   0   0   0   0   7   0     0    0    0   0.257      8  0.00
  242  242     0   0   0   7   0   0  93   0   0   0   0   0   0   0   0   0   0   0   0   0     0    0    0   0.257      8  0.00
  243  243     0   0   0   0   0   0 100   0   0   0   0   0   0   0   0   0   0   0   0   0     0    0    0   0.000      0  0.00
  244  244     0   0   0   0   0   0   0   0   0 100   0   0   0   0   0   0   0   0   0   0     0    0    0   0.000      0  0.00
  245  245     0   7   0   0   0   0   0   0   0   0   0   0   0  93   0   0   0   0   0   0     0    0    0   0.257      8  0.00
  246  246     0   0   0   0   0   0   0   7   0   0   0   0  86   0   7   0   0   0   0   0     0    0    0   0.509     16  0.00
  247  247     0  93   0   0   0   0   0   0   0   0   0   0   0   0   0   7   0   0   0   0     0    0    0   0.257      8  0.00
  248  248     0   0   0   0   0   0   0   0  86   0   0   0   0   0   0   7   0   0   0   7     0    0    0   0.509     16  0.00
  249  249     0   0   0   0   0   0   7   0   0   7  79   0   0   0   7   0   0   0   0   0     0    0    0   0.755     25  0.00
  250  250     0   0   0   7  93   0   0   0   0   0   0   0   0   0   0   0   0   0   0   0     0    0    0   0.257      8  0.00
  251  251     0   0   0   0   0   0   0   0   0   0   0  86   0   0   7   0   7   0   0   0     0    0    0   0.509     16  0.00
  252  252     0   0   0   0   0   0   0   0   0   0   0   0   0   0   7   0   0  93   0   0     0    0    0   0.257      8  0.00
  253  253     0  83   8   0   8   0   0   0   0   0   0   0   0   0   0   0   0   0   0   0     0    0    0   0.566     18  0.00
  254  254    36  43   0   7   0   0   0   0   0   0  14   0   0   0   0   0   0   0   0   0     0    0    0   1.197     39  0.00
  255  255     0   0   0   0   0   0   0   0   7  14   0   0   0   0  21   0  57   0   0   0     0    0    0   1.116     37  0.00
  256  256     0   0   0   0   0   0   0   0  36   0  14   7   0   0   0   0   0  43   0   0     0    0    0   1.197     39  0.00
  257  257     7   0   7   0   0   0   0   0  71   0  14   0   0   0   0   0   0   0   0   0     0    0    0   0.895     29  0.00
  258  258     0   0   0   0 100   0   0   0   0   0   0   0   0   0   0   0   0   0   0   0     0    0    0   0.000      0  0.00
  259  259     0   0   0   0   0   0   0  85   0   0   8   0   0   0   0   0   0   8   0   0     0    0    0   0.536     17  0.00
  260  260     0   0   0   0   0   0   0  93   7   0   0   0   0   0   0   0   0   0   0   0     0    0    0   0.257      8  0.00
  261  261     0   0   0   0   7   0   0   0   0   0   0   0   0   0  36  50   0   0   7   0     0    0    0   1.091     36  0.00
  262  262     0   0   0   0   0   0   0   7   7   0   0   0  79   0   0   0   7   0   0   0     0    0    0   0.755     25  0.00
  263  263     0   0   0   0   0   0   0   0   0   0   0   0   0   0   7   7  86   0   0   0     0    0    0   0.509     16  0.00
  264  264     0   0   7   0   0   0   0   0   0   0   0   0   0  93   0   0   0   0   0   0     0    0    0   0.257      8  0.00
  265  265     0   0   0   0   0   0   0   0   0   0  86   0   0   0   0   0   7   0   0   7     0    0    0   0.509     16  0.00
  266  266    86   7   0   0   0   0   0   0   0   0   0   7   0   0   0   0   0   0   0   0     0    0    0   0.509     16  0.00
  267  267     0  86   0   0   0   0  14   0   0   0   0   0   0   0   0   0   0   0   0   0     0    0    0   0.410     13  0.00
  268  268     0   0   0   0   0   0   0 100   0   0   0   0   0   0   0   0   0   0   0   0     0    0    0   0.000      0  0.00
  269  269     0   0   0   0   0   0   0   0   0   0   0   0   0   0   0   0   0   0   0 100     0    0    0   0.000      0  0.00
  270  270     0   0   0   0 100   0   0   0   0   0   0   0   0   0   0   0   0   0   0   0     0    0    0   0.000      0  0.00
  271  271     0   0   0   0   0   0   0   0   0   0   0   0   0   0   0  93   7   0   0   0     0    0    0   0.257      8  0.00
  272  272     0   0   0   0   0   0   0   0   0  86   0   0   0   0   0   0   0  14   0   0     0    0    0   0.410     13  0.00
  273  273     0   0   0   7   0   0  86   0   0   0   0   7   0   0   0   0   0   0   0   0     0    0    0   0.509     16  0.00
  274  274     0   0   0   0   0   0   8   0   0   0   0   0   0   0  31  54   8   0   0   0     0    0    0   1.091     36  0.00
  275  275     0   0   0   0   0   0   0   8   0  92   0   0   0   0   0   0   0   0   0   0     0    0    0   0.271      9  0.00
  276  276     0   0   0   0   0   0   0  86   0   0   7   0   0   0   0   0   0   7   0   0     0    0    0   0.509     16  0.00
  277  277     0   0   0   0   0   0   0   0   0   0   0   0   0   0   0   0  93   0   0   7     0    0    0   0.257      8  0.00
  278  278     7   0   0   0   0   0   0   0  50   0   0  36   0   0   0   0   0   7   0   0     0    0    0   1.091     36  0.00
  279  279     0   0   0   0   0   0  92   0   0   0   0   0   0   0   0   8   0   0   0   0     0    0    0   0.271      9  0.00
  280  280    46   0  46   0   0   0   0   0   0   0   0   0   0   0   0   0   0   0   8   0     0    0    0   0.911     30  0.00
  281  281     0   0   0   0   0   0   0   0   0 100   0   0   0   0   0   0   0   0   0   0     0    0    0   0.000      0  0.00
  282  282     0   0   0   0   0   0   0   0   7   0   0   0  86   0   0   0   0   0   0   7     0    0    0   0.509     16  0.00
  283  283     0   0   0   0  14   0  86   0   0   0   0   0   0   0   0   0   0   0   0   0     0    0    0   0.410     13  0.00
  284  284     0   0   0   0  86   0  14   0   0   0   0   0   0   0   0   0   0   0   0   0     0    0    0   0.410     13  0.00
  285  285     0   0 100   0   0   0   0   0   0   0   0   0   0   0   0   0   0   0   0   0     0    0    0   0.000      0  0.00
  286  286     0   0   0   0   0   0   0   0   0   0   0   0   0 100   0   0   0   0   0   0     0    0    0   0.000      0  0.00
  287  287    93   7   0   0   0   0   0   0   0   0   0   0   0   0   0   0   0   0   0   0     0    0    0   0.257      8  0.00
  288  288     0  86   7   0   0   0   0   0   7   0   0   0   0   0   0   0   0   0   0   0     0    0    0   0.509     16  0.00
  289  289     0   0   0   0   0   0   0   0   0   0   0   0   0   0   7  79   0  14   0   0     0    0    0   0.656     21  0.00
  290  290     0   0   0   0   0   0   0   0   0   0   0   0   0   0  43  57   0   0   0   0     0    0    0   0.683     22  0.00
  291  291     0   0   0   0   0   0   0   0   0   0   8  92   0   0   0   0   0   0   0   0     0    0    0   0.271      9  0.00
  292  292     0   0   0   0   0   0   0 100   0   0   0   0   0   0   0   0   0   0   0   0     0    0    0   0.000      0  0.00
//
