ID Pseudo hssp file.
SEQ 
SEQ gi|494733|pdb|2BBK|H Chain H, Methylamine Dehydrogenase (Madh) (...   713  0.0
SEQ gi|494812|pdb|2MTA|H Chain H, Methylamine Dehydrogenase (E.C.1.4...   711  0.0
SEQ gi|231991|sp|P29894|DHMH_PARDE METHYLAMINE DEHYDROGENASE HEAVY C...   709  0.0
SEQ gi|2507235|sp|P23006|DHMH_PARVE METHYLAMINE DEHYDROGENASE HEAVY ...   554  e-157
SEQ gi|2499784|sp|Q49124|DHMH_METEX METHYLAMINE DEHYDROGENASE HEAVY ...   502  e-141
SEQ gi|2499788|sp|Q59542|DHMH_METME METHYLAMINE DEHYDROGENASE HEAVY ...   357  2e-97
SEQ gi|13432165|sp|Q50420|DHMH_METFL METHYLAMINE DEHYDROGENASE HEAVY...   334  1e-90
SEQ gi|494795|pdb|2MAD|H Chain H, Methylamine Dehydrogenase (Madh) (...   327  2e-88
SEQ gi|443115|pdb|1MDA|H Chain H, Methylamine Dehydrogenase (E.C.1.4...   142  9e-33
SEQ gi|1581925|prf||2117328L methylamine dehydrogenase:SUBUNIT=large...    63  4e-09
SEQ gi|482374|pir||A44545 amine dehydrogenase (EC 1.4.99.3) heavy ch...    59  1e-07
SEQ 
## SEQUENCE PROFILE AND ENTROPY
 SeqNo PDBNo   V   L   I   M   F   W   Y   G   A   P   S   T   C   H   R   K   Q   E   N   D  NOCC NDEL NINS ENTROPY RELENT WEIGHT
    1    1     0   0   0   0   0   0   0   0   0   0   0   0   0   0   0   0   0   0   0 100     0    0    0   0.000      0  0.00
    2    2     0   0   0   0   0   0   0  13   0   0   0   0   0   0   0   0   0  75   0  13     0    0    0   0.736     24  0.00
    3    3     0   0   0   0   0   0   0   0   0  88   0  13   0   0   0   0   0   0   0   0     0    0    0   0.377     12  0.00
    4    4    25   0   0   0   0   0   0   0   0   0  13  13   0   0  50   0   0   0   0   0     0    0    0   1.213     40  0.00
    5    5    13   0  75   0   0   0   0   0   0   0   0   0   0   0   0   0   0   0  13   0     0    0    0   0.736     24  0.00
    6    6     0  75   0   0   0   0   0   0  13   0   0   0   0   0   0   0   0   0   0  13     0    0    0   0.736     24  0.00
    7    7     0   0  13   0   0   0   0   0   0   0   0   0   0   0   0  13   0  75   0   0     0    0    0   0.736     24  0.00
    8    8     0   0   0   0   0   0   0   0 100   0   0   0   0   0   0   0   0   0   0   0     0    0    0   0.000      0  0.00
    9    9     0   0   0   0   0   0   0   0  10  90   0   0   0   0   0   0   0   0   0   0     0    0    0   0.325     10  0.00
   10   10     0   0   0   0   0   0   0  30  60  10   0   0   0   0   0   0   0   0   0   0     0    0    0   0.898     29  0.00
   11   11     0   0  10   0   0   0   0   0  30  50  10   0   0   0   0   0   0   0   0   0     0    0    0   1.168     38  0.00
   12   12     0   0  18   0   0   0   0   0   0   0   0   0   0   0   0   0   0   0   9  73     0    0    0   0.760     25  0.00
   13   13     0   0   0   0   0   0   0   9  64   0  27   0   0   0   0   0   0   0   0   0     0    0    0   0.860     28  0.00
   14   14     0   0   0   0   0   0   0   0   0   0   0   0   0   0  82  18   0   0   0   0     0    0    0   0.474     15  0.00
   15   15     0   0   0   0   0   0   0   0   0   0   9   0   0   0  91   0   0   0   0   0     0    0    0   0.305     10  0.00
   16   16    73   0   0   0   0   0   0   0   0   0  27   0   0   0   0   0   0   0   0   0     0    0    0   0.586     19  0.00
   17   17     0   9   0   0   9   0  73   0   0   0   0   0   0   9   0   0   0   0   0   0     0    0    0   0.886     29  0.00
   18   18    73   0  27   0   0   0   0   0   0   0   0   0   0   0   0   0   0   0   0   0     0    0    0   0.586     19  0.00
   19   19     0  18   0   0   0   0   9   0   0   0   0  18   0   0   0   0   9   0  45   0     0    0    0   1.414     47  0.00
   20   20     0  27   0   0   0   0   0   0   0   0   0   0   0   0   0   0   0   0   0  73     0    0    0   0.586     19  0.00
   21   21     0   0   0   0   0   0   0   0   0 100   0   0   0   0   0   0   0   0   0   0     0    0    0   0.000      0  0.00
   22   22     0   0   0   0   0   0   0  18  73   0   0   0   0   0   0   9   0   0   0   0     0    0    0   0.760     25  0.00
   23   23     0   0   0   0   0   0  18   0   0   0   0   0   0  73   0   0   0   0   9   0     0    0    0   0.760     25  0.00
   24   24     0   0   0   0  91   0   0   0   0   0   0   0   0   9   0   0   0   0   0   0     0    0    0   0.305     10  0.00
   25   25     0   0   0   0   0   0   0   0  73   0   9   0   0  18   0   0   0   0   0   0     0    0    0   0.760     25  0.00
   26   26     9   0   0   9   0   0   0  18  64   0   0   0   0   0   0   0   0   0   0   0     0    0    0   1.034     34  0.00
   27   27    36   0  27   0   0   0   0   0   0   0   9  27   0   0   0   0   0   0   0   0     0    0    0   1.295     43  0.00
   28   28     9   0   9   0   0   0   0   0   0   0  18  64   0   0   0   0   0   0   0   0     0    0    0   1.034     34  0.00
   29   29     0   0   0   0   0   0   0   0   0   0   0  18   0   0   0   0  64  18   0   0     0    0    0   0.908     30  0.00
   30   30    18   0   0   0   9   0   0   0   0   0   0   0   0   0   0   0  55   0  18   0     0    0    0   1.169     39  0.00
   31   31     0   0   0   0  45  27  27   0   0   0   0   0   0   0   0   0   0   0   0   0     0    0    0   1.067     35  0.00
   32   32    73   0   0   9   0   0   0   0   0   0   0  18   0   0   0   0   0   0   0   0     0    0    0   0.760     25  0.00
   33   33     0   9  73   0   0   0   0   0   0   0  18   0   0   0   0   0   0   0   0   0     0    0    0   0.760     25  0.00
   34   34     0   0   0   0   0   0   0   0   0   0   0   0  18   0   0   0   0   0   0  82     0    0    0   0.474     15  0.00
   35   35     0   0   0   0   0   0   0  73  27   0   0   0   0   0   0   0   0   0   0   0     0    0    0   0.586     19  0.00
   36   36     0   0   0   0   0   0   0  27   0   0   9   0   0   0   0   9   0  36   9   9     0    0    0   1.594     53  0.00
   37   37     0   0   0   0   0   0   0   0  36   0  18  18  18   0   0   9   0   0   0   0     0    0    0   1.516     50  0.00
   38   38     0   0   0   0   0   0   0  73   9   0   9   0   0   0   0   0   0   0   9   0     0    0    0   0.886     29  0.00
   39   39    18   0   0   0   0   0   0   0   0   0   9   0   0   0  55   9   0   0   9   0     0    0    0   1.295     43  0.00
   40   40    45  18  18   0   0   0   0   0   0   0   9   9   0   0   0   0   0   0   0   0     0    0    0   1.414     47  0.00
   41   41     9  55  36   0   0   0   0   0   0   0   0   0   0   0   0   0   0   0   0   0     0    0    0   0.916     30  0.00
   42   42     0   0   0   0   0   0   0 100   0   0   0   0   0   0   0   0   0   0   0   0     0    0    0   0.000      0  0.00
   43   43     0   0   0  64   0   0   0   0   0   0   0   9   0  27   0   0   0   0   0   0     0    0    0   0.860     28  0.00
   44   44     9   0  36   0   0   0   0   0   9   0  18  27   0   0   0   0   0   0   0   0     0    0    0   1.468     49  0.00
   45   45     0  18   0   0   0   0   0   0   0   0   0   0   0   0   0   0   0   0   9  73     0    0    0   0.760     25  0.00
   46   46     0   0   0   0   0   0   0  82   9   0   0   9   0   0   0   0   0   0   0   0     0    0    0   0.600     20  0.00
   47   47     0   0   0   0   0   0   0  82  18   0   0   0   0   0   0   0   0   0   0   0     0    0    0   0.474     15  0.00
   48   48     0   0   0   0  82   0   0   0   0   0   0   0   0   0   0  18   0   0   0   0     0    0    0   0.474     15  0.00
   49   49     9  91   0   0   0   0   0   0   0   0   0   0   0   0   0   0   0   0   0   0     0    0    0   0.305     10  0.00
   50   50     0   0   9   0   0   0   0   0   9  64  18   0   0   0   0   0   0   0   0   0     0    0    0   1.034     34  0.00
   51   51     0  18   0   0   0   0   0   0   0   0   0   0   0   9   0   0   0   0  73   0     0    0    0   0.760     25  0.00
   52   52    18   0   0   0   0   0   0   0  18  64   0   0   0   0   0   0   0   0   0   0     0    0    0   0.908     30  0.00
   53   53    82   0   0  18   0   0   0   0   0   0   0   0   0   0   0   0   0   0   0   0     0    0    0   0.474     15  0.00
   54   54    55   9   0   0   0   0   0   0  36   0   0   0   0   0   0   0   0   0   0   0     0    0    0   0.916     30  0.00
   55   55     0   0   0   0   0   0   0  18  73   0   9   0   0   0   0   0   0   0   0   0     0    0    0   0.760     25  0.00
   56   56     0   0   0   0   0   0   0   0   0   0  27   0   0  27   0   0   0   9   0  36     0    0    0   1.295     43  0.00
   57   57     0   0   0   0   0   0   0   0   0   0  27   0   0   0   0   0   0   0   0  73     0    0    0   0.586     19  0.00
   58   58     0   0   0   0   0   0   0 100   0   0   0   0   0   0   0   0   0   0   0   0     0    0    0   0.000      0  0.00
   59   59     0   0   0   0   0   0   0   0   0   0  82   0   0   0   0  18   0   0   0   0     0    0    0   0.474     15  0.00
   60   60     0   0   0   0  73   0   0   0   0   0   0   0   0   0   0   0   0   9   0  18     0    0    0   0.760     25  0.00
   61   61     0   9  36   0  55   0   0   0   0   0   0   0   0   0   0   0   0   0   0   0     0    0    0   0.916     30  0.00
   62   62     9   0   0   0   0   0   0   9  82   0   0   0   0   0   0   0   0   0   0   0     0    0    0   0.600     20  0.00
   63   63     0  27   9   0   0   0   0   0   0   0   0   9   0  36   0   0  18   0   0   0     0    0    0   1.468     49  0.00
   64   64     0   0   0   0   0   0   0   0  91   0   9   0   0   0   0   0   0   0   0   0     0    0    0   0.305     10  0.00
   65   65     0   0   0   0   0   0   0   0   0   0  82   0   0   0   0   0   0   0  18   0     0    0    0   0.474     15  0.00
   66   66     0   0   0   0   0   0   0   0   0   0   0 100   0   0   0   0   0   0   0   0     0    0    0   0.000      0  0.00
   67   67    55   0   0   9   0   0   0   0   0   0  27   9   0   0   0   0   0   0   0   0     0    0    0   1.121     37  0.00
   68   68     0   0   0   0  73   0  27   0   0   0   0   0   0   0   0   0   0   0   0   0     0    0    0   0.586     19  0.00
   69   69     0   0   0   0   0   0   0   0  18   0  64   0   0   0   0   0   0  18   0   0     0    0    0   0.908     30  0.00
   70   70     0   0   0   0   0   0   0   0   0   0   0   0   0   0 100   0   0   0   0   0     0    0    0   0.000      0  0.00
   71   71     9   0  73   0   0   0   0   0   0   0  18   0   0   0   0   0   0   0   0   0     0    0    0   0.760     25  0.00
   72   72     0   0   0   0   0   0   0   0 100   0   0   0   0   0   0   0   0   0   0   0     0    0    0   0.000      0  0.00
   73   73     0   0   0   9   0   0   0   0   0   0   0   0   0   0  73  18   0   0   0   0     0    0    0   0.760     25  0.00
   74   74     0   0   0   0   0   0   0 100   0   0   0   0   0   0   0   0   0   0   0   0     0    0    0   0.000      0  0.00
   75   75     0   0   0   0   0   0   0   0   0   0   0   0   0   0   0  64   0  36   0   0     0    0    0   0.655     21  0.00
   76   76     0   0   0   0   0   0   0   0   0   0   0   0   0   0 100   0   0   0   0   0     0    0    0   0.000      0  0.00
   77   77     0   0   0   0   0   0   0   0   0   0   0  82   0   0   0   0   0   0   0  18     0    0    0   0.474     15  0.00
   78   78     0   0   0   0   0   0   0   0   0   0   0   0   0   0   0   0   0   0   0 100     0    0    0   0.000      0  0.00
   79   79     0   0   0   0   0   0 100   0   0   0   0   0   0   0   0   0   0   0   0   0     0    0    0   0.000      0  0.00
   80   80    82   9   0   0   0   0   0   0   0   0   9   0   0   0   0   0   0   0   0   0     0    0    0   0.600     20  0.00
   81   81     0   0   0   0   0   0   0   0   0   0   0   0   0   0   0   0   9  91   0   0     0    0    0   0.305     10  0.00
   82   82    73  18   0   0   0   0   0   0   9   0   0   0   0   0   0   0   0   0   0   0     0    0    0   0.760     25  0.00
   83   83     0   9  27   0  64   0   0   0   0   0   0   0   0   0   0   0   0   0   0   0     0    0    0   0.860     28  0.00
   84   84     0   0   0   0   0   0   0   0   0   0   0   0   0   0   0   0   0   9   0  91     0    0    0   0.305     10  0.00
   85   85     0   0   0   0   0   0   0   0  18  73   0   9   0   0   0   0   0   0   0   0     0    0    0   0.760     25  0.00
   86   86    64   0   0   0   0   0   0   0   0   0   9   0   0   0   0   9  18   0   0   0     0    0    0   1.034     34  0.00
   87   87     0   0   0   0   0   0   0   0   0   0   9  91   0   0   0   0   0   0   0   0     0    0    0   0.305     10  0.00
   88   88     0  36   0   0  36   0   0   0   0   0   0   0   0  18   0   0   0   0   9   0     0    0    0   1.264     42  0.00
   89   89     0  64   0   0   0   0   0   9   0   0   0   0   0   0   0   9   9   0   9   0     0    0    0   1.160     38  0.00
   90   90     9   0   0   0   0   0   0   0   9  82   0   0   0   0   0   0   0   0   0   0     0    0    0   0.600     20  0.00
   91   91     0   9  45   0   0   0   0   0   0   0   9  36   0   0   0   0   0   0   0   0     0    0    0   1.162     38  0.00
   92   92     0   0   0   0   0   0   0   0 100   0   0   0   0   0   0   0   0   0   0   0     0    0    0   0.000      0  0.00
   93   93     0   0   0   0   0   0   0   0   0   0   0   0   0   0   0   0   0   0   0 100     0    0    0   0.000      0  0.00
   94   94     0   0  91   0   0   0   0   0   0   0   0   0   0   0   0   0   0   0   9   0     0    0    0   0.305     10  0.00
   95   95     0   0   0   0   0   0   0   0   0   0   9   0   0   0   0   0   0  73   0  18     0    0    0   0.760     25  0.00
   96   96     0  73  18   0   0   0   0   0   9   0   0   0   0   0   0   0   0   0   0   0     0    0    0   0.760     25  0.00
   97   97     0   0   0   0   0   0   0   0   9  91   0   0   0   0   0   0   0   0   0   0     0    0    0   0.305     10  0.00
   98   98     0   0   0   0   0   0   0   0   9   0   0   0   0   0   0   0   0  18   9  64     0    0    0   1.034     34  0.00
   99   99     9   0   0   0   0   0   0  18  64   0   9   0   0   0   0   0   0   0   0   0     0    0    0   1.034     34  0.00
  100  100     0   0   0   0   0   0   0  11   0  89   0   0   0   0   0   0   0   0   0   0     0    0    0   0.349     11  0.00
  101  101     0   0   0   0   0   0   0   0   0   0   0   0   0   0  91   0   9   0   0   0     0    0    0   0.305     10  0.00
  102  102     0   0   0   0 100   0   0   0   0   0   0   0   0   0   0   0   0   0   0   0     0    0    0   0.000      0  0.00
  103  103     0  73   0   0   0   0   0   0   0   0  18   0   0   0   0   0   0   0   0   9     0    0    0   0.760     25  0.00
  104  104    82   0   0   0   0   0   0   0   0   0   0  18   0   0   0   0   0   0   0   0     0    0    0   0.474     15  0.00
  105  105     0   0   0   0   0   0   0 100   0   0   0   0   0   0   0   0   0   0   0   0     0    0    0   0.000      0  0.00
  106  106    18   0   0   0   0   0   0   0   0  27   0  55   0   0   0   0   0   0   0   0     0    0    0   0.995     33  0.00
  107  107     0   0   0   9   9   0  64   0   0   0   0   0   0   0  18   0   0   0   0   0     0    0    0   1.034     34  0.00
  108  108     9   0   0   0   0   0   0   0   0  45   9   0   0   0   0   0   9   9   9   9     0    0    0   1.666     55  0.00
  109  109     0   0   0   0   0  64   0   0   0   0   0   0   0  18  18   0   0   0   0   0     0    0    0   0.908     30  0.00
  110  110     0   0  18  73   0   0   0   0   0   0   0   9   0   0   0   0   0   0   0   0     0    0    0   0.760     25  0.00
  111  111     0   0  18   0   0   0   0   0  18   0   0  45   0   0   0   0   0   0  18   0     0    0    0   1.288     43  0.00
  112  112     0   0   0   0   0   0   0  27  27   0  45   0   0   0   0   0   0   0   0   0     0    0    0   1.067     35  0.00
  113  113     0  73   0   0   0   0   0   0   0   0   0   0   0   0   0   0   0   0  27   0     0    0    0   0.586     19  0.00
  114  114     0   0   0   0   0   0   0   0   0   0  18  64  18   0   0   0   0   0   0   0     0    0    0   0.908     30  0.00
  115  115     9   0   0   0   0   0   0   0  18  64   0   9   0   0   0   0   0   0   0   0     0    0    0   1.034     34  0.00
  116  116     0   0   0   0   0   0   0   0   0   0  18   0   0   0   0   0   0   0  18  64     0    0    0   0.908     30  0.00
  117  117     0   0   0   0   0   0   0  36   0   0  18   0   0   0   0   0   0   0  36   9     0    0    0   1.264     42  0.00
  118  118     0   0   0   0   0   0   0   0  27   0   0   0   0   0   0  73   0   0   0   0     0    0    0   0.586     19  0.00
  119  119     0   0   0   0   0   0   9   0   0   0   0  45  18   9   0   0   0   0   9   9     0    0    0   1.540     51  0.00
  120  120     0  82   0   9   0   0   0   0   0   0   9   0   0   0   0   0   0   0   0   0     0    0    0   0.600     20  0.00
  121  121     0 100   0   0   0   0   0   0   0   0   0   0   0   0   0   0   0   0   0   0     0    0    0   0.000      0  0.00
  122  122     0   0   0   0 100   0   0   0   0   0   0   0   0   0   0   0   0   0   0   0     0    0    0   0.000      0  0.00
  123  123     0   0   0   0  27   0  55   0   0   0   0   0   0   0   0   0  18   0   0   0     0    0    0   0.995     33  0.00
  124  124     0  18   0   0   0   0   0   0   0   0   0   0   0   0   0   0  82   0   0   0     0    0    0   0.474     15  0.00
  125  125     0   0   0   0 100   0   0   0   0   0   0   0   0   0   0   0   0   0   0   0     0    0    0   0.000      0  0.00
  126  126     0   0   0   0   0   0   0  18  18   0  64   0   0   0   0   0   0   0   0   0     0    0    0   0.908     30  0.00
  127  127     0   0   0   0   0   0   0   0   9  73  18   0   0   0   0   0   0   0   0   0     0    0    0   0.760     25  0.00
  128  128     0   0   0   0   0   0   0   9  45   0  36   0   0   0   0   0   9   0   0   0     0    0    0   1.162     38  0.00
  129  129     0   0   0   0   0   0   0   0  18  82   0   0   0   0   0   0   0   0   0   0     0    0    0   0.474     15  0.00
  130  130     0   0   0   0   0   0   0   9  91   0   0   0   0   0   0   0   0   0   0   0     0    0    0   0.305     10  0.00
  131  131    82   0   0   0   0   0   0   0  18   0   0   0   0   0   0   0   0   0   0   0     0    0    0   0.474     15  0.00
  132  132     0   0   0   0   0   0   0 100   0   0   0   0   0   0   0   0   0   0   0   0     0    0    0   0.000      0  0.00
  133  133    67  33   0   0   0   0   0   0   0   0   0   0   0   0   0   0   0   0   0   0     0    0    0   0.637     21  0.00
  134  134    82   9   0   0   0   0   0   0   0   0   9   0   0   0   0   0   0   0   0   0     0    0    0   0.600     20  0.00
  135  135     9   0   0   0   0   0   0   0   0   0  18   0   0   0   0   0   0   0   0  73     0    0    0   0.760     25  0.00
  136  136    18  73   0   0   0   0   0   0   0   0   0   0   0   0   0   0   9   0   0   0     0    0    0   0.760     25  0.00
  137  137     0   0   0   0   0   0   0   9   9  18   0   0   0   0   0   0   9  55   0   0     0    0    0   1.295     43  0.00
  138  138     0   0   0   0   0   0   0  82   0   0   0   0   0   0   0   9   9   0   0   0     0    0    0   0.600     20  0.00
  139  139     0   0   0   0   0   0   0   0  18   0   9   0   0   0   0  73   0   0   0   0     0    0    0   0.760     25  0.00
  140  140     0   0   0   0   0   0   0   0  45   0  36   9   0   0   0   9   0   0   0   0     0    0    0   1.162     38  0.00
  141  141     0   0   0   0  73   0   0   0   0   0   0   0   0   0   0   0   0   0   0  27     0    0    0   0.586     19  0.00
  142  142    18   0   0   0   0   0   0   0   0   0   0   0   0   0   0  36   0   0   0  45     0    0    0   1.036     34  0.00
  143  143     0   0   0   0   0   0   0   0   0   0   0   0   0   0  55  18  27   0   0   0     0    0    0   0.995     33  0.00
  144  144     0  27   9  64   0   0   0   0   0   0   0   0   0   0   0   0   0   0   0   0     0    0    0   0.860     28  0.00
  145  145     0  55   9  18   0   0   0   0   0   0   0  18   0   0   0   0   0   0   0   0     0    0    0   1.169     39  0.00
  146  146     0   0   0   0   0   0   0   0   0   0   9   0   0   0   0  18   0   9   9  55     0    0    0   1.295     43  0.00
  147  147    64   0   9   0   0   0   0   0   0   0  27   0   0   0   0   0   0   0   0   0     0    0    0   0.860     28  0.00
  148  148     0   0   0   0   0   0   0   0  18  82   0   0   0   0   0   0   0   0   0   0     0    0    0   0.474     15  0.00
  149  149     0   0   0   0   0   0   0   0   0   0  18   9   0   0   0   0   0   0   0  73     0    0    0   0.760     25  0.00
  150  150     0   0   0   0   0   0   0   0   0   0   0   0 100   0   0   0   0   0   0   0     0    0    0   0.000      0  0.00
  151  151     0   0   0   0  18   0  82   0   0   0   0   0   0   0   0   0   0   0   0   0     0    0    0   0.474     15  0.00
  152  152     0   9   0   0   0   0   0   0   0   0   0   0   0  82   0   0   9   0   0   0     0    0    0   0.600     20  0.00
  153  153     0   0  91   0   0   0   0   0   0   0   0   9   0   0   0   0   0   0   0   0     0    0    0   0.305     10  0.00
  154  154     0   0   9   0  73   0   0   0   0   0   0   0   0  18   0   0   0   0   0   0     0    0    0   0.760     25  0.00
  155  155     0   0   0   0   0   0   0   0   0 100   0   0   0   0   0   0   0   0   0   0     0    0    0   0.000      0  0.00
  156  156     9   0   0   0   0   0   0  27   9   0   9  45   0   0   0   0   0   0   0   0     0    0    0   1.367     45  0.00
  157  157     0   0   0   0   0   0   0   0  73   9  18   0   0   0   0   0   0   0   0   0     0    0    0   0.760     25  0.00
  158  158     0   0   0   0   0   0   0   0  18  55   0   0   0   0   0   0   0   0  27   0     0    0    0   0.995     33  0.00
  159  159     0   0   0   0   0   0   0   0  18   0   9   9   0   0   0   0  18   0   0  45     0    0    0   1.414     47  0.00
  160  160     9   0   0   0   0   0   0   0   0   0  18  64   0   0   0   0   0   0   9   0     0    0    0   1.034     34  0.00
  161  161     0   0   0   0  82   0   0   0   0   0   0   0   0  18   0   0   0   0   0   0     0    0    0   0.474     15  0.00
  162  162     0   0   0   0  55   0  45   0   0   0   0   0   0   0   0   0   0   0   0   0     0    0    0   0.689     22  0.00
  163  163     0  27   0  73   0   0   0   0   0   0   0   0   0   0   0   0   0   0   0   0     0    0    0   0.586     19  0.00
  164  164     0   9   0   0   0   0   0   0   0   0  18   0   0  64   0   0   0   0   9   0     0    0    0   1.034     34  0.00
  165  165     0   0   0   0   0   0   0   0   0   0   0   0 100   0   0   0   0   0   0   0     0    0    0   0.000      0  0.00
  166  166     0   0   0   0   0   0   0   0   9  18   0   0   0   0  73   0   0   0   0   0     0    0    0   0.760     25  0.00
  167  167     0   0   0   0   0   0   0   0  18   0   0   0   0   0   0   0   9   0   0  73     0    0    0   0.760     25  0.00
  168  168     0   0   0   0   0   0   0  82   0   0  18   0   0   0   0   0   0   0   0   0     0    0    0   0.474     15  0.00
  169  169     0   9   0   0   0   0   0   9   0   0  82   0   0   0   0   0   0   0   0   0     0    0    0   0.600     20  0.00
  170  170     0  82   0   0   0   0   0   0  18   0   0   0   0   0   0   0   0   0   0   0     0    0    0   0.474     15  0.00
  171  171     0   9   0   9   0   0   0   0  73   0   0   0   0   0   0   0   9   0   0   0     0    0    0   0.886     29  0.00
  172  172     0   0   0   0   0   0   0   0   0   0  18   0   0   0   9  55  18   0   0   0     0    0    0   1.169     39  0.00
  173  173    55   0   0   0  18   0   0   0   0   0   0   9   9   0   0   0   0   0   0   9     0    0    0   1.295     43  0.00
  174  174     0  18   0   0   0   0   0  18  36   0   0   9   0   0   0   0   0   0   0  18     0    0    0   1.516     50  0.00
  175  175     0   0   9   0  45   0  18   0  18   0   0   0   0   9   0   0   0   0   0   0     0    0    0   1.414     47  0.00
  176  176     0   0   0   0   0   0   0  45  36   0   0   0   0   0   0   0   0   0   0  18     0    0    0   1.036     34  0.00
  177  177     0   0   0   0   0   0   0  10  30   0  10  40   0   0   0   0   0   0   0  10     0    0    0   1.418     47  0.00
  178  178     0   0   0   0   0   0   0   9   0  18   0   0   0   0   0  18   0  36   0  18     0    0    0   1.516     50  0.00
  179  179     0   0   0   0   0   0   0  73  27   0   0   0   0   0   0   0   0   0   0   0     0    0    0   0.586     19  0.00
  180  180     0   0   0   0   0   0   0   0  27   0   0  36   0   0   0   9   0   9  18   0     0    0    0   1.468     49  0.00
  181  181     0   9   0   0   0   0   0   9  18  36   9  18   0   0   0   0   0   0   0   0     0    0    0   1.642     54  0.00
  182  182     0   0   0   0   0   0   0  18   9   0   0   0   0   0   0  27   9  36   0   0     0    0    0   1.468     49  0.00
  183  183     9   0  55   9   0   0   0   9   0   0   0   9   0   0   0   0   9   0   0   0     0    0    0   1.421     47  0.00
  184  184    18   9   0   0   0   0   0   0   0   0   0  45   0   0   0  27   0   0   0   0     0    0    0   1.241     41  0.00
  185  185     9   0   0   0   0   0   0  18   0  18   0   0   0  36   9   0   0   0   9   0     0    0    0   1.642     54  0.00
  186  186     0   0   0   0   0   0   0   9  18   0   0  73   0   0   0   0   0   0   0   0     0    0    0   0.760     25  0.00
  187  187     0   0   0   0   0   0   0   0   9   0   0   0   0   0   0  18  18  55   0   0     0    0    0   1.169     39  0.00
  188  188    55   0  18   9   0   0   0   0   0   0   0   0  18   0   0   0   0   0   0   0     0    0    0   1.169     39  0.00
  189  189     0   9   0   0  73   0   0   0   0   0   0  18   0   0   0   0   0   0   0   0     0    0    0   0.760     25  0.00
  190  190     0   0   0   0   0   0   0  18   0   0   0   9   0  73   0   0   0   0   0   0     0    0    0   0.760     25  0.00
  191  191     0   0   0   0   0   0   0   9  36  36   0   9   0   0   0   9   0   0   0   0     0    0    0   1.390     46  0.00
  192  192     0   0   0   0   0   0   0   0   9   0   0   0   0   0   0   0  18  73   0   0     0    0    0   0.760     25  0.00
  193  193     0   0   0   0   0   0   0   0   0   0   0   0   0   0   0   9   9   0  27  55     0    0    0   1.121     37  0.00
  194  194     0   0   0   0   0   0   0   0   0   0   0   0   0   0   0   0   0  78  11  11     0    0    0   0.684     22  0.00
  195  195     0  13   0   0  50   0  38   0   0   0   0   0   0   0   0   0   0   0   0   0     0    0    0   0.974     32  0.00
  196  196     0  82   0   0   0   0   0   0   0   0   0   0  18   0   0   0   0   0   0   0     0    0    0   0.474     15  0.00
  197  197     0  18  55   0   9   0   0   0   0   0  18   0   0   0   0   0   0   0   0   0     0    0    0   1.169     39  0.00
  198  198     9   0   0   0   0   0   0   0   0   0  18   9   0   0   0   0   0   0  64   0     0    0    0   1.034     34  0.00
  199  199     0   0   0   0   0   0   0   0   0   0   0   0   0  55   0   0  27   0  18   0     0    0    0   0.995     33  0.00
  200  200     0   0   0   0   0   0   0   0  18  82   0   0   0   0   0   0   0   0   0   0     0    0    0   0.474     15  0.00
  201  201     0   0   0   0   0   0  18   0  82   0   0   0   0   0   0   0   0   0   0   0     0    0    0   0.474     15  0.00
  202  202     0   9   0   0   9   0  64   0   0   0   0   0   0   0   0   0  18   0   0   0     0    0    0   1.034     34  0.00
  203  203     0   0   0   0   0   0   0   0  27   0  73   0   0   0   0   0   0   0   0   0     0    0    0   0.586     19  0.00
  204  204     0   9   0   0   0   0   0   0   0   9   9   0   0   0   0   0  36   0  36   0     0    0    0   1.390     46  0.00
  205  205     0   0   0   0   0   0  18   9   0   0   9   0   0   0   9  55   0   0   0   0     0    0    0   1.295     43  0.00
  206  206     0   0   0   0   0   0   0   0  36  18  36   0   0   0   0   0   0   0   9   0     0    0    0   1.264     42  0.00
  207  207     0   0   0   0   0   0   0  91   0   0   0   0   0   0   0   0   0   0   9   0     0    0    0   0.305     10  0.00
  208  208     0   0   0  18   0   0   0   0   0   0   0   0   0   9  73   0   0   0   0   0     0    0    0   0.760     25  0.00
  209  209     0  91   9   0   0   0   0   0   0   0   0   0   0   0   0   0   0   0   0   0     0    0    0   0.305     10  0.00
  210  210    91   0   0   0   0   0   0   0   0   0   0   9   0   0   0   0   0   0   0   0     0    0    0   0.305     10  0.00
  211  211     0   0   0   0   0 100   0   0   0   0   0   0   0   0   0   0   0   0   0   0     0    0    0   0.000      0  0.00
  212  212     0   0   0   0   0   0   0   0  18  82   0   0   0   0   0   0   0   0   0   0     0    0    0   0.474     15  0.00
  213  213    27   0   0   0   0   0   0   0   0   0   0  73   0   0   0   0   0   0   0   0     0    0    0   0.586     19  0.00
  214  214     0   0   0   0   0   0 100   0   0   0   0   0   0   0   0   0   0   0   0   0     0    0    0   0.000      0  0.00
  215  215     0   0   0   0   0   0   0   0  18   0   9  55   0   0   0   0   0  18   0   0     0    0    0   1.169     39  0.00
  216  216     0   0   0   0   0   0   0  82   0   0  18   0   0   0   0   0   0   0   0   0     0    0    0   0.474     15  0.00
  217  217     0   0   0   0   0   0   0   0   0   0  18   0   0   0   9  73   0   0   0   0     0    0    0   0.760     25  0.00
  218  218     0   0 100   0   0   0   0   0   0   0   0   0   0   0   0   0   0   0   0   0     0    0    0   0.000      0  0.00
  219  219     0  27   0   0  36   0   0   0   0   0   0   0   0  36   0   0   0   0   0   0     0    0    0   1.090     36  0.00
  220  220     0   0   0   0   0   0   0   0   0   0   0   0   0   0   0   0 100   0   0   0     0    0    0   0.000      0  0.00
  221  221     0   0  45   0   0   0   0  18  36   0   0   0   0   0   0   0   0   0   0   0     0    0    0   1.036     34  0.00
  222  222     0   0   0   0   0   0   0   0   0   0   0   0   0   0   0  18   0   0   0  82     0    0    0   0.474     15  0.00
  223  223     9  73  18   0   0   0   0   0   0   0   0   0   0   0   0   0   0   0   0   0     0    0    0   0.760     25  0.00
  224  224     0   0   0   0   0   0   0   0   0  18  64  18   0   0   0   0   0   0   0   0     0    0    0   0.908     30  0.00
  225  225     0   0   0   0   0   0   0   0  36   0  45   0   0   0   0   0   0   9   0   9     0    0    0   1.162     38  0.00
  226  226     0   0   0   0   0   0   0  36  27   0   9   0   0   0   0   9   9   9   0   0     0    0    0   1.594     53  0.00
  227  227     0   0   0   0   0   0   0  45   0   0   0   0   0   0   0   9   0   0   0  45     0    0    0   0.935     31  0.00
  228  228     9   0   0   0   0   0   0   0  91   0   0   0   0   0   0   0   0   0   0   0     0    0    0   0.305     10  0.00
  229  229     0   0   0   0   0   0   0   0   0   0   0  36   0   0   0  45   0   9   0   9     0    0    0   1.162     38  0.00
  230  230     0   0   0  18  73   0   0   0   0   0   0   0   0   0   0   0   0   0   9   0     0    0    0   0.760     25  0.00
  231  231     0  55   0   9   0   0   0   0   0   0   0   0   0   0   9  27   0   0   0   0     0    0    0   1.121     37  0.00
  232  232     0   0   0   0   0   0   0   0  36  45   0   0   0   0   0  18   0   0   0   0     0    0    0   1.036     34  0.00
  233  233     0   0   0   0   0   0   0   0  64  36   0   0   0   0   0   0   0   0   0   0     0    0    0   0.655     21  0.00
  234  234    45   0  45   0   9   0   0   0   0   0   0   0   0   0   0   0   0   0   0   0     0    0    0   0.935     31  0.00
  235  235     0   0   0   0   0   0   0   0   0   0   0   0   0   0   0   0   0  73   0  27     0    0    0   0.586     19  0.00
  236  236     9   9   0   0   0   0   0  18  64   0   0   0   0   0   0   0   0   0   0   0     0    0    0   1.034     34  0.00
  237  237     0  55   0   0  27   0   0   0   0   0   0   0   0   0   0   0   0   0  18   0     0    0    0   0.995     33  0.00
  238  238     0   0   0   0   0   0   0   0   0   0   9  73   0   0   0   0   0  18   0   0     0    0    0   0.760     25  0.00
  239  239     0   0   0   0   0   0   0   9   9   0   9   0   0   0   0   0   0  55   0  18     0    0    0   1.295     43  0.00
  240  240     0   0   0   0   0   0   0  27  64   0   0   0   0   0   0   9   0   0   0   0     0    0    0   0.860     28  0.00
  241  241     0   0   0   0   0   0   0   0   0   0   0   0   0   0  27   0   0  73   0   0     0    0    0   0.586     19  0.00
  242  242     0   0   0   0   0   0   0   0   0   0   0   0   0   0  45  55   0   0   0   0     0    0    0   0.689     22  0.00
  243  243     0   0   0   0   0   0   0   0  82   0   0   0   0   0   0  18   0   0   0   0     0    0    0   0.474     15  0.00
  244  244     0   0   9   0   0   0   0   0   9   0   0   0   0   0   0   0   0   9   0  73     0    0    0   0.886     29  0.00
  245  245     0   0   0   0   0   0   0  45   0   0   0   9   0   0   0   9   0   0  27   9     0    0    0   1.367     45  0.00
  246  246     0   0   0   0  18  82   0   0   0   0   0   0   0   0   0   0   0   0   0   0     0    0    0   0.474     15  0.00
  247  247     0   0   0   0   0   0   0   0   9   0   0   0   0   0  91   0   0   0   0   0     0    0    0   0.305     10  0.00
  248  248     0   0   0   0   0   0   0   0   0  82  18   0   0   0   0   0   0   0   0   0     0    0    0   0.474     15  0.00
  249  249     0   0   0   0   0   0   0  82  18   0   0   0   0   0   0   0   0   0   0   0     0    0    0   0.474     15  0.00
  250  250     0   0   0   0   0   0   0 100   0   0   0   0   0   0   0   0   0   0   0   0     0    0    0   0.000      0  0.00
  251  251     0   0   0   0  18  82   0   0   0   0   0   0   0   0   0   0   0   0   0   0     0    0    0   0.474     15  0.00
  252  252     0   0   0   0   0   0   0   0   0   0   0   0   0   0   0   0 100   0   0   0     0    0    0   0.000      0  0.00
  253  253     9   0   0  18   0   0   0   0   0   0   0   9   0   0   0   0  64   0   0   0     0    0    0   1.034     34  0.00
  254  254    82   0   9   0   0   0   0   0   0   0   0   9   0   0   0   0   0   0   0   0     0    0    0   0.600     20  0.00
  255  255     0   0   0   0   0   0   0   0 100   0   0   0   0   0   0   0   0   0   0   0     0    0    0   0.000      0  0.00
  256  256     0   0   0   0   9   0  73   0   0   0   0   0   0   0   0  18   0   0   0   0     0    0    0   0.760     25  0.00
  257  257     0  27   0   0   0   0   0   0   0   0   0   0   0  73   0   0   0   0   0   0     0    0    0   0.586     19  0.00
  258  258     0   0   0   0   0   0   0   0   0   0   0   0   0   0  55  45   0   0   0   0     0    0    0   0.689     22  0.00
  259  259     0   0   0   0   0   0   0   0  55   0   9   0   0   0   0   0   9   9  18   0     0    0    0   1.295     43  0.00
  260  260     0  36   0   0   0   0   0   0   0   0  27  18   0   0  18   0   0   0   0   0     0    0    0   1.342     44  0.00
  261  261     0   0   0   0   0   0   0   0   0   0   0   0   0   0   0   0   0   0  18  82     0    0    0   0.474     15  0.00
  262  262     0   0   0   0   0   0   0  27   0   0   0   0   0   0  55   0   0  18   0   0     0    0    0   0.995     33  0.00
  263  263     0   9  91   0   0   0   0   0   0   0   0   0   0   0   0   0   0   0   0   0     0    0    0   0.305     10  0.00
  264  264     0   0   0  18   9   0  73   0   0   0   0   0   0   0   0   0   0   0   0   0     0    0    0   0.760     25  0.00
  265  265     9  73  18   0   0   0   0   0   0   0   0   0   0   0   0   0   0   0   0   0     0    0    0   0.760     25  0.00
  266  266     0 100   0   0   0   0   0   0   0   0   0   0   0   0   0   0   0   0   0   0     0    0    0   0.000      0  0.00
  267  267    50   0   0   0   0   0   0  10  20   0   0  20   0   0   0   0   0   0   0   0     0    0    0   1.221     40  0.00
  268  268    10   0   0   0   0   0   0   0   0   0  10   0   0   0   0   0   0   0   0  80     0    0    0   0.639     21  0.00
  269  269     0   0   0   0   0   0   0   0   0   0   0   0   0   0   0   0  80  20   0   0     0    0    0   0.500     16  0.00
  270  270     0   0   0   0   0   0   0   0   0   0   0   0   0  10  80   0  10   0   0   0     0    0    0   0.639     21  0.00
  271  271     0   0   0   0   0   0   0   0  20   0  20   0   0   0   0   0   0  10   0  50     0    0    0   1.221     40  0.00
  272  272     0   0   0   0   0   0   0   0  20   0   0   0   0   0  10  20   0  50   0   0     0    0    0   1.221     40  0.00
  273  273     0   0   0   0   0  89   0   0   0   0  11   0   0   0   0   0   0   0   0   0     0    0    0   0.349     11  0.00
  274  274     0   0   0   0   0   0   0   0   0   0  10  20   0   0  40  30   0   0   0   0     0    0    0   1.280     42  0.00
  275  275     0  10   0   0   0   0   0   0   0   0   0   0  10  80   0   0   0   0   0   0     0    0    0   0.639     21  0.00
  276  276    10  10   0   0   0   0   0   0   0   0   0   0   0  10   0  70   0   0   0   0     0    0    0   0.940     31  0.00
  277  277     0  10   0   0   0   0   0   0  40   0   0  50   0   0   0   0   0   0   0   0     0    0    0   0.943     31  0.00
  278  278     0   0   0   0   0   0   0   0  80  20   0   0   0   0   0   0   0   0   0   0     0    0    0   0.500     16  0.00
  279  279     0   0   0   0   0   0   0   0  20   0  80   0   0   0   0   0   0   0   0   0     0    0    0   0.500     16  0.00
  280  280     0   0   0   0   0   0   0   0   0   0   0   0   0   0  80  10   0  10   0   0     0    0    0   0.639     21  0.00
  281  281     0  10   0   0  60   0  10   0   0   0   0   0   0   0   0   0   0  10  10   0     0    0    0   1.228     40  0.00
  282  282    60  30   0   0   0   0   0   0   0   0   0  10   0   0   0   0   0   0   0   0     0    0    0   0.898     29  0.00
  283  283    50   0   0   0  30   0   0   0   0   0  10  10   0   0   0   0   0   0   0   0     0    0    0   1.168     38  0.00
  284  284    80   0   0   0   0   0   0   0   0   0  20   0   0   0   0   0   0   0   0   0     0    0    0   0.500     16  0.00
  285  285    45  45   9   0   0   0   0   0   0   0   0   0   0   0   0   0   0   0   0   0     0    0    0   0.935     31  0.00
  286  286     0   0   0   0   0   0   0   0   0   0   0  18   0   0   0   0   0   0   9  73     0    0    0   0.760     25  0.00
  287  287     0   0   0   0   0   0   0  27  73   0   0   0   0   0   0   0   0   0   0   0     0    0    0   0.586     19  0.00
  288  288     0   9   0   0   0   0   0   0   0   0   9  27   0   0   0  45   0   9   0   0     0    0    0   1.367     45  0.00
  289  289    18   0   0   0   0   0   0   0   0   0   9  73   0   0   0   0   0   0   0   0     0    0    0   0.760     25  0.00
  290  290     0   0   0   0   0   0   0 100   0   0   0   0   0   0   0   0   0   0   0   0     0    0    0   0.000      0  0.00
  291  291     0   0   0   0   0   0   0   0   0   0   0   0   0   0   0  36  18  45   0   0     0    0    0   1.036     34  0.00
  292  292     0   0   0   0   0   0   0   0   0   0   0  18   0   0  82   0   0   0   0   0     0    0    0   0.474     15  0.00
  293  293     0  64  18   0   0   0   0   0   0   0  18   0   0   0   0   0   0   0   0   0     0    0    0   0.908     30  0.00
  294  294     0   0   0   0   0   0   0   9  36   0   9   0   0   0  27   0   0   0  18   0     0    0    0   1.468     49  0.00
  295  295     0   0   0   0   0   0   0   0   0   9   0   0   0   0  27  55   9   0   0   0     0    0    0   1.121     37  0.00
  296  296     0   0  64   0  36   0   0   0   0   0   0   0   0   0   0   0   0   0   0   0     0    0    0   0.655     21  0.00
  297  297     0   0   0   0   0   0   0   0   0   0  18   0   0   0   0   0   0  64   0  18     0    0    0   0.908     30  0.00
  298  298     0  55   0  36   0   0   0   0   0   0   0   0   0   0   0   0   0   0   9   0     0    0    0   0.916     30  0.00
  299  299     0   0   0   0   0   0   0  82   0   0   0   0   0   0   0  18   0   0   0   0     0    0    0   0.474     15  0.00
  300  300     0   0   0   0   0   0   0   0   0   0   0   0   0 100   0   0   0   0   0   0     0    0    0   0.000      0  0.00
  301  301     0   0   0   0   0   0   0   0   0   0   0   0   0   0   0   0   0  82   0  18     0    0    0   0.474     15  0.00
  302  302     9   0  82   0   0   0   0   0   0   0   9   0   0   0   0   0   0   0   0   0     0    0    0   0.600     20  0.00
  303  303     0   0   0   0   0   0   0   0   0   0   0   0   0   0   0   0   0   0   9  91     0    0    0   0.305     10  0.00
  304  304     0   0   0   0   0   0   0  18  18   0  64   0   0   0   0   0   0   0   0   0     0    0    0   0.908     30  0.00
  305  305     9   0  91   0   0   0   0   0   0   0   0   0   0   0   0   0   0   0   0   0     0    0    0   0.305     10  0.00
  306  306     0   0   9   0   0   0   0   9   9   0  27   0   0   0   0   0   0   0  45   0     0    0    0   1.367     45  0.00
  307  307    91   0   0   0   0   0   0   0   9   0   0   0   0   0   0   0   0   0   0   0     0    0    0   0.305     10  0.00
  308  308     0   0   0   0   0   0   0   0  18   0  64  18   0   0   0   0   0   0   0   0     0    0    0   0.908     30  0.00
  309  309     0   0   0   0   0   0   0   0   0   0   0   0   0   0   0   0 100   0   0   0     0    0    0   0.000      0  0.00
  310  310     0   0   0   0   0   0   0   0   0   0   0   0   0   0   0   0   0   0   0 100     0    0    0   0.000      0  0.00
  311  311     0   0   0   0   0   0   0  18  36   0   0   0   0   0   0   0   0  36   0   9     0    0    0   1.264     42  0.00
  312  312     0   0   0   0   0   0   0   9   9   0   0   0   0   0   0  55   0   9  18   0     0    0    0   1.295     43  0.00
  313  313     0   0   0   0   0   0   0   0   0  91   9   0   0   0   0   0   0   0   0   0     0    0    0   0.305     10  0.00
  314  314     0  45   0   0   0   0   9   0   0   0   0   0   0   0   0   0   9   0  18  18     0    0    0   1.414     47  0.00
  315  315     0  91   0   0   0   0   0   0   0   0   0   0   0   0   0   0   0   0   9   0     0    0    0   0.305     10  0.00
  316  316     0   0   0   0   0   0 100   0   0   0   0   0   0   0   0   0   0   0   0   0     0    0    0   0.000      0  0.00
  317  317     0   0   0   0   0   0   0   0 100   0   0   0   0   0   0   0   0   0   0   0     0    0    0   0.000      0  0.00
  318  318    27  64   0   0   0   0   0   0   0   0   0   0   0   0   0   0   0   0   9   0     0    0    0   0.860     28  0.00
  319  319     0   0   0   0   0   0   0   0   0   0 100   0   0   0   0   0   0   0   0   0     0    0    0   0.000      0  0.00
  320  320     0   0   0   0   0   0   0   0  45   0   0  45   0   0   0   0   0   9   0   0     0    0    0   0.935     31  0.00
  321  321     0   0   0   0   0   0   0  73   0   0   0   0   0   0   0   0   0  27   0   0     0    0    0   0.586     19  0.00
  322  322     0   0   0   0   0   0   0   0  27   0   0  27   0   0   0   0   0   0   0  45     0    0    0   1.067     35  0.00
  323  323     0   0   0   0   0   0   0   0   0   0   0   0   0   0   0  73   9  18   0   0     0    0    0   0.760     25  0.00
  324  324    18   0   0   0   0   0   0   0   9   0   0  73   0   0   0   0   0   0   0   0     0    0    0   0.760     25  0.00
  325  325     0 100   0   0   0   0   0   0   0   0   0   0   0   0   0   0   0   0   0   0     0    0    0   0.000      0  0.00
  326  326     0   0   0   0  27   0  45   0   0   0   0   0   0  18   0   0   0   0   0   9     0    0    0   1.241     41  0.00
  327  327     0   0  73   0   0   0   0   0   0   0   0  27   0   0   0   0   0   0   0   0     0    0    0   0.586     19  0.00
  328  328     0   0   0   0  36   0  27   0   0   0   0   0   0  36   0   0   0   0   0   0     0    0    0   1.090     36  0.00
  329  329     0   0   0   0   0   0   0   0   0   0   0   0   0   0   0   0   0   0  18  82     0    0    0   0.474     15  0.00
  330  330     0   0   0   0   0   0   0   0  91   9   0   0   0   0   0   0   0   0   0   0     0    0    0   0.305     10  0.00
  331  331    27   0   0   0   0   0   0   9  18   0   0   0   0   0   0   0   0  45   0   0     0    0    0   1.241     41  0.00
  332  332     0   0   0   0   0   0   0   0   9   0  45  36   0   0   0   0   0   0   9   0     0    0    0   1.162     38  0.00
  333  333     0   0   0   0   0   0   0  91   0   0   0   0   0   0   0   0   0   0   0   9     0    0    0   0.305     10  0.00
  334  334     0   0   0   0   0   0   0   0   0   0   0   0   0   0   0  36   9  45   0   9     0    0    0   1.162     38  0.00
  335  335     0   0   0   0   0   0   0   0   9   0   0   0   0   0   0   0   9  73   0   9     0    0    0   0.886     29  0.00
  336  336     9  55   0   0   0   0   0   0   0   0   0  18   0   0   0   0   9   0   0   9     0    0    0   1.295     43  0.00
  337  337     0   0   0   0   0   0   0  18   0   0  27   0   0   0  45   0   9   0   0   0     0    0    0   1.241     41  0.00
  338  338     0   0   0   0   0   0   0   0   0   0  82   0   0   0   0  18   0   0   0   0     0    0    0   0.474     15  0.00
  339  339    82   0   9   0   0   0   0   0   0   0   0   9   0   0   0   0   0   0   0   0     0    0    0   0.600     20  0.00
  340  340    10   0   0   0   0   0   0   0   0   0   0   0   0   0   0   0   0   0  50  40     0    0    0   0.943     31  0.00
  341  341     0   0   0   0   0   0   0   0   0   0   0   0   0   0   0   0  55  45   0   0     0    0    0   0.689     22  0.00
  342  342     0 100   0   0   0   0   0   0   0   0   0   0   0   0   0   0   0   0   0   0     0    0    0   0.000      0  0.00
  343  343     0   0   0   0   0   0   0  91   0   0   0   0   0   0   0   0   0   0   0   9     0    0    0   0.305     10  0.00
  344  344     0   0   0   0   0   0   0   0   9   0   9   0   0  36  36   9   0   0   0   0     0    0    0   1.390     46  0.00
  345  345     0   0   0   0   0   0   0  73  27   0   0   0   0   0   0   0   0   0   0   0     0    0    0   0.586     19  0.00
  346  346     0   0   0   0   0   0   0   0   0 100   0   0   0   0   0   0   0   0   0   0     0    0    0   0.000      0  0.00
  347  347     0   0   0   0   0   0   0   0   0   0   9  18   0   0   0   0  64   9   0   0     0    0    0   1.034     34  0.00
  348  348    55   0  27   9   0   0   0   0   0   0   9   0   0   0   0   0   0   0   0   0     0    0    0   1.121     37  0.00
  349  349     9  18  55   0   0   0   0   0   0   0  18   0   0   0   0   0   0   0   0   0     0    0    0   1.169     39  0.00
  350  350     0  18   0   9   9   0   0   0   0   0  18  45   0   0   0   0   0   0   0   0     0    0    0   1.414     47  0.00
  351  351     0   0  11   0   0   0   0   0   0   0   0  89   0   0   0   0   0   0   0   0     0    0    0   0.349     11  0.00
  352  352     0   0   0  22   0   0   0   0  56   0  11   0   0  11   0   0   0   0   0   0     0    0    0   1.149     38  0.00
  353  353     0   0   0   0   0   0   0   0   0   0   0   0   0   0   0   0   0   0   0 100     0    0    0   0.000      0  0.00
  354  354     0   0   0 100   0   0   0   0   0   0   0   0   0   0   0   0   0   0   0   0     0    0    0   0.000      0  0.00
  355  355     0   0   0   0   0   0   0 100   0   0   0   0   0   0   0   0   0   0   0   0     0    0    0   0.000      0  0.00
//
