ID Pseudo hssp file.
SEQ 
SEQ gi|231992|sp|P22619|DHML_PARDE METHYLAMINE DEHYDROGENASE LIGHT C...   254  5e-67
SEQ gi|2507234|sp|P22641|DHML_PARVE METHYLAMINE DEHYDROGENASE LIGHT ...   250  6e-66
SEQ gi|2507233|sp|P00372|DHML_METEX METHYLAMINE DEHYDROGENASE LIGHT ...   233  9e-61
SEQ gi|494813|pdb|2MTA|L Chain L, Methylamine Dehydrogenase (E.C.1.4...   233  1e-60
SEQ gi|494734|pdb|2BBK|L Chain L, Methylamine Dehydrogenase (Madh) (...   228  3e-59
SEQ gi|494794|pdb|2MAD|L Chain L, Methylamine Dehydrogenase (Madh) (...   224  4e-58
SEQ gi|494307|pdb|1MAF|L Chain L, Methylamine Dehydrogenase (Madh) (...   224  6e-58
SEQ gi|150013|gb|AAA25379.1| (M58517) methylamine dehydrogenase smal...   214  4e-55
SEQ gi|351087|prf||0902199A dehydrogenase light subunit,methylamine ...   204  4e-52
SEQ gi|2499782|sp|Q50425|DHML_METFL METHYLAMINE DEHYDROGENASE LIGHT ...   197  6e-50
SEQ gi|2499783|sp|Q59543|DHML_METME METHYLAMINE DEHYDROGENASE LIGHT ...   178  3e-44
SEQ gi|482373|pir||A44544 amine dehydrogenase (EC 1.4.99.3) light ch...   173  8e-43
SEQ gi|45459|emb|CAA39198.1| (X55665) methylamine dehydrogenase beta...    64  1e-09
SEQ 
## SEQUENCE PROFILE AND ENTROPY
 SeqNo PDBNo   V   L   I   M   F   W   Y   G   A   P   S   T   C   H   R   K   Q   E   N   D  NOCC NDEL NINS ENTROPY RELENT WEIGHT
    1    1     0   0   0   0   0   0   0   0   0   0   0 100   0   0   0   0   0   0   0   0     0    0    0   0.000      0  0.00
    2    2     0   0   0   0   0   0   0   0   0   0   0   0   0   0   0   0   0   0   0 100     0    0    0   0.000      0  0.00
    3    3     0   0   0   0   0   0   0   0   0 100   0   0   0   0   0   0   0   0   0   0     0    0    0   0.000      0  0.00
    4    4     0   0   0   0   0   0   0   0   0   0   0   0   0   0 100   0   0   0   0   0     0    0    0   0.000      0  0.00
    5    5     0   0   0   0   0   0   0  23  62   0   8   0   0   0   0   0   0   8   0   0     0    0    0   1.032     34  0.00
    6    6     0   0   0   0   0   0   0  15   0   0   0   0   0   0   0  85   0   0   0   0     0    0    0   0.429     14  0.00
    7    7     0   0   0   0   8  85   8   0   0   0   0   0   0   0   0   0   0   0   0   0     0    0    0   0.536     17  0.00
    8    8    31   0   0   0   0   0   0   0   0   0   0   0   0   0   0  38  31   0   0   0     0    0    0   1.093     36  0.00
    9    9     0   0   0   0   0   0   0   0   0 100   0   0   0   0   0   0   0   0   0   0     0    0    0   0.000      0  0.00
   10   10     0   0   0   0   0   0   0   0   0   0   0   0   0   0   0   0 100   0   0   0     0    0    0   0.000      0  0.00
   11   11     0   0   0   0   0   0   0   0   0   0   0   0   0   0   0   0   0   0   0 100     0    0    0   0.000      0  0.00
   12   12     0   0   0   0   0   0   0   0   0   0   0   0   0   0   0  15   0   0  85   0     0    0    0   0.429     14  0.00
   13   13     0   0   0   0   0   0   0   0   0   0   0   0   0   0   0   0   0   0   8  92     0    0    0   0.271      9  0.00
   14   14    23   0  62   0   0   0   0   0   0  15   0   0   0   0   0   0   0   0   0   0     0    0    0   0.925     30  0.00
   15   15     0   0   0   0   0   0   0   0   0   0   0   0   0   0   0  15  85   0   0   0     0    0    0   0.429     14  0.00
   16   16     0   0   0   0   0   0   0   0  69   0  31   0   0   0   0   0   0   0   0   0     0    0    0   0.617     20  0.00
   17   17     0   0   0   0   0   0   0   0   0   0   0   0 100   0   0   0   0   0   0   0     0    0    0   0.000      0  0.00
   18   18     0   0   0   0   0   0   0   0   0   0   0   0   0   0   0   0   0   8   0  92     0    0    0   0.271      9  0.00
   19   19     0   0   0   0   0   0 100   0   0   0   0   0   0   0   0   0   0   0   0   0     0    0    0   0.000      0  0.00
   20   20     0   0   0   0   0 100   0   0   0   0   0   0   0   0   0   0   0   0   0   0     0    0    0   0.000      0  0.00
   21   21     0   0   0   0   0   0   0   0   0   0   0   0   0   0 100   0   0   0   0   0     0    0    0   0.000      0  0.00
   22   22     0   0   0   0   0   0   0   0   0   0   0   0   0 100   0   0   0   0   0   0     0    0    0   0.000      0  0.00
   23   23     0   0   0   0   0   0   0   0   0   0   0   0 100   0   0   0   0   0   0   0     0    0    0   0.000      0  0.00
   24   24     0   0   0   0   0   0   0   0   0   0  92   8   0   0   0   0   0   0   0   0     0    0    0   0.271      9  0.00
   25   25     0   0 100   0   0   0   0   0   0   0   0   0   0   0   0   0   0   0   0   0     0    0    0   0.000      0  0.00
   26   26     0   0   0   0   0   0   0   0   8   0   0   0   0   0   0   0   0   0   0  92     0    0    0   0.271      9  0.00
   27   27     0   0   0   0   0   0   0 100   0   0   0   0   0   0   0   0   0   0   0   0     0    0    0   0.000      0  0.00
   28   28     0   0   0   0   0   0   0   0   0   0   0   0   0   0   0   0   0   0 100   0     0    0    0   0.000      0  0.00
   29   29     0  15  85   0   0   0   0   0   0   0   0   0   0   0   0   0   0   0   0   0     0    0    0   0.429     14  0.00
   30   30     0   0   0   0   0   0   0   0   0   0   0   0 100   0   0   0   0   0   0   0     0    0    0   0.000      0  0.00
   31   31     0   0   0   0   0   0   0   0   0   0   0   0   0   0   0   0   0   0   0 100     0    0    0   0.000      0  0.00
   32   32     0   0   0   0   0   0   0   0   0   0   0   0 100   0   0   0   0   0   0   0     0    0    0   0.000      0  0.00
   33   33     0   0   0   0   0   0   0   0   0   0  85   0  15   0   0   0   0   0   0   0     0    0    0   0.429     14  0.00
   34   34     0   0   0   0   0   0   0  92   8   0   0   0   0   0   0   0   0   0   0   0     0    0    0   0.271      9  0.00
   35   35     0   0   0   0   0   0   0 100   0   0   0   0   0   0   0   0   0   0   0   0     0    0    0   0.000      0  0.00
   36   36     0   0   0   0   0   0   0   0   0   0  92   8   0   0   0   0   0   0   0   0     0    0    0   0.271      9  0.00
   37   37     0 100   0   0   0   0   0   0   0   0   0   0   0   0   0   0   0   0   0   0     0    0    0   0.000      0  0.00
   38   38     0   0   0   0   0   0   0   0   0   0   0 100   0   0   0   0   0   0   0   0     0    0    0   0.000      0  0.00
   39   39     0   0   0   0   0   0   0   0   0   0  46   0   0   0   0   0   0   0  54   0     0    0    0   0.690     23  0.00
   40   40     0   0   0   0   0   0   0   0   0   0   0   0 100   0   0   0   0   0   0   0     0    0    0   0.000      0  0.00
   41   41     0   0   0   0   0   0   0   0   0 100   0   0   0   0   0   0   0   0   0   0     0    0    0   0.000      0  0.00
   42   42     0   0   0   0   0   0   0   0   0 100   0   0   0   0   0   0   0   0   0   0     0    0    0   0.000      0  0.00
   43   43     0   0   0   0   0   0   0 100   0   0   0   0   0   0   0   0   0   0   0   0     0    0    0   0.000      0  0.00
   44   44     0   0   0   0   0   0   0   0   0   0   8  92   0   0   0   0   0   0   0   0     0    0    0   0.271      9  0.00
   45   45     0  15   0   0   0   0   0   0   0   0   8   0   0   0   0  69   0   8   0   0     0    0    0   0.937     31  0.00
   46   46     8  92   0   0   0   0   0   0   0   0   0   0   0   0   0   0   0   0   0   0     0    0    0   0.271      9  0.00
   47   47     0   0   0   0   0   0   0   0  85   0  15   0   0   0   0   0   0   0   0   0     0    0    0   0.429     14  0.00
   48   48     0   0   0   0   0   0   0   0   0  15  31  54   0   0   0   0   0   0   0   0     0    0    0   0.984     32  0.00
   49   49     0   0   0   0   0   0   0   8  54   0  38   0   0   0   0   0   0   0   0   0     0    0    0   0.898     29  0.00
   50   50     0   0   0   0   0   0   0   0   0   0 100   0   0   0   0   0   0   0   0   0     0    0    0   0.000      0  0.00
   51   51     0   0   0   0   0 100   0   0   0   0   0   0   0   0   0   0   0   0   0   0     0    0    0   0.000      0  0.00
   52   52   100   0   0   0   0   0   0   0   0   0   0   0   0   0   0   0   0   0   0   0     0    0    0   0.000      0  0.00
   53   53     0   0   0   0   0   0   0   8  92   0   0   0   0   0   0   0   0   0   0   0     0    0    0   0.271      9  0.00
   54   54     0   0   0   0   0   0   0   0   0   0 100   0   0   0   0   0   0   0   0   0     0    0    0   0.000      0  0.00
   55   55     0   0   0   0   0   0   0   0   0   0   0   0 100   0   0   0   0   0   0   0     0    0    0   0.000      0  0.00
   56   56     0   0   0   0   8   0  92   0   0   0   0   0   0   0   0   0   0   0   0   0     0    0    0   0.271      9  0.00
   57   57     0   0   0   0   0   0   0   0   0   0   0   0   0   0   0   0   0   0 100   0     0    0    0   0.000      0  0.00
   58   58     0   0   0   0   0   0   0   0   0 100   0   0   0   0   0   0   0   0   0   0     0    0    0   0.000      0  0.00
   59   59     0   0   0   0   0   0   0  15   0   8   0  77   0   0   0   0   0   0   0   0     0    0    0   0.687     22  0.00
   60   60     0   0   0   0   0   0   0   0   0   0   0   0   0   0   0   0   0   0   0 100     0    0    0   0.000      0  0.00
   61   61     0   0   0   0   0   0   0  62   0   8   0   0   0   0   0  23   8   0   0   0     0    0    0   1.032     34  0.00
   62   62     0   0   0   0   0   0   0   0   0   0   0   0   0   0   0   0  92   0   8   0     0    0    0   0.271      9  0.00
   63   63     0   0   0   0   0   0   0   0   0   0  77  15   0   0   0   8   0   0   0   0     0    0    0   0.687     22  0.00
   64   64     0   0   0   0   0   0 100   0   0   0   0   0   0   0   0   0   0   0   0   0     0    0    0   0.000      0  0.00
   65   65     0  92   8   0   0   0   0   0   0   0   0   0   0   0   0   0   0   0   0   0     0    0    0   0.271      9  0.00
   66   66     0   0  92   0   0   0   0   0   0   0   0   8   0   0   0   0   0   0   0   0     0    0    0   0.271      9  0.00
   67   67     0   0   0   0   0   0   0   0  77   0  23   0   0   0   0   0   0   0   0   0     0    0    0   0.540     18  0.00
   68   68     0   0   0   0   0   0 100   0   0   0   0   0   0   0   0   0   0   0   0   0     0    0    0   0.000      0  0.00
   69   69     0   0   0   0   0   0   0   0   0   0   0   0   0   0 100   0   0   0   0   0     0    0    0   0.000      0  0.00
   70   70     0   0   0   0   0   0   0   0   0   0   0   0   0   0   0   0   0   0   0 100     0    0    0   0.000      0  0.00
   71   71     0   0   0   0   0   0   0   0   0   0   0   0 100   0   0   0   0   0   0   0     0    0    0   0.000      0  0.00
   72   72     0   0   0   0   0   0   0   0   0   0   0   0 100   0   0   0   0   0   0   0     0    0    0   0.000      0  0.00
   73   73     0   0   0   0   0   0   0 100   0   0   0   0   0   0   0   0   0   0   0   0     0    0    0   0.000      0  0.00
   74   74     0   0   0   0   0   0  62   0  23   0   0   0   0   0   0  15   0   0   0   0     0    0    0   0.925     30  0.00
   75   75     0   0   0   0   0   0   0   0   0   0   0   0   0   0   0   0  15   0  85   0     0    0    0   0.429     14  0.00
   76   76    85   0   0   0   0   0   0   0   0   0   0  15   0   0   0   0   0   0   0   0     0    0    0   0.429     14  0.00
   77   77     0   0   0   0   0   0   0   0   0   0  85   0  15   0   0   0   0   0   0   0     0    0    0   0.429     14  0.00
   78   78     0   0   0   0   0   0   0 100   0   0   0   0   0   0   0   0   0   0   0   0     0    0    0   0.000      0  0.00
   79   79     0   0   0   0   0   0   0   0   0   0   0   0   0   0 100   0   0   0   0   0     0    0    0   0.000      0  0.00
   80   80     0   0   0   0   0   0   0   0   0   0   0   0 100   0   0   0   0   0   0   0     0    0    0   0.000      0  0.00
   81   81     0   0   0   0   0   0   0   0  31  54   0   0   0   0   0   0   0   0  15   0     0    0    0   0.984     32  0.00
   82   82     0   0   0   0   0   0   0   0   0   0   0   0 100   0   0   0   0   0   0   0     0    0    0   0.000      0  0.00
   83   83    15  85   0   0   0   0   0   0   0   0   0   0   0   0   0   0   0   0   0   0     0    0    0   0.429     14  0.00
   84   84     0   0   0   0   0   0   0   0   0   0   0   0   0   0   0   0   0   0 100   0     0    0    0   0.000      0  0.00
   85   85     8   0   0   0   0   0   0   0   0   0   0  92   0   0   0   0   0   0   0   0     0    0    0   0.271      9  0.00
   86   86     0   0   0   0   0   0   0   0   0   0   0   0   0   0   0   0  15  85   0   0     0    0    0   0.429     14  0.00
   87   87     0   0   0   0   0   0   0 100   0   0   0   0   0   0   0   0   0   0   0   0     0    0    0   0.000      0  0.00
   88   88     0   0   0   0   0   0   0   0   0   0   0   0   0   0   0   0   0 100   0   0     0    0    0   0.000      0  0.00
   89   89     0 100   0   0   0   0   0   0   0   0   0   0   0   0   0   0   0   0   0   0     0    0    0   0.000      0  0.00
   90   90     0   0   0   0   0   0   0   0   0 100   0   0   0   0   0   0   0   0   0   0     0    0    0   0.000      0  0.00
   91   91   100   0   0   0   0   0   0   0   0   0   0   0   0   0   0   0   0   0   0   0     0    0    0   0.000      0  0.00
   92   92     0   0   0   0   0   0 100   0   0   0   0   0   0   0   0   0   0   0   0   0     0    0    0   0.000      0  0.00
   93   93     0   0   0   0   0   0   0   0   0   0   0   0   0   0  92   0   0   0   8   0     0    0    0   0.271      9  0.00
   94   94     0   0   0   0   0   0   0   0   0  92   0   0   0   0   0   8   0   0   0   0     0    0    0   0.271      9  0.00
   95   95     0   0   0   0   0   0   0   0   0   0   0   0   0   0   0   0   0  93   0   7     0    0    0   0.257      8  0.00
   96   96     0   0   0   0 100   0   0   0   0   0   0   0   0   0   0   0   0   0   0   0     0    0    0   0.000      0  0.00
   97   97     0   0   0   0   0   0   0  21  64   0   0   0   0   0   0   0   0   0  14   0     0    0    0   0.892     29  0.00
   98   98     0   0   0   0   0   0   0   0   0   0   0   0   0   0   0   0   0   0 100   0     0    0    0   0.000      0  0.00
   99   99     0   0   0   0   0   0   0   0   0   0   0   0   0   0   0   0   0   0   0 100     0    0    0   0.000      0  0.00
  100  100     0   0 100   0   0   0   0   0   0   0   0   0   0   0   0   0   0   0   0   0     0    0    0   0.000      0  0.00
  101  101    14   0  86   0   0   0   0   0   0   0   0   0   0   0   0   0   0   0   0   0     0    0    0   0.410     13  0.00
  102  102     0   0   0   0   0 100   0   0   0   0   0   0   0   0   0   0   0   0   0   0     0    0    0   0.000      0  0.00
  103  103     0   0   0   0   0   0   0   0   0   0   0   0 100   0   0   0   0   0   0   0     0    0    0   0.000      0  0.00
  104  104     0   0   0   0 100   0   0   0   0   0   0   0   0   0   0   0   0   0   0   0     0    0    0   0.000      0  0.00
  105  105     0   0   0   0   0   0   0 100   0   0   0   0   0   0   0   0   0   0   0   0     0    0    0   0.000      0  0.00
  106  106     0   0   0   0   0   0   0   7  93   0   0   0   0   0   0   0   0   0   0   0     0    0    0   0.257      8  0.00
  107  107     0   0   0   0   0   0   0   0   0   0   0   0   0   0   0   0   0  86   0  14     0    0    0   0.410     13  0.00
  108  108     0   0   0   0   0   0   0   0   0   0   0   0   0   0   0   0   0   0  15  85     0    0    0   0.429     14  0.00
  109  109     0   0   0   0   0   0   0   0   0   0   0   0   0   0   0   0   0   0   0 100     0    0    0   0.000      0  0.00
  110  110     0   0   0   0   0   0   0   7  93   0   0   0   0   0   0   0   0   0   0   0     0    0    0   0.257      8  0.00
  111  111     0   0   0 100   0   0   0   0   0   0   0   0   0   0   0   0   0   0   0   0     0    0    0   0.000      0  0.00
  112  112     0   0   0   0   0   0   0   0   0   0   0 100   0   0   0   0   0   0   0   0     0    0    0   0.000      0  0.00
  113  113     0   0   0   0   0   0 100   0   0   0   0   0   0   0   0   0   0   0   0   0     0    0    0   0.000      0  0.00
  114  114     0   0   0   0   0   0   0   0   0   0   0   0   0 100   0   0   0   0   0   0     0    0    0   0.000      0  0.00
  115  115     0   0   0   0   0   0   0   0   0   0   0   0 100   0   0   0   0   0   0   0     0    0    0   0.000      0  0.00
  116  116     0   0   0   0   0   0   0   0   0   0   7  93   0   0   0   0   0   0   0   0     0    0    0   0.257      8  0.00
  117  117     7   0  93   0   0   0   0   0   0   0   0   0   0   0   0   0   0   0   0   0     0    0    0   0.257      8  0.00
  118  118     0   0   0   0   0   0   0   0   0   0 100   0   0   0   0   0   0   0   0   0     0    0    0   0.000      0  0.00
  119  119     0   0   0   0   0   0   0   0   0 100   0   0   0   0   0   0   0   0   0   0     0    0    0   0.000      0  0.00
  120  120     7   0  93   0   0   0   0   0   0   0   0   0   0   0   0   0   0   0   0   0     0    0    0   0.257      8  0.00
  121  121    93   0   0   0   0   0   0   0   0   0   7   0   0   0   0   0   0   0   0   0     0    0    0   0.257      8  0.00
  122  122     0   0   0   0   0   0   0 100   0   0   0   0   0   0   0   0   0   0   0   0     0    0    0   0.000      0  0.00
  123  123     0   0   0   0   0   0   0   0   0   0   0   0   0   0   0 100   0   0   0   0     0    0    0   0.000      0  0.00
  124  124     0   0   0   0   0   0   0   0 100   0   0   0   0   0   0   0   0   0   0   0     0    0    0   0.000      0  0.00
  125  125     0   0   0   0   0   0   0   0   0   0 100   0   0   0   0   0   0   0   0   0     0    0    0   0.000      0  0.00
//
