ID Pseudo hssp file.
SEQ 
SEQ gi|417114|sp|P02247|HEMM_THEZO MYOHEMERYTHRIN (MHR) >gi|319906|p...   234  3e-61
SEQ gi|3892004|pdb|1A7E|    Hydroxomet Myohemerythrin From Themiste ...   231  2e-60
SEQ gi|84525|pir||JS0678 myohemerythrin isoform I - sipunculid (Phas...   169  2e-41
SEQ gi|232242|sp|P27686|HEM1_PHAGO MYOHEMERYTHRIN ISOFORM 1 (MHR 1) ...   168  3e-41
SEQ gi|417311|sp|P80255|MP2_NERDI NON-METALLOTHIONEIN CADMIUM-BINDIN...   145  2e-34
SEQ gi|123030|sp|P22761|HEMM_NERDI MYOHEMERYTHRIN (MHR) >gi|102607|p...   135  2e-31
SEQ gi|9887226|gb|AAG01808.1|AF279333_1 (AF279333) myohemerythrin [T...   128  3e-29
SEQ gi|123039|sp|P02244|HEMT_PHAGO HEMERYTHRIN >gi|70629|pir||HRGG h...   105  3e-22
SEQ gi|13787000|pdb|1I4Y|A Chain A, The Crystal Structure Of Phascol...   105  3e-22
SEQ gi|230010|pdb|1HRB|    Hemerythrin B                                  105  3e-22
SEQ gi|123042|sp|P02245|HEMT_THEZO HEMERYTHRIN                            104  4e-22
SEQ gi|2144733|pir||HRTH hemerythrin - sipunculid (Themiste zosteric...   104  4e-22
SEQ gi|123041|sp|P02246|HEMT_THEDY HEMERYTHRIN >gi|70631|pir||HRTHBD...   103  8e-22
SEQ gi|230000|pdb|1HMO|A Chain A, Hemerythrin (Oxy) >gi|230001|pdb|1...   102  1e-21
SEQ gi|13787008|pdb|1I4Z|A Chain A, The Crystal Structure Of Phascol...   102  1e-21
SEQ gi|230568|pdb|2HMQ|A Chain A, Hemerythrin (Met) >gi|230569|pdb|2...   100  1e-20
SEQ gi|123038|sp|P22764|HEMT_LINUN HEMERYTHRIN ALPHA CHAIN >gi|85311...    99  2e-20
SEQ gi|123040|sp|P22766|HEMT_SIPCU HEMERYTHRIN >gi|70632|pir||HRIN h...    96  1e-19
SEQ gi|1085837|pir||S50177 hemerythrin alpha chain - Lingula reevii ...    96  2e-19
SEQ gi|1091863|prf||2022172A hemerythrin:SUBUNIT=alpha [Lingula reevii]    93  1e-18
SEQ gi|123044|sp|P22765|HEMU_LINUN HEMERYTHRIN BETA CHAIN >gi|85312|...    88  5e-17
SEQ gi|1085838|pir||S50178 hemerythrin beta chain - Lingula reevii >...    85  4e-16
SEQ gi|7025489|gb|AAF35899.1|AF230370_1 (AF230370) myohemerythrin [N...    82  2e-15
SEQ gi|299077|gb|AAB26091.1| (S57799) MPII=antibacterial-metalloprot...    77  1e-13
SEQ gi|122835|sp|P27687|HEM2_PHAGO MYOHEMERYTHRIN ISOFORM 2 (MHR 2) ...    55  4e-07
SEQ gi|11346962|pir||B81329 probable iron-binding protein Cj1224 [im...    48  5e-05
SEQ 
## SEQUENCE PROFILE AND ENTROPY
 SeqNo PDBNo   V   L   I   M   F   W   Y   G   A   P   S   T   C   H   R   K   Q   E   N   D  NOCC NDEL NINS ENTROPY RELENT WEIGHT
    1    1     0   0   0   0   0   0   0 100   0   0   0   0   0   0   0   0   0   0   0   0     0    0    0   0.000      0  0.00
    2    2     0   0   0   0  84  16   0   0   0   0   0   0   0   0   0   0   0   0   0   0     0    0    0   0.436     14  0.00
    3    3     0   0   0   0   0   0   0   0   0  42   0   0   0   0   0  21   0  25   0  13     0    0    0   1.298     43  0.00
    4    4    24   0  76   0   0   0   0   0   0   0   0   0   0   0   0   0   0   0   0   0     0    0    0   0.551     18  0.00
    5    5     0   0   0   0   0   0   0   0   0 100   0   0   0   0   0   0   0   0   0   0     0    0    0   0.000      0  0.00
    6    6     4   0   0   0   0   0   0   0  12   0   4   0   0   0   0   0   4  38   0  38     0    0    0   1.360     45  0.00
    7    7     0   0   0   0   0   0   0   0   0 100   0   0   0   0   0   0   0   0   0   0     0    0    0   0.000      0  0.00
    8    8     0   0   0   0  23   0  77   0   0   0   0   0   0   0   0   0   0   0   0   0     0    0    0   0.540     18  0.00
    9    9    38   0   4   0   0   0   0   8  19   0   0   0  12   0   0  12   4   0   4   0     0    0    0   1.756     58  0.00
   10   10     0   0   0   0   0 100   0   0   0   0   0   0   0   0   0   0   0   0   0   0     0    0    0   0.000      0  0.00
   11   11     0   0   0   0   0   0   0   0   0   0   0   4   0   0   0   0   0   0  15  81     0    0    0   0.572     19  0.00
   12   12     0   0  11   0   0   0   0   0   4  26   7   0   0   0   0   0   0  48   4   0     0    0    0   1.383     46  0.00
   13   13     0   0   0   0   0   0   0   0   0   0  81   4   0   0   0   0   0   0   0  15     0    0    0   0.572     19  0.00
   14   14     0   0   0   0  96   0   4   0   0   0   0   0   0   0   0   0   0   0   0   0     0    0    0   0.158      5  0.00
   15   15     0   0   0   0   0   0   0   0  15   0   4   0   4   0  56   7  11   4   0   0     0    0    0   1.413     47  0.00
   16   16    44   0   0   0   0   0   0   0   0   0   0  56   0   0   0   0   0   0   0   0     0    0    0   0.687     22  0.00
   17   17     0   0   0   0  74   0   0   4   0   0  11   7   0   4   0   0   0   0   0   0     0    0    0   0.903     30  0.00
   18   18     0   0   0   0   0   0  93   0   0   0   0   0   0   0   0   0   0   0   7   0     0    0    0   0.264      8  0.00
   19   19     0   0   0   0   0   0   0   0   4   0  22  11   0   0   0  11   0  30   4  19     0    0    0   1.739     58  0.00
   20   20     4   4  30   0   7   0   0   0   0   0   0   0   0   0   0  19  11   4  19   4     0    0    0   1.910     63  0.00
   21   21     4  44  52   0   0   0   0   0   0   0   0   0   0   0   0   0   0   0   0   0     0    0    0   0.823     27  0.00
   22   22     0   0   0   0   0   0   0   0   0   0   0   0   0   0   0   0   0   0   4  96     0    0    0   0.158      5  0.00
   23   23     0  11   0   0   0   0   0   0   0   0   7   0   0   0   0   0   0  33   4  44     0    0    0   1.286     42  0.00
   24   24     0   0   0   0   0   0   0   0   0   0   0   0   0   0   0   0  11  89   0   0     0    0    0   0.349     11  0.00
   25   25     0   0   0   0   4   0   0   0   0   0   0   0   0  96   0   0   0   0   0   0     0    0    0   0.158      5  0.00
   26   26     0   0   0   0   0   0   0   4   0   0   0   0   0   0  19  78   0   0   0   0     0    0    0   0.630     21  0.00
   27   27     0   0   0   0   0   0   0  15   0   0   0  52   0   0   0  22  11   0   0   0     0    0    0   1.202     40  0.00
   28   28     0  78  22   0   0   0   0   0   0   0   0   0   0   0   0   0   0   0   0   0     0    0    0   0.530     17  0.00
   29   29     0   0   0   0 100   0   0   0   0   0   0   0   0   0   0   0   0   0   0   0     0    0    0   0.000      0  0.00
   30   30     0   0   0   0   0   0   0   0   4   0   0   0   0   0   0  26   7   0  63   0     0    0    0   0.956     31  0.00
   31   31     0   4   0   0   0   0   0  78  19   0   0   0   0   0   0   0   0   0   0   0     0    0    0   0.630     21  0.00
   32   32     8  19  69   0   0   0   0   0   0   0   0   0   0   0   0   4   0   0   0   0     0    0    0   0.894     29  0.00
   33   33     4  19   0   0  73   0   0   0   0   0   0   0   0   0   0   4   0   0   0   0     0    0    0   0.797     26  0.00
   34   34     0  12   0   0   0   0   0   0  31   0   0   4   0  23   0   0   0   4   8  19     0    0    0   1.715     57  0.00
   35   35     4  68   0   0   0   0   0   0   4   0   0   0  20   0   0   0   4   0   0   0     0    0    0   0.970     32  0.00
   36   36     4   4  12   0   0   0   0   8  35   0  27   0   8   0   0   0   0   0   4   0     0    0    0   1.740     58  0.00
   37   37     0   0  23   0   0   0   0  12   8   0   8   0   0   0  15   0  12  19   4   0     0    0    0   1.962     65  0.00
   38   38     4   0   0   0  20   0   0  12  12   0   0   0   0   0   0   0   0   0   0  52     0    0    0   1.300     43  0.00
   39   39     0   0   0   0   0   0   0   4   0   0  15   0   0   0   4   0   0   0  42  35     0    0    0   1.270     42  0.00
   40   40     0   0   0   0   0   0   0   4   0   4  27  19   0   0   0   0   0   0  46   0     0    0    0   1.278     42  0.00
   41   41     4   4   0   0   0   0   0   0  77   0   0   0   0   0  12   0   4   0   0   0     0    0    0   0.827     27  0.00
   42   42     0   0   0   0   0   0   0  12   0  12   8   8   0   4   0   0   0   4   0  54     0    0    0   1.477     49  0.00
   43   43     0   0   0   0   0   0   0   0   8   0   0   4   0  12   0   4  19   0  54   0     0    0    0   1.347     44  0.00
   44   44     0  96   0   0   0   0   0   4   0   0   0   0   0   0   0   0   0   0   0   0     0    0    0   0.163      5  0.00
   45   45     0  12   0   0   0   0   0  23  15   0   0   0   0   0   0  23   0   4  19   4     0    0    0   1.782     59  0.00
   46   46     0   0   0   0   0   0   0   0  19   0   8  12   0   4   0  12   0  42   4   0     0    0    0   1.627     54  0.00
   47   47     0  69   0   4   4   0   0   0  12   0   0   0  12   0   0   0   0   0   0   0     0    0    0   1.004     33  0.00
   48   48    23   4  19   0   4   0   4   0   0   0   0   0   0   0  35  12   0   0   0   0     0    0    0   1.648     55  0.00
   49   49     0   0   0   0   0   0   0   0   4   0   0   0   0   0  35  15   0  19   4  23     0    0    0   1.561     52  0.00
   50   50    50   4   0   0   4   0   4   0   0   0   0   0  38   0   0   0   0   0   0   0     0    0    0   1.090     36  0.00
   51   51     4   4   4   4  19   0   0   0   0   0   0  65   0   0   0   0   0   0   0   0     0    0    0   1.096     36  0.00
   52   52    19   0   0   0   0   0   0  35  12   0   0  27   0   0   0   4   0   4   0   0     0    0    0   1.537     51  0.00
   53   53     0   8   0  15   0   0   0   0   4   0   0   8   0   0   0  35   0   0  23   8     0    0    0   1.711     57  0.00
   54   54     0   0   0   0   0   0   0   0   0   0   0   0   0 100   0   0   0   0   0   0     0    0    0   0.000      0  0.00
   55   55     0   0   0   0  96   0   0   0   0   4   0   0   0   0   0   0   0   0   0   0     0    0    0   0.163      5  0.00
   56   56     0  38   0   0   0   0   0   0  12   0   0  15   0   8  19   4   0   0   4   0     0    0    0   1.670     55  0.00
   57   57     0   0   0   0   4   0   0   0   4   0   0   0   0  12   0   0   0   0  42  38     0    0    0   1.231     41  0.00
   58   58     0   0   0   0   0   0   0   0   0   0   0   0   0   0   0   0   8  92   0   0     0    0    0   0.271      9  0.00
   59   59     0   0   0   0   0   0   0   0   0   0   0   0   0   0   0   0  46  54   0   0     0    0    0   0.690     23  0.00
   60   60    23   0   0   0   0   0   0  19  35   0   0   0   0   0   0   4  12   4   0   4     0    0    0   1.648     55  0.00
   61   61     0  38   0  35   0   0   4   0   4   0   0   0   0   0   0   0  19   0   0   0     0    0    0   1.302     43  0.00
   62   62     0   4   0  92   4   0   0   0   0   0   0   0   0   0   0   0   0   0   0   0     0    0    0   0.325     10  0.00
   63   63     0   0   8   0   0   0   0   0   4   0   4   0   0   0   0  12  38  15   0  19     0    0    0   1.670     55  0.00
   64   64     4   4   0   0   0   0   0   0  62   0   8   0   0   0   8  15   0   0   0   0     0    0    0   1.232     41  0.00
   65   65     4   0   4   0   0   0   0   0  42   0  46   0   0   0   0   4   0   0   0   0     0    0    0   1.097     36  0.00
   66   66     0   0   0   0   0   0   4   4   0   0  12   0   0   0   0  23  35   0  23   0     0    0    0   1.544     51  0.00
   67   67     0   0   0   0   4   0  92   0   0   0   0   0   0   0   0   4   0   0   0   0     0    0    0   0.325     10  0.00
   68   68     8   0   0   0   0   0   0  12  12   4  19   0   0   0   0   0  23  23   0   0     0    0    0   1.815     60  0.00
   69   69     0   0   0   0  23   0   0  15   0   0   0   0   0  12   0   0   0  15  19  15     0    0    0   1.769     59  0.00
   70   70    19   8   0   0  19   0  38   0   0   0   4   8   0   4   0   0   0   0   0   0     0    0    0   1.647     54  0.00
   71   71    19   0   0   0   0   0   0   4  12   4   0   4   0   0   0   8   0  15   0  35     0    0    0   1.795     59  0.00
   72   72     0   0   0   0   0   0   0   4   4  19  15   0   0   0   0   0   0  58   0   0     0    0    0   1.173     39  0.00
   73   73     0   0   0   0   0   0   0   0   0   0   0   0   0 100   0   0   0   0   0   0     0    0    0   0.000      0  0.00
   74   74     0   0   0   0   0   0   0   0   0   0   0   8   0   0   8  85   0   0   0   0     0    0    0   0.536     17  0.00
   75   75     0   0   0   0   0   0   0  12   4   0   0   0   0   0   0  65   8   4   0   8     0    0    0   1.172     39  0.00
   76   76     0   0  27  19   0   0   0   0  23   0   0   4   0   0   0  12   0  15   0   0     0    0    0   1.671     55  0.00
   77   77     0   0   0   0   0   0   0   0   0   0   0   0   0 100   0   0   0   0   0   0     0    0    0   0.000      0  0.00
   78   78     0   0   0   0   0   0   0   0   0   0   4   0   0   0   0  24   0  44   8  20     0    0    0   1.356     45  0.00
   79   79     0   0   0   0   0   0   0  28   0   0   0   8   0   0   0   4   0  16   0  44     0    0    0   1.342     44  0.00
   80   80     0   0   4   0  96   0   0   0   0   0   0   0   0   0   0   0   0   0   0   0     0    0    0   0.168      5  0.00
   81   81     8  44  40   8   0   0   0   0   0   0   0   0   0   0   0   0   0   0   0   0     0    0    0   1.132     37  0.00
   82   82     0   0   0   0   0   0   0   4  16   0   0   0   0  24   8   0   8  28   4   8     0    0    0   1.856     61  0.00
   83   83    12   0   0   0   0   0   0   0  24   0   0  12   0   0   0  48   0   0   0   4     0    0    0   1.332     44  0.00
   84   84     4  48  20  24   0   0   0   0   4   0   0   0   0   0   0   0   0   0   0   0     0    0    0   1.274     42  0.00
   85   85     0   4   4   0   0   0   0  32   0   0   0   0   0   0  16   8   0   0   0  36     0    0    0   1.485     49  0.00
   86   86     0   0   0   0   0   0   0  48   0   0   0  12   0  12   0   0   0   0  28   0     0    0    0   1.218     40  0.00
   87   87     4  36   0   0   0  56   0   4   0   0   0   0   0   0   0   0   0   0   0   0     0    0    0   0.950     31  0.00
   88   88     0   0   4   0   0   0   0   4   0   0  20   0   0   0   4  52   4   0   0  12     0    0    0   1.431     47  0.00
   89   89     0   0   0   0   0   0   0  36  48   0   8   4   0   0   0   4   0   0   0   0     0    0    0   1.180     39  0.00
   90   90     7   0   0   0   0   0   0   0   0  87   0   0   0   0   0   0   0   0   0   7     0    0    0   0.485     16  0.00
   91   91    73  13   7   0   0   0   0   7   0   0   0   0   0   0   0   0   0   0   0   0     0    0    0   0.857     28  0.00
   92   92     0   0   0   0   0   0   0   0  20  27   7   0   0   0   0   7   0   0   0  40     0    0    0   1.402     46  0.00
   93   93     0   0   0   0   0   0   0   0  27   0   7   0   0   0   0   0  53   7   7   0     0    0    0   1.229     41  0.00
   94   94     0   0   0   0   0   0   0  13   0   0   0   7   0   0   0  47   7  13   0  13     0    0    0   1.523     50  0.00
   95   95     0   0   0   0   0   0   0   0   4   0   0   8   0   0   0   8   0   0  21  58     0    0    0   1.188     39  0.00
   96   96    48  12  32   0   0   0   4   0   4   0   0   0   0   0   0   0   0   0   0   0     0    0    0   1.229     41  0.00
   97   97     0   8   4   0   0   0   0   0   4   0   0  12   0   0   8  36   4   0   4  20     0    0    0   1.863     62  0.00
   98   98     4   0   0   4  16  24  44   0   4   0   0   0   0   0   0   0   0   0   0   4     0    0    0   1.512     50  0.00
   99   99     0   0   4   0   0   0   0  20  60   0   0   0  16   0   0   0   0   0   0   0     0    0    0   1.050     35  0.00
  100  100     0   0   0  20   0   0   0   0   0   0   0   0   0   0   0  80   0   0   0   0     0    0    0   0.500     16  0.00
  101  101     0   0   0   0   0   0   0   0   8   0  20   0   0   0   0   4   4  36  12  16     0    0    0   1.697     56  0.00
  102  102     0   0   0   0   0 100   0   0   0   0   0   0   0   0   0   0   0   0   0   0     0    0    0   0.000      0  0.00
  103  103     0  92   0   0   0   0   4   0   0   0   0   0   0   0   0   0   0   0   4   0     0    0    0   0.334     11  0.00
  104  104    84   4   0   0   0   0   0   0   8   0   0   4   0   0   0   0   0   0   0   0     0    0    0   0.606     20  0.00
  105  105     0   0   0   0   0   0   0   0   0   0   0   0   0   0   0   0  12   4  84   0     0    0    0   0.530     17  0.00
  106  106     0   0   0   0   0   0   0   0   0   0   0   0   0 100   0   0   0   0   0   0     0    0    0   0.000      0  0.00
  107  107     0   0 100   0   0   0   0   0   0   0   0   0   0   0   0   0   0   0   0   0     0    0    0   0.000      0  0.00
  108  108     0   4   0   0   0   0   0   0   0  20   0   0   0   0   0  76   0   0   0   0     0    0    0   0.659     22  0.00
  109  109     0   0   0   0   0   0   4  28   8   0   0  60   0   0   0   0   0   0   0   0     0    0    0   0.994     33  0.00
  110  110     0   0  40   0   0   0   0   0   0   0   4  32   0   0   0   0   0  24   0   0     0    0    0   1.202     40  0.00
  111  111     0   0   0   0   0   0   0   0   0   0   0   0   0   0   0   0   0   0   0 100     0    0    0   0.000      0  0.00
  112  112     0   0   0   8  92   0   0   0   0   0   0   0   0   0   0   0   0   0   0   0     0    0    0   0.279      9  0.00
  113  113     0   0   0   0   0   0   0   4   0   0   0   4   0   0   0  92   0   0   0   0     0    0    0   0.334     11  0.00
  114  114     0   0   0   0   0   0 100   0   0   0   0   0   0   0   0   0   0   0   0   0     0    0    0   0.000      0  0.00
  115  115     0   0   0   0   0   0   0   0   0   0   0   0   0   0  13  88   0   0   0   0     0    0    0   0.377     12  0.00
  116  116     0   0   0   0   0   0   0 100   0   0   0   0   0   0   0   0   0   0   0   0     0    0    0   0.000      0  0.00
  117  117     4   0   0   0   0   0   0   0   0   0   0   0   0   0   0  96   0   0   0   0     0    0    0   0.173      5  0.00
  118  118     0  63  38   0   0   0   0   0   0   0   0   0   0   0   0   0   0   0   0   0     0    0    0   0.662     22  0.00
//
