ID Pseudo hssp file.
SEQ 
SEQ gi|4505787|ref|NP_002629.1| protease inhibitor 3, skin-derived (...   101  2e-21
SEQ gi|2392716|pdb|2REL|    Solution Structure Of R-Elafin, A Specif...    82  1e-15
SEQ gi|2764786|emb|CAA11184.1| (AJ223216) bTrappin-2 [Bos taurus]          69  6e-12
SEQ gi|2501659|sp|Q29125|ELAF_PIG ELAFIN PRECURSOR (WAP-1 PROTEIN) >...    69  8e-12
SEQ gi|1228064|dbj|BAA08857.1| (D50322) elafin family member protein...    66  9e-11
SEQ gi|7521769|pir||JE0251 trappin-2 - wart hog >gi|4887638|dbj|BAA7...    65  1e-10
SEQ gi|2764784|emb|CAA11183.1| (AJ223215) sTrappin-2 [Macaca mulatta]      63  7e-10
SEQ gi|7513465|pir||JE0254 trappin-8 - pig >gi|1209381|dbj|BAA12038....    61  1e-09
SEQ gi|7513467|pir||JE0256 trappin-10 - collared peccary >gi|4887642...    61  3e-09
SEQ gi|7521768|pir||JE0250 trappin-1 - wart hog >gi|4887640|dbj|BAA7...    59  6e-09
SEQ gi|7513464|pir||JE0253 trappin-7 - pig >gi|1864016|dbj|BAA08858....    58  2e-08
SEQ gi|1711491|sp|P16225|SPAI_PIG SODIUM/POTASSIUM ATPASE INHIBITOR ...    58  3e-08
SEQ gi|7513468|pir||JE0257 trappin-11 - hippopotamus >gi|4887644|dbj...    52  1e-06
SEQ gi|7513542|pir||JE0252 trappin-6 - bovine >gi|3132274|dbj|BAA281...    48  1e-05
SEQ gi|2501660|sp|Q29126|WAP3_PIG WAP-3 PROTEIN PRECURSOR >gi|122806...    48  2e-05
SEQ gi|5802680|gb|AAD51758.1|AF178426_1 (AF178426) secretory leukocy...    48  2e-05
SEQ gi|108244|pir||B33429 ATPase inhibitor SPAI-2 - pig                    48  2e-05
SEQ gi|108245|pir||C33429 ATPase inhibitor 3 - pig                         47  2e-05
SEQ gi|6755574|ref|NP_035544.1| secretory leukocyte protease inhibit...    46  8e-05
SEQ gi|113637|sp|P22298|ALK1_PIG ANTILEUKOPROTEINASE >gi|108237|pir|...    45  2e-04
SEQ gi|4929549|gb|AAD34035.1|AF151982_1 (AF151982) secretory leukocy...    44  3e-04
SEQ gi|115546|sp|P22075|CALU_CAVPO CALTRIN-LIKE PROTEIN II >gi|11250...    42  7e-04
SEQ 
## SEQUENCE PROFILE AND ENTROPY
 SeqNo PDBNo   V   L   I   M   F   W   Y   G   A   P   S   T   C   H   R   K   Q   E   N   D  NOCC NDEL NINS ENTROPY RELENT WEIGHT
    1    1     0   0   0   0   0   0   0   0 100   0   0   0   0   0   0   0   0   0   0   0     0    0    0   0.000      0  0.00
    2    2     0   0   0   0   0   0   0   0   0   0   0   0   0   0   0   0 100   0   0   0     0    0    0   0.000      0  0.00
    3    3     0   0   0   0   0   0   0   0   0  24   0   0   0   0   0   0   0  18   0  59     0    0    0   0.959     32  0.00
    4    4     0   0   0   0   0   0   0   0  10  90   0   0   0   0   0   0   0   0   0   0     0    0    0   0.314     10  0.00
    5    5    73   0  27   0   0   0   0   0   0   0   0   0   0   0   0   0   0   0   0   0     0    0    0   0.586     19  0.00
    6    6     0   0   0   0   0   0   0   0   0   9   0   5   0   0  14  64   9   0   0   0     0    0    0   1.136     37  0.00
    7    7     4   0   0   0   0   0   0  57  30   0   0   0   0   0   0   4   0   0   4   0     0    0    0   1.094     36  0.00
    8    8     0   0   0   0   0   0   0   4   0  43   0   0   0   0  13   0  35   4   0   0     0    0    0   1.268     42  0.00
    9    9    35  30   0   0   4   0   0   0   4  26   0   0   0   0   0   0   0   0   0   0     0    0    0   1.353     45  0.00
   10   10     0  17   4   0   4   4   0   0  30   4  17   0   0   4   0  13   0   0   0   0     0    0    0   1.918     64  0.00
   11   11     9   0   0   0   5   0   5   0   5   5  18  41   0   0   5   5   0   0   5   0     0    0    0   1.877     62  0.00
   12   12     0   0   0   0   0   0   0   0   4   0   0   0   0   0   4  91   0   0   0   0     0    0    0   0.356     11  0.00
   13   13     0   0   0   0   0   0   0   0   0  74   0   0   0   0  22   0   0   4   0   0     0    0    0   0.692     23  0.00
   14   14     0   0   0   0   0   0   0 100   0   0   0   0   0   0   0   0   0   0   0   0     0    0    0   0.000      0  0.00
   15   15     4   9   0   0   4   0   0   0   4   0  43   0   0  13  17   4   0   0   0   0     0    0    0   1.690     56  0.00
   16   16     0   0   0   0   0   0   0   0   0   0   0   0 100   0   0   0   0   0   0   0     0    0    0   0.000      0  0.00
   17   17     9   4   0   0   0   0   0   0   0  87   0   0   0   0   0   0   0   0   0   0     0    0    0   0.470     15  0.00
   18   18     4   0  13   4   0   9   0   4   0   0   0   0   0   0  39  22   0   0   4   0     0    0    0   1.722     57  0.00
   19   19    17   0  70   0   9   0   0   0   0   0   0   4   0   0   0   0   0   0   0   0     0    0    0   0.905     30  0.00
   20   20     0  57   4   4   4   4   4   0   0   0   0   0   0   0   4   4  13   0   0   0     0    0    0   1.542     51  0.00
   21   21     0   9  57   0  17   0   0  13   4   0   0   0   0   0   0   0   0   0   0   0     0    0    0   1.241     41  0.00
   22   22     0   0   0   0   0   0   5   0   0   0   0   0   0   5  73   9   5   5   0   0     0    0    0   1.012     33  0.00
   23   23     0   0   0   0   0   0   0   0   0   0   0   0 100   0   0   0   0   0   0   0     0    0    0   0.000      0  0.00
   24   24     0  22   0  13   0   0   0   0  26  30   4   0   0   0   0   0   0   0   4   0     0    0    0   1.583     52  0.00
   25   25     0  35   0  57   0   0   0   0   4   0   0   4   0   0   0   0   0   0   0   0     0    0    0   0.962     32  0.00
   26   26    22  39   0   4   4   4   0   4   4   4   9   0   0   0   4   0   0   0   0   0     0    0    0   1.866     62  0.00
   27   27     0   0   0   0   0   0   0   0   0   0   0   0   0   4   0   4   0   0  91   0     0    0    0   0.356     11  0.00
   28   28     0   0   0   0   0   0   0   0   0 100   0   0   0   0   0   0   0   0   0   0     0    0    0   0.000      0  0.00
   29   29     0   0   0   0   0   0   0   0   0  83  17   0   0   0   0   0   0   0   0   0     0    0    0   0.462     15  0.00
   30   30     0   0   4   0   0   0   0   0   0   0   0   0   0   0   0   4   0   0  91   0     0    0    0   0.356     11  0.00
   31   31     4   0   0   0   0   0   0   0   0   0   0   0   0   4  48  39   4   0   0   0     0    0    0   1.129     37  0.00
   32   32     0   0   0   0   0   0   0   0   0   0   0   0 100   0   0   0   0   0   0   0     0    0    0   0.000      0  0.00
   33   33     0  48   0   0   0  30   0   0   0   0   0   4   0   0   0   4  13   0   0   0     0    0    0   1.253     41  0.00
   34   34     0   0   0   0   0   0   0   0   0   0  22   9   0   0  43  17   0   0   9   0     0    0    0   1.423     47  0.00
   35   35     0   0   0   0   0   0   0   0   0   0   0   0   0   0   0   0   0   0   0 100     0    0    0   0.000      0  0.00
   36   36     0   0   0   0   0   0  22  13  35   0  13  17   0   0   0   0   0   0   0   0     0    0    0   1.535     51  0.00
   37   37     0   0   0   0   0   0   0   4   0   0   0   0   0  13   0   0  43   0   0  39     0    0    0   1.131     37  0.00
   38   38     0   0   0   0   0   0   0   0   0   0   0   0 100   0   0   0   0   0   0   0     0    0    0   0.000      0  0.00
   39   39     0   5   0   0   0   0   0   0   0  82   0   0   0   0   0   0   0   0   0  14     0    0    0   0.576     19  0.00
   40   40     0   0   0   0   0   0   0  91   0   0   0   0   0   0   5   5   0   0   0   0     0    0    0   0.368     12  0.00
   41   41    45   5  14   0   0   0   0   0   9   5   0   0   0   0   0  14   0   0   5   5     0    0    0   1.682     56  0.00
   42   42     0   5   0   5   0   0  14   0   0   0   0   0   0   0   5  68   5   0   0   0     0    0    0   1.095     36  0.00
   43   43     0   0   0   0   0   0   0   0   0   0   0   0   0   0   0  95   0   0   5   0     0    0    0   0.185      6  0.00
   44   44     0   0   0   0   0   0   0   0   0   0   0   0 100   0   0   0   0   0   0   0     0    0    0   0.000      0  0.00
   45   45     0   0   0   0   0   0   0   0   0   0   0   0 100   0   0   0   0   0   0   0     0    0    0   0.000      0  0.00
   46   46     0   0   5   0   0   0   0   0   0  14   0   0   0   0   0   5   0  77   0   0     0    0    0   0.752     25  0.00
   47   47     0   0   0   0   0   0   0  86   5   0   9   0   0   0   0   0   0   0   0   0     0    0    0   0.485     16  0.00
   48   48     0   5   5  14  45   0   5   0   0   0  27   0   0   0   0   0   0   0   0   0     0    0    0   1.406     46  0.00
   49   49     0   0   0   0   0   0   0   0   0   0   0   0 100   0   0   0   0   0   0   0     0    0    0   0.000      0  0.00
   50   50     0   0   0   0   0   0   0 100   0   0   0   0   0   0   0   0   0   0   0   0     0    0    0   0.000      0  0.00
   51   51     0   0   0  14   0   0   0   0   0   0   0   0   0   0   0  82   0   0   5   0     0    0    0   0.576     19  0.00
   52   52    18   0   5   0   0   0   0   5  23   0   0   9   0   0   0   0   5   9   0  27     0    0    0   1.859     62  0.00
   53   53     0   0   0   0   0   0   0   0   0   0   0   0 100   0   0   0   0   0   0   0     0    0    0   0.000      0  0.00
   54   54     5  48   0  24  14   0   5   0   0   0   5   0   0   0   0   0   0   0   0   0     0    0    0   1.408     46  0.00
   55   55    14   0   0   0   0   0  24   0   0  14   0  10   0   0   0   0   5   0  14  19     0    0    0   1.860     62  0.00
   56   56     0   0   0   0   0   0   0   0   0 100   0   0   0   0   0   0   0   0   0   0     0    0    0   0.000      0  0.00
   57   57     0   0   0   0   0   0   0   0   0   0   0   0   0   0  25  44  25   6   0   0     0    0    0   1.228     40  0.00
//
