ID Pseudo hssp file.
SEQ 
SEQ gi|137180|sp|P02779|UTER_RABIT UTEROGLOBIN PRECURSOR (BLASTOKINI...   129  4e-30
SEQ gi|230389|pdb|1UTG|    Uteroglobin (Oxidized) >gi|230782|pdb|2UT...   129  5e-30
SEQ gi|2137047|pir||I46907 uteroglobin - rabbit >gi|165809|gb|AAA315...   129  6e-30
SEQ gi|1351384|sp|P06913|UTER_LEPCA UTEROGLOBIN PRECURSOR (BLASTOKIN...   123  3e-28
SEQ gi|72128|pir||UGRBL uteroglobin precursor - brown hare                122  6e-28
SEQ gi|493921|pdb|1CCD|    Clara Cell 17-Kda Protein                       81  2e-15
SEQ gi|6981694|ref|NP_037183.1| uteroglobin (Clara cell secretory pr...    80  3e-15
SEQ gi|4507809|ref|NP_003348.1| uteroglobin; Uteroglobin (Clara-cell...    79  1e-14
SEQ gi|6755947|ref|NP_035811.1| uteroglobin; Blastokinin; clara cell...    76  6e-14
SEQ gi|9910898|sp|Q9TS45|UTER_MACFU CLARA CELL PHOSPHOLIPID-BINDING ...    76  7e-14
SEQ gi|627855|pir||JC2026 cell specific 10K protein - mouse                75  1e-13
SEQ gi|2137048|pir||I46905 uteroglobin - rabbit (fragment) >gi|16580...    70  4e-12
SEQ gi|256397|gb|AAB23452.1| urine protein 1, UP1=Clara cell 10 kda ...    57  4e-08
SEQ 
## SEQUENCE PROFILE AND ENTROPY
 SeqNo PDBNo   V   L   I   M   F   W   Y   G   A   P   S   T   C   H   R   K   Q   E   N   D  NOCC NDEL NINS ENTROPY RELENT WEIGHT
    1    1     0   0   0   0   0   0   0 100   0   0   0   0   0   0   0   0   0   0   0   0     0    0    0   0.000      0  0.00
    2    2     0   0 100   0   0   0   0   0   0   0   0   0   0   0   0   0   0   0   0   0     0    0    0   0.000      0  0.00
    3    3     0   0   0   0   0   0   0   0   0   0   0   0 100   0   0   0   0   0   0   0     0    0    0   0.000      0  0.00
    4    4     0   0   0   0   0   0   0   0   0 100   0   0   0   0   0   0   0   0   0   0     0    0    0   0.000      0  0.00
    5    5     0   0   0   0   0   0   0  46   0   0  15   8   0   0  31   0   0   0   0   0     0    0    0   1.205     40  0.00
    6    6     0   0   0   0 100   0   0   0   0   0   0   0   0   0   0   0   0   0   0   0     0    0    0   0.000      0  0.00
    7    7     0  38   0   0   0   0   0   0  46   0   0   0   0   0   0   0  15   0   0   0     0    0    0   1.012     33  0.00
    8    8     0   0   0   0   0   0   0   0   0   0   0   0   0  46  23   0  31   0   0   0     0    0    0   1.058     35  0.00
    9    9   100   0   0   0   0   0   0   0   0   0   0   0   0   0   0   0   0   0   0   0     0    0    0   0.000      0  0.00
   10   10     0  31  69   0   0   0   0   0   0   0   0   0   0   0   0   0   0   0   0   0     0    0    0   0.617     20  0.00
   11   11     0   0   0   0   0   0   0   0   0   0   0   0   0   0   0   0   0 100   0   0     0    0    0   0.000      0  0.00
   12   12     0   0   0   0   0   0   0   0  31   0   8  15   0   0   0   0   0   0  46   0     0    0    0   1.205     40  0.00
   13   13     0 100   0   0   0   0   0   0   0   0   0   0   0   0   0   0   0   0   0   0     0    0    0   0.000      0  0.00
   14   14     0  92   0   0   8   0   0   0   0   0   0   0   0   0   0   0   0   0   0   0     0    0    0   0.271      9  0.00
   15   15     0  69   0  31   0   0   0   0   0   0   0   0   0   0   0   0   0   0   0   0     0    0    0   0.617     20  0.00
   16   16     0   0   0   0   0   0   0  62   0   0   0   0   0   0   0   0   0  15   0  23     0    0    0   0.925     30  0.00
   17   17     0   0   0   0   0   0   0   0   0   0  31  69   0   0   0   0   0   0   0   0     0    0    0   0.617     20  0.00
   18   18     0   0   0   0   0   0   0   0   0  71   0   0   0   0   0   0   0  29   0   0     0    0    0   0.598     19  0.00
   19   19     0   0   0   0   0   0   0   0   0   0 100   0   0   0   0   0   0   0   0   0     0    0    0   0.000      0  0.00
   20   20     0   0   0   0   0   0   0  14   0   0  71   0   0   0   0   0   0   0  14   0     0    0    0   0.796     26  0.00
   21   21     0   0   0   0   7   0  93   0   0   0   0   0   0   0   0   0   0   0   0   0     0    0    0   0.257      8  0.00
   22   22    14   0   0   0   0   0   0   7   0   0   0   0   0   0   0   0   0  79   0   0     0    0    0   0.656     21  0.00
   23   23     0   0   0   0   0   0   0   0  50   0   0  50   0   0   0   0   0   0   0   0     0    0    0   0.693     23  0.00
   24   24     0   0   0   0   0   0   0   0  36   0  64   0   0   0   0   0   0   0   0   0     0    0    0   0.652     21  0.00
   25   25     7  71   0  21   0   0   0   0   0   0   0   0   0   0   0   0   0   0   0   0     0    0    0   0.759     25  0.00
   26   26     0   0   0   0   0   0   0   7   0   0   0   0   0   0   0  79   0  14   0   0     0    0    0   0.656     21  0.00
   27   27     0  14   0   0   7   0   0   0   0  29   0   0   0   0   0   0   0  50   0   0     0    0    0   1.171     39  0.00
   28   28     0   0   0   0 100   0   0   0   0   0   0   0   0   0   0   0   0   0   0   0     0    0    0   0.000      0  0.00
   29   29     0   0   0   0   0   0   0   0   0   0  21   0   0   0   0   0  14  36  29   0     0    0    0   1.334     44  0.00
   30   30     0   0   0   0   0   0   0   0   0 100   0   0   0   0   0   0   0   0   0   0     0    0    0   0.000      0  0.00
   31   31     0   0   0   0   0   0   0  14  14   0   0   0   0   0   0   0   0   0   0  71     0    0    0   0.796     26  0.00
   32   32     0   0   0   0   0   0   0   0   0   0  29   0   0   0   0   0  21   0   0  50     0    0    0   1.035     34  0.00
   33   33     0   0   0   0   0   0   0   0  14   0   0  36   0   0   0   0   0   0   0  50     0    0    0   0.992     33  0.00
   34   34     0  29   0  71   0   0   0   0   0   0   0   0   0   0   0   0   0   0   0   0     0    0    0   0.598     19  0.00
   35   35     0   0   0   0   0   0   0   0   0   0   8   0   0   0  15  54  23   0   0   0     0    0    0   1.157     38  0.00
   36   36     0   0   0   0   0   0   0   0   0   0   0   0   0   0   0   0   0  21  29  50     0    0    0   1.035     34  0.00
   37   37     0   0   0   0   0   0   0   0 100   0   0   0   0   0   0   0   0   0   0   0     0    0    0   0.000      0  0.00
   38   38     0   0   0   0   0   0   0 100   0   0   0   0   0   0   0   0   0   0   0   0     0    0    0   0.000      0  0.00
   39   39     0   0   0  50   0   0   0   0  21   0   0  29   0   0   0   0   0   0   0   0     0    0    0   1.035     34  0.00
   40   40     0   0   0   0   0   0   0   0   0   0   0   0   0   0   0   0 100   0   0   0     0    0    0   0.000      0  0.00
   41   41     0  50   0  50   0   0   0   0   0   0   0   0   0   0   0   0   0   0   0   0     0    0    0   0.693     23  0.00
   42   42     0   0   0   0   0   0   0   0   0   0   0   0   0   0   0 100   0   0   0   0     0    0    0   0.000      0  0.00
   43   43     0   0   0   0   0   0   0   0   0   0   0   0   0   0  29  71   0   0   0   0     0    0    0   0.598     19  0.00
   44   44    57  43   0   0   0   0   0   0   0   0   0   0   0   0   0   0   0   0   0   0     0    0    0   0.683     22  0.00
   45   45    43  57   0   0   0   0   0   0   0   0   0   0   0   0   0   0   0   0   0   0     0    0    0   0.683     22  0.00
   46   46     0   0   0   0   0   0   0   0   0   0   0   0   0   0   0   0   0   0   0 100     0    0    0   0.000      0  0.00
   47   47     0   0   0   0   0   0   0   0   0   0  36  64   0   0   0   0   0   0   0   0     0    0    0   0.652     21  0.00
   48   48     0 100   0   0   0   0   0   0   0   0   0   0   0   0   0   0   0   0   0   0     0    0    0   0.000      0  0.00
   49   49     0   0   0   0   0   0   0   0   0 100   0   0   0   0   0   0   0   0   0   0     0    0    0   0.000      0  0.00
   50   50     0   0   0   0   0   0   0   0   7   0   0   0   0   0   0   0  93   0   0   0     0    0    0   0.257      8  0.00
   51   51     0   0   0   0   0   0   0   0   0   0   0  50   0   0   0  21   0  29   0   0     0    0    0   1.035     34  0.00
   52   52     0   0   0   0   0   0   0   0   7  14   0  79   0   0   0   0   0   0   0   0     0    0    0   0.656     21  0.00
   53   53     0   0   0   0   0   0   0   0   0   0   0   0   0   0 100   0   0   0   0   0     0    0    0   0.000      0  0.00
   54   54     0   0  31   0   0   0   0   0   0   0   0   0   0   0   0   0   0  62   0   8     0    0    0   0.859     28  0.00
   55   55     0   0   0   0   0   0   0   0   0   0  15   0   0   0   0   0   0   0  85   0     0    0    0   0.429     14  0.00
   56   56     0   0 100   0   0   0   0   0   0   0   0   0   0   0   0   0   0   0   0   0     0    0    0   0.000      0  0.00
   57   57    17   0  33  50   0   0   0   0   0   0   0   0   0   0   0   0   0   0   0   0     0    0    0   1.011     33  0.00
   58   58     0   0   0   0   0   0   0   0   0   0   0   0   0   0   0 100   0   0   0   0     0    0    0   0.000      0  0.00
   59   59     0 100   0   0   0   0   0   0   0   0   0   0   0   0   0   0   0   0   0   0     0    0    0   0.000      0  0.00
   60   60     0   0   0  17   0   0   0   0   0   0   0  83   0   0   0   0   0   0   0   0     0    0    0   0.451     15  0.00
   61   61     0   0   0   0   0   0   0   0   0   0   0   0   0   0   0   0   0 100   0   0     0    0    0   0.000      0  0.00
   62   62     0   0   0   0   0   0   0   0   0   0   0   0   0   0   0 100   0   0   0   0     0    0    0   0.000      0  0.00
   63   63     0   0 100   0   0   0   0   0   0   0   0   0   0   0   0   0   0   0   0   0     0    0    0   0.000      0  0.00
   64   64    50  33   0   0   0   0   0   0   8   0   0   0   0   0   0   0   0   0   0   8     0    0    0   1.127     37  0.00
   65   65     0   0   0   0   0   0   0   0   0   0   0  33   0   0   0  58   8   0   0   0     0    0    0   0.888     29  0.00
   66   66     0   0   0   0   0   0   0   0   0   0 100   0   0   0   0   0   0   0   0   0     0    0    0   0.000      0  0.00
   67   67     0   8   0   0   0   0   0   0   0  83   8   0   0   0   0   0   0   0   0   0     0    0    0   0.566     18  0.00
   68   68     0 100   0   0   0   0   0   0   0   0   0   0   0   0   0   0   0   0   0   0     0    0    0   0.000      0  0.00
   69   69     0   0   0   0   0   0   0   0   0   0   0   0 100   0   0   0   0   0   0   0     0    0    0   0.000      0  0.00
   70   70     0   0   0 100   0   0   0   0   0   0   0   0   0   0   0   0   0   0   0   0     0    0    0   0.000      0  0.00
//
