ID Pseudo hssp file.
SEQ 
SEQ gi|10518494|gb|AAF43894.2|AF187324_1 (AF187324) cytochrome c3 pr...   179  9e-45
SEQ gi|2914213|pdb|3CYR|    Cytochrome C3 From Desulfovibrio Desulfu...   172  1e-42
SEQ gi|9801587|gb|AAF40429.2| (AF234677) cytochrome c3 precursor [De...   150  4e-36
SEQ gi|117911|sp|P00131|CYC3_DESVH CYTOCHROME C3 PRECURSOR >gi|47641...    83  9e-16
SEQ gi|6573249|gb|AAF17604.1|AF205067_1 (AF205067) cytochrome c3 pre...    80  9e-15
SEQ gi|2780914|pdb|2CTH|A Chain A, Cytochrome C3 From Desulfovibrio ...    78  3e-14
SEQ gi|4930063|pdb|1MDV|A Chain A, Key Role Of Phenylalanine 20 In C...    76  1e-13
SEQ gi|2851444|sp|P00132|CYC3_DESVM CYTOCHROME C3 PRECURSOR >gi|4213...    73  1e-12
SEQ gi|230451|pdb|2CDV|    Cytochrome c3 >gi|350345|prf||0607221A cy...    72  3e-12
SEQ gi|65591|pir||CCDV3G cytochrome c3 - Desulfovibrio gigas (tentat...    70  9e-12
SEQ gi|6102768|emb|CAB59196.1| (AJ250346) cytochrome c3 [Desulfovibr...    63  9e-10
SEQ gi|6014885|sp|P00133|CYC3_DESGI CYTOCHROME C3 >gi|1942517|pdb|1W...    62  2e-09
SEQ gi|11514628|pdb|1QN0|A Chain A, Solution Structure Of Desulfovib...    62  2e-09
SEQ gi|117907|sp|P00134|CYC3_DESDE CYTOCHROME C3 >gi|65592|pir||CCDV...    49  1e-05
SEQ gi|2576365|gb|AAB82308.1| (U68390) procytochrome c3 precursor [D...    46  1e-04
SEQ gi|117908|sp|P00136|CY31_DESDN CYTOCHROME C3, 13 KDA >gi|223375|...    46  2e-04
SEQ gi|117910|sp|P00135|CYC3_DESSA CYTOCHROME C3 >gi|65593|pir||CCDV...    44  4e-04
SEQ gi|7427553|pir||CCDV3N cytochrome c3, tetraheme [validated] - De...    44  4e-04
SEQ gi|585022|sp|P38554|CY32_DESDN CYTOCHROME C3, 26 KDA >gi|628878|...    43  0.001
SEQ 
## SEQUENCE PROFILE AND ENTROPY
 SeqNo PDBNo   V   L   I   M   F   W   Y   G   A   P   S   T   C   H   R   K   Q   E   N   D  NOCC NDEL NINS ENTROPY RELENT WEIGHT
    1    1     0   0   0   0   0   0   0   0 100   0   0   0   0   0   0   0   0   0   0   0     0    0    0   0.000      0  0.00
    2    2     0   0   0   0   0   0   0   0   8  75   0   0   0   0   0   0   0   0   0  17     0    0    0   0.721     24  0.00
    3    3     0   0   0  17   0   0   0   0  25   0   0   8   0   0   0  42   0   8   0   0     0    0    0   1.424     47  0.00
    4    4    42   0   0   0   0   0   0   0  58   0   0   0   0   0   0   0   0   0   0   0     0    0    0   0.679     22  0.00
    5    5     0   8   8   0   0   0   0   0   0  83   0   0   0   0   0   0   0   0   0   0     0    0    0   0.566     18  0.00
    6    6     0   0   0   0   0   0   0   0  50   0   0   0   0   0   0  17   0   0  17  17     0    0    0   1.242     41  0.00
    7    7     0   0   0   0   0   0   0   0  17   0   0   0   0   0   0  33   0   0   0  50     0    0    0   1.011     33  0.00
    8    8     0   0   0   0   0   0   0  50   0  50   0   0   0   0   0   0   0   0   0   0     0    0    0   0.693     23  0.00
    9    9    25  58   0   0   0   0   0   0  17   0   0   0   0   0   0   0   0   0   0   0     0    0    0   0.960     32  0.00
   10   10     0   0   0   0   0   0   0  17   0   0   0   0   0   0   0  50   0  33   0   0     0    0    0   1.011     33  0.00
   11   11    20   0  20  40   7   0   0   0  13   0   0   0   0   0   0   0   0   0   0   0     0    0    0   1.459     48  0.00
   12   12     0   0   0   0   0   0   0   0  20   0   0   0   0   0   0  40   0  27   0  13     0    0    0   1.310     43  0.00
   13   13     6   0   0   6   0   0   0  50  19   0   0   0   0   0   0  13   0   0   6   0     0    0    0   1.440     48  0.00
   14   14     0   0   0   0   0   0   0  19   6   0  19  50   0   0   0   0   0   6   0   0     0    0    0   1.321     44  0.00
   15   15     0   0   0   0   0   0   0   0   0   0   0   0   0   0   0  50  33  17   0   0     0    0    0   1.011     33  0.00
   16   16     0   0   0   6   0   0   0   0  11   0   0   0   0   0   0  50  28   0   6   0     0    0    0   1.268     42  0.00
   17   17     0   6   0   0   0   0   0   0   0  44   0  50   0   0   0   0   0   0   0   0     0    0    0   0.868     28  0.00
   18   18   100   0   0   0   0   0   0   0   0   0   0   0   0   0   0   0   0   0   0   0     0    0    0   0.000      0  0.00
   19   19    45   0   5  20   0   0   0   0   5  10   0  10   0   0   0   0   0   0   0   5     0    0    0   1.591     53  0.00
   20   20     0   5   0   0  95   0   0   0   0   0   0   0   0   0   0   0   0   0   0   0     0    0    0   0.199      6  0.00
   21   21     0   0   0   0   0   0   0   0   0  30  10   0   0   0   0   0   0   0  60   0     0    0    0   0.898     29  0.00
   22   22     0   0   0   0   0   0   0   0   0   0   0   0   0 100   0   0   0   0   0   0     0    0    0   0.000      0  0.00
   23   23     0   0   0   0   0   0   0   0  30   0  50  10   0   0   0  10   0   0   0   0     0    0    0   1.168     38  0.00
   24   24     0   0   0   0   0   0   0  10   0  20  15  45   0   0   0  10   0   0   0   0     0    0    0   1.426     47  0.00
   25   25     0   0   0   0   0   0   0   0   0   0   0   0   0 100   0   0   0   0   0   0     0    0    0   0.000      0  0.00
   26   26     0   0   0  10   0   0   0   0  25   0   5   0   0   0   0  45   0  15   0   0     0    0    0   1.371     45  0.00
   27   27     0   0   0   0   0   0   0   0  15   0  25  10   0   0   0  20   0   0   0  30     0    0    0   1.544     51  0.00
   28   28    75   5  10   5   0   0   5   0   0   0   0   0   0   0   0   0   0   0   0   0     0    0    0   0.895     29  0.00
   29   29     0   0   0   0   0   0   0   0  10   0   0   0   0   0   0  45   5  30   0  10     0    0    0   1.331     44  0.00
   30   30     0   0   0   0   0   0   0   0   0   0   0   0 100   0   0   0   0   0   0   0     0    0    0   0.000      0  0.00
   31   31    32   0   0   0   0   0   0  26   5   0   0   5   0   0   0   5  11   0   0  16     0    0    0   1.709     57  0.00
   32   32     0   0   0   0   0   0   0   0   0   0   0  26   0   0   0   5  21   0   0  47     0    0    0   1.188     39  0.00
   33   33     0   0   0   0   0   0   0   0   0   0   0   0 100   0   0   0   0   0   0   0     0    0    0   0.000      0  0.00
   34   34     0   0   0   0   0   0   0   0   0   0   0   0   0 100   0   0   0   0   0   0     0    0    0   0.000      0  0.00
   35   35     0   0   0   0   0   0   0   0   0   0   0   0   0 100   0   0   0   0   0   0     0    0    0   0.000      0  0.00
   36   36     0  22   0   0   0   0   0   0   0  33   0  22   0   0   0  11  11   0   0   0     0    0    0   1.523     50  0.00
   37   37    71  12   0   0   0  12   0   0   0   0   0   0   0   0   0   0   0   0   0   6     0    0    0   0.916     30  0.00
   38   38     0   0   0   0   0   0   0   0   0  30   0   0   0   0   0   0   0  10  35  25     0    0    0   1.305     43  0.00
   39   39     0   0   0   0   0   0   0  80  10   0   0   0   0   0   0   0   0   0   0  10     0    0    0   0.639     21  0.00
   40   40     0   0   0   0   0   0   0   0   5   0   0  11   0   0   0  58   0   0   0  26     0    0    0   1.060     35  0.00
   41   41     0   0   0   0   0   0  10  15   5   0   0   0   0   0   0  20   0  50   0   0     0    0    0   1.333     44  0.00
   42   42     0   0   0   0   0   0   0   0  15   0  20  10   0   0   0   0  20   5  10  20     0    0    0   1.861     62  0.00
   43   43    15   5  15   0   5   0  60   0   0   0   0   0   0   0   0   0   0   0   0   0     0    0    0   1.175     39  0.00
   44   44     0   0   0   0   0   0   0   0  45   0   0   0   0   0  15  15  15  10   0   0     0    0    0   1.443     48  0.00
   45   45     0   0   0   0   0   0   0  20   0   5  10   0   0   0   0  65   0   0   0   0     0    0    0   0.982     32  0.00
   46   46     0   0   0   0   0   0   0   0   0   0   0   0 100   0   0   0   0   0   0   0     0    0    0   0.000      0  0.00
   47   47     0   0   0  10   0   0   0  35  15   0   5  30   0   0   0   0   5   0   0   0     0    0    0   1.543     51  0.00
   48   48     0   0   0   0   0   0   0   0  10   0  20  70   0   0   0   0   0   0   0   0     0    0    0   0.802     26  0.00
   49   49     0   0   0   0   0   0   0   0  35   0  30   0   0   0   0   0   0  15   0  20     0    0    0   1.335     44  0.00
   50   50     0   0   0   0   0   0   0 100   0   0   0   0   0   0   0   0   0   0   0   0     0    0    0   0.000      0  0.00
   51   51     0   0   0   0   0   0   0   0   0   0   0   0 100   0   0   0   0   0   0   0     0    0    0   0.000      0  0.00
   52   52     0   0   0   0   0   0   0   0   0   0   0   0   0 100   0   0   0   0   0   0     0    0    0   0.000      0  0.00
   53   53     5   0   0   0   0   0   0   0   5   0   0   0   0   0   0   0   0   0  20  70     0    0    0   0.871     29  0.00
   54   54     5   0  21   0   0   0   0   0   0   0  26   0   0   0   0   0   0   0  26  21     0    0    0   1.514     50  0.00
   55   55     0  53  11  26   5   0   0   0   0   0   0   5   0   0   0   0   0   0   0   0     0    0    0   1.236     41  0.00
   56   56     0   0   0   0   0   0   0   0   0   0   0  20   0   0   0  35   0  15   0  30     0    0    0   1.335     44  0.00
   57   57     0   0   0   0   5   0   0   0  40   0  10   0   0   0   0  30   0  10   0   5     0    0    0   1.488     49  0.00
   58   58     0   0   0   0   0   0   0   0   0   0   0   0   0   0  15  65   0   0   0  20     0    0    0   0.886     29  0.00
   59   59     0   0   0   0   0   0   0   0   5   0   0  11   0   0   0  68   0   0   0  16     0    0    0   0.943     31  0.00
   60   60     0   0   0   0   0   0   0  32   0   0  37   0   0   0   0  16   0  11   5   0     0    0    0   1.415     47  0.00
   61   61    25   0  10   0   0   0   0   0  15   0  15   0   0   0   0   5   0  20   0  10     0    0    0   1.848     61  0.00
   62   62     0   0   0   0   0   0   0   0  15   0  10   0   0   5   0  45   0   0  20   5     0    0    0   1.496     49  0.00
   63   63     0   0   0   0   0   0   0  10   5   0  65   0   0   0   0  15   0   0   0   5     0    0    0   1.094     36  0.00
   64   64    10  20   5   0   5  20  15  15   0   0   0   5   0   0   0   0   0   0   5   0     0    0    0   2.042     68  0.00
   65   65     0   0   0   0   0   0  85   0   5   5   0   0   0   0   0   5   0   0   0   0     0    0    0   0.588     19  0.00
   66   66     0   5   0   5   0   0  30   0   5   0   0   0   0  10  10  35   0   0   0   0     0    0    0   1.639     54  0.00
   67   67    45   0   5   0   5   0   0   0  15   0   0  10   0  15   0   0   0   0   0   5     0    0    0   1.608     53  0.00
   68   68    55   0  10  10  15   0   5   0   0   0   0   0   0   0   0   0   0   5   0   0     0    0    0   1.373     45  0.00
   69   69     0   0   0  15   0   0   0   0   0   0   5   0   0  70   0   5   0   0   5   0     0    0    0   0.984     32  0.00
   70   70     0   5   0   0   0   0   0   0  40   0   0  15   0  15   0   0   0   5   0  20     0    0    0   1.557     51  0.00
   71   71     5   0   0   0   5   0   0   0   5   0   0  11   0   0  16  42   0   0   0  16     0    0    0   1.649     55  0.00
   72   72     0   0   0   0   0   0   0  42   0   0   0   5   0   5   0  42   0   5   0   0     0    0    0   1.193     39  0.00
   73   73     0   0   0   0   0   0   0  21   5   0  16  11   0   0   0   0   0  21  16  11     0    0    0   1.868     62  0.00
   74   74     0  27   0   0   0   0   0   7  27   0   0  27   0   0   0   7   0   7   0   0     0    0    0   1.599     53  0.00
   75   75     0   0   0   0  10   0   0   0   5   0  15   5   0   0   0  65   0   0   0   0     0    0    0   1.094     36  0.00
   76   76     5   0   0   0  26   0   0   0   0  16   0   0   0  32   0   5   0  11   0   5     0    0    0   1.709     57  0.00
   77   77     0   0   5   5   0   0   0   0   5   5   0  42   0   0   0  37   0   0   0   0     0    0    0   1.352     45  0.00
   78   78     0   0   0   0   0   0   0   0   0   0  71  18   0   0   0   0  12   0   0   0     0    0    0   0.804     26  0.00
   79   79     0   0   0   0   0   0   0   0   0   0   0   0 100   0   0   0   0   0   0   0     0    0    0   0.000      0  0.00
   80   80    45  20  30   5   0   0   0   0   0   0   0   0   0   0   0   0   0   0   0   0     0    0    0   1.192     39  0.00
   81   81     0   0   0   0   0   0   0  50  15   0  25   0   0   0   0   0   0   0   0  10     0    0    0   1.208     40  0.00
   82   82     0   0   0   0   0   0   0   0   0   0   0   0 100   0   0   0   0   0   0   0     0    0    0   0.000      0  0.00
   83   83     0   0   0   0   0   0   0   0   0   0   0   0   0 100   0   0   0   0   0   0     0    0    0   0.000      0  0.00
   84   84    16  16   0   0   0   0   0   0   0   0  21   0   0   0  11  37   0   0   0   0     0    0    0   1.516     50  0.00
   85   85     0   0   0   0   0   0   0   0  11   0   0   0   0   0   0  22   0  44   0  22     0    0    0   1.273     42  0.00
   86   86    41  18   0   0   0   0   0   0   6   0   0  12   0   0   0  24   0   0   0   0     0    0    0   1.430     47  0.00
   87   87    24   0   0   0   0   0   0   0  59   0   0   0   0   0   0  18   0   0   0   0     0    0    0   0.959     32  0.00
   88   88     0   0   0   0   0   0   0  56  28   0   0   0   0   0  11   6   0   0   0   0     0    0    0   1.087     36  0.00
   89   89     0   6   0   0   0   0   0   0  28   0   6   0   0   0   0   0  11  22   0  28     0    0    0   1.611     53  0.00
   90   90     0   0   0   0   0   0   0  12   0   0   0   0   0   0   0  29   0   0   0  59     0    0    0   0.924     30  0.00
   91   91     0   0   0   0   0   0   0   0  29  35   0   0   0   0   0  35   0   0   0   0     0    0    0   1.095     36  0.00
   92   92     0   0   0   0   0   0   0   0  31   0   6   0   0   0   0   6   0  50   0   6     0    0    0   1.230     41  0.00
   93   93     0  59   0   6   0   0   0   0   0   0   0   0   0   0   0  29   0   0   0   6     0    0    0   1.005     33  0.00
   94   94     0   0   0   0   0   0   0   0   0   0   0   0   0   0   0 100   0   0   0   0     0    0    0   0.000      0  0.00
   95   95     0   0   0   0   0   0   0   0   0   0   0   0   0   0   0 100   0   0   0   0     0    0    0   0.000      0  0.00
   96   96     0   0   0   0   0   0   0   6   6  11   0   0   0   0   0  22   0  17   0  39     0    0    0   1.565     52  0.00
   97   97     0  78   0   0   0   0   0   0   0   6   0  17   0   0   0   0   0   0   0   0     0    0    0   0.655     21  0.00
   98   98     0   0   0   0   0   0   0  17   0   0   0  83   0   0   0   0   0   0   0   0     0    0    0   0.451     15  0.00
   99   99     0   0   0   0   0   0   0  78   0  17   0   0   0   0   0   6   0   0   0   0     0    0    0   0.655     21  0.00
  100  100     0   0   0   0   0   0   0   0   0   0   0  17  83   0   0   0   0   0   0   0     0    0    0   0.451     15  0.00
  101  101     0   0   0   0   0   0   0   0  35   0   0   0   0   0   0  65   0   0   0   0     0    0    0   0.649     21  0.00
  102  102     0   0   0   0   0   0   0  35   0   0   0   0  18   0   0  47   0   0   0   0     0    0    0   1.028     34  0.00
  103  103     0   0   0   0   0   0   0  17   0   0  78   6   0   0   0   0   0   0   0   0     0    0    0   0.655     21  0.00
  104  104     0   0   0   0   0   0   0   0  22   0   0   0   0   0   0  67   0   6   0   6     0    0    0   0.926     30  0.00
  105  105     0   0   0   0   0   0   0   0   0   0   0   0 100   0   0   0   0   0   0   0     0    0    0   0.000      0  0.00
  106  106     0   0   0   0   0   0   0   0   0   0   0   0   0 100   0   0   0   0   0   0     0    0    0   0.000      0  0.00
  107  107     0   0   0   0   0   0   0   0   0 100   0   0   0   0   0   0   0   0   0   0     0    0    0   0.000      0  0.00
//
