ID Pseudo hssp file.
SEQ 
SEQ gi|6435662|pdb|3STD|A Chain A, Scytalone Dehydratase And Cyanoci...   319  2e-86
SEQ gi|6730622|pdb|6STD|A Chain A, Scytalone Dehydratase Plus Inhibi...   318  3e-86
SEQ gi|3024596|sp|P56221|SCYD_MAGGR SCYTALONE DEHYDRATASE >gi|112719...   317  7e-86
SEQ gi|7521677|pir||JE0130 scytalone dehydratase (EC 4.2.1.94) - Pyr...   315  3e-85
SEQ gi|12964738|gb|AAK11296.1| (AF316575) scytalone dehydratase [Oph...   260  9e-69
SEQ gi|3024608|sp|Q00455|SCYD_GLOLA SCYTALONE DEHYDRATASE >gi|139516...   256  2e-67
SEQ gi|6647798|sp|O14434|SCYD_ASPFU PROBABLE SCYTALONE DEHYDRATASE >...   188  5e-47
SEQ 
## SEQUENCE PROFILE AND ENTROPY
 SeqNo PDBNo   V   L   I   M   F   W   Y   G   A   P   S   T   C   H   R   K   Q   E   N   D  NOCC NDEL NINS ENTROPY RELENT WEIGHT
    1    1     0   0   0   0   0   0   0 100   0   0   0   0   0   0   0   0   0   0   0   0     0    0    0   0.000      0  0.00
    2    2     0   0   0   0   0   0   0   0   0   0   0   0   0   0   0   0   0  71  14  14     0    0    0   0.796     26  0.00
    3    3     0  13  88   0   0   0   0   0   0   0   0   0   0   0   0   0   0   0   0   0     0    0    0   0.377     12  0.00
    4    4     0   0   0   0   0   0   0   0   0   0  13  75   0   0   0   0   0  13   0   0     0    0    0   0.736     24  0.00
    5    5     0   0   0   0 100   0   0   0   0   0   0   0   0   0   0   0   0   0   0   0     0    0    0   0.000      0  0.00
    6    6     0   0   0   0   0   0   0   0   0   0  63   0   0  13   0   0   0  25   0   0     0    0    0   0.900     30  0.00
    7    7     0   0   0   0   0   0   0   0   0   0   0   0   0   0   0   0   0   0   0 100     0    0    0   0.000      0  0.00
    8    8     0   0   0   0   0   0 100   0   0   0   0   0   0   0   0   0   0   0   0   0     0    0    0   0.000      0  0.00
    9    9     0  88   0  13   0   0   0   0   0   0   0   0   0   0   0   0   0   0   0   0     0    0    0   0.377     12  0.00
   10   10     0   0   0   0   0   0   0  88  13   0   0   0   0   0   0   0   0   0   0   0     0    0    0   0.377     12  0.00
   11   11     0 100   0   0   0   0   0   0   0   0   0   0   0   0   0   0   0   0   0   0     0    0    0   0.000      0  0.00
   12   12     0   0   0  63   0   0   0   0   0   0   0   0  13   0   0  13   0   0  13   0     0    0    0   1.074     35  0.00
   13   13     0   0   0   0   0   0   0   0  13   0  13  63   0   0   0  13   0   0   0   0     0    0    0   1.074     35  0.00
   14   14    13   0   0   0   0   0   0   0  25   0   0   0  63   0   0   0   0   0   0   0     0    0    0   0.900     30  0.00
   15   15    63  25   0   0   0   0   0   0  13   0   0   0   0   0   0   0   0   0   0   0     0    0    0   0.900     30  0.00
   16   16     0   0   0   0  25   0  75   0   0   0   0   0   0   0   0   0   0   0   0   0     0    0    0   0.562     18  0.00
   17   17     0   0   0   0   0   0   0   0   0   0   0   0   0   0   0   0   0  88   0  13     0    0    0   0.377     12  0.00
   18   18     0   0   0   0   0 100   0   0   0   0   0   0   0   0   0   0   0   0   0   0     0    0    0   0.000      0  0.00
   19   19     0   0   0   0   0   0   0   0 100   0   0   0   0   0   0   0   0   0   0   0     0    0    0   0.000      0  0.00
   20   20     0   0   0   0   0   0   0   0   0   0   0   0   0   0   0   0   0   0   0 100     0    0    0   0.000      0  0.00
   21   21     0   0   0   0   0   0   0   0   0   0 100   0   0   0   0   0   0   0   0   0     0    0    0   0.000      0  0.00
   22   22     0   0   0   0   0   0 100   0   0   0   0   0   0   0   0   0   0   0   0   0     0    0    0   0.000      0  0.00
   23   23     0   0   0   0   0   0   0   0   0   0   0   0   0   0   0   0   0   0   0 100     0    0    0   0.000      0  0.00
   24   24     0   0   0   0   0   0   0   0  13   0  88   0   0   0   0   0   0   0   0   0     0    0    0   0.377     12  0.00
   25   25     0   0   0   0   0   0   0   0   0   0   0   0   0   0   0 100   0   0   0   0     0    0    0   0.000      0  0.00
   26   26     0   0   0   0   0   0   0   0   0   0   0   0   0   0   0   0   0   0   0 100     0    0    0   0.000      0  0.00
   27   27     0   0   0   0   0 100   0   0   0   0   0   0   0   0   0   0   0   0   0   0     0    0    0   0.000      0  0.00
   28   28     0   0   0   0   0   0   0   0   0   0   0   0   0   0   0   0   0   0   0 100     0    0    0   0.000      0  0.00
   29   29     0   0   0   0   0   0   0   0   0   0   0   0   0   0 100   0   0   0   0   0     0    0    0   0.000      0  0.00
   30   30     0 100   0   0   0   0   0   0   0   0   0   0   0   0   0   0   0   0   0   0     0    0    0   0.000      0  0.00
   31   31     0   0   0   0   0   0   0   0   0   0   0   0   0   0 100   0   0   0   0   0     0    0    0   0.000      0  0.00
   32   32     0   0   0   0   0   0   0   0   0   0  13   0   0   0   0  88   0   0   0   0     0    0    0   0.377     12  0.00
   33   33    63   0  13   0   0   0   0   0   0   0   0   0  25   0   0   0   0   0   0   0     0    0    0   0.900     30  0.00
   34   34     0   0 100   0   0   0   0   0   0   0   0   0   0   0   0   0   0   0   0   0     0    0    0   0.000      0  0.00
   35   35     0   0   0   0   0   0   0   0 100   0   0   0   0   0   0   0   0   0   0   0     0    0    0   0.000      0  0.00
   36   36     0   0   0   0   0   0   0   0   0 100   0   0   0   0   0   0   0   0   0   0     0    0    0   0.000      0  0.00
   37   37     0   0   0   0   0   0   0   0   0   0   0  88   0   0   0   0   0  13   0   0     0    0    0   0.377     12  0.00
   38   38     0 100   0   0   0   0   0   0   0   0   0   0   0   0   0   0   0   0   0   0     0    0    0   0.000      0  0.00
   39   39     0   0   0   0   0   0   0   0   0   0   0  13   0   0  88   0   0   0   0   0     0    0    0   0.377     12  0.00
   40   40    13   0  88   0   0   0   0   0   0   0   0   0   0   0   0   0   0   0   0   0     0    0    0   0.377     12  0.00
   41   41     0   0   0   0   0   0   0   0   0   0   0   0   0   0   0   0   0   0   0 100     0    0    0   0.000      0  0.00
   42   42     0   0   0   0   0   0 100   0   0   0   0   0   0   0   0   0   0   0   0   0     0    0    0   0.000      0  0.00
   43   43     0   0   0   0   0   0   0   0   0   0   0   0   0   0 100   0   0   0   0   0     0    0    0   0.000      0  0.00
   44   44     0   0   0   0   0   0   0   0   0   0  88   0   0   0   0   0  13   0   0   0     0    0    0   0.377     12  0.00
   45   45     0   0  13   0  88   0   0   0   0   0   0   0   0   0   0   0   0   0   0   0     0    0    0   0.377     12  0.00
   46   46     0  88   0   0   0   0   0  13   0   0   0   0   0   0   0   0   0   0   0   0     0    0    0   0.377     12  0.00
   47   47     0  13   0   0   0   0   0   0   0   0   0   0   0   0   0   0   0   0  13  75     0    0    0   0.736     24  0.00
   48   48     0   0   0   0   0   0   0   0   0   0   0   0   0   0  13  88   0   0   0   0     0    0    0   0.377     12  0.00
   49   49     0  75  13   0   0   0   0   0   0   0   0   0   0   0   0  13   0   0   0   0     0    0    0   0.736     24  0.00
   50   50     0   0   0   0   0 100   0   0   0   0   0   0   0   0   0   0   0   0   0   0     0    0    0   0.000      0  0.00
   51   51     0   0   0   0   0   0   0   0   0   0   0   0   0   0   0   0   0  88   0  13     0    0    0   0.377     12  0.00
   52   52     0   0   0   0   0   0   0   0  88   0   0   0   0   0   0   0   0   0   0  13     0    0    0   0.377     12  0.00
   53   53     0   0   0 100   0   0   0   0   0   0   0   0   0   0   0   0   0   0   0   0     0    0    0   0.000      0  0.00
   54   54     0   0   0   0   0   0   0   0   0 100   0   0   0   0   0   0   0   0   0   0     0    0    0   0.000      0  0.00
   55   55     0   0   0   0   0   0   0   0 100   0   0   0   0   0   0   0   0   0   0   0     0    0    0   0.000      0  0.00
   56   56     0   0   0   0   0   0   0   0   0   0   0   0   0   0   0   0   0 100   0   0     0    0    0   0.000      0  0.00
   57   57     0   0   0   0   0   0   0   0   0   0   0   0   0   0   0   0   0  88   0  13     0    0    0   0.377     12  0.00
   58   58     0   0   0   0  88   0  13   0   0   0   0   0   0   0   0   0   0   0   0   0     0    0    0   0.377     12  0.00
   59   59    63   0  25  13   0   0   0   0   0   0   0   0   0   0   0   0   0   0   0   0     0    0    0   0.900     30  0.00
   60   60     0   0   0   0   0   0   0  75  25   0   0   0   0   0   0   0   0   0   0   0     0    0    0   0.562     18  0.00
   61   61     0   0   0 100   0   0   0   0   0   0   0   0   0   0   0   0   0   0   0   0     0    0    0   0.000      0  0.00
   62   62    63   0  38   0   0   0   0   0   0   0   0   0   0   0   0   0   0   0   0   0     0    0    0   0.662     22  0.00
   63   63     0   0   0   0   0   0   0   0   0   0 100   0   0   0   0   0   0   0   0   0     0    0    0   0.000      0  0.00
   64   64     0   0   0   0   0   0   0   0   0   0  63   0   0   0   0   0   0   0   0  38     0    0    0   0.662     22  0.00
   65   65     0   0   0  13   0   0   0   0   0  13   0   0   0   0   0  75   0   0   0   0     0    0    0   0.736     24  0.00
   66   66     0   0   0   0   0   0   0   0   0   0  25   0   0   0   0   0  63   0   0  13     0    0    0   0.900     30  0.00
   67   67    88   0   0   0  13   0   0   0   0   0   0   0   0   0   0   0   0   0   0   0     0    0    0   0.377     12  0.00
   68   68     0 100   0   0   0   0   0   0   0   0   0   0   0   0   0   0   0   0   0   0     0    0    0   0.000      0  0.00
   69   69     0   0   0   0   0   0   0 100   0   0   0   0   0   0   0   0   0   0   0   0     0    0    0   0.000      0  0.00
   70   70     0   0   0   0   0   0   0   0   0   0   0   0   0   0   0   0   0   0  25  75     0    0    0   0.562     18  0.00
   71   71     0   0   0   0   0   0   0   0   0 100   0   0   0   0   0   0   0   0   0   0     0    0    0   0.000      0  0.00
   72   72     0  25   0   0   0   0   0   0   0   0   0  75   0   0   0   0   0   0   0   0     0    0    0   0.562     18  0.00
   73   73    13  88   0   0   0   0   0   0   0   0   0   0   0   0   0   0   0   0   0   0     0    0    0   0.377     12  0.00
   74   74     0   0   0   0   0   0   0   0   0   0   0   0   0   0  75  25   0   0   0   0     0    0    0   0.562     18  0.00
   75   75     0   0   0   0   0   0   0   0   0   0   0 100   0   0   0   0   0   0   0   0     0    0    0   0.000      0  0.00
   76   76     0   0   0   0   0   0   0   0   0   0   0   0   0   0   0   0 100   0   0   0     0    0    0   0.000      0  0.00
   77   77     0   0   0   0   0   0   0   0   0   0   0   0   0 100   0   0   0   0   0   0     0    0    0   0.000      0  0.00
   78   78     0  13   0   0  88   0   0   0   0   0   0   0   0   0   0   0   0   0   0   0     0    0    0   0.377     12  0.00
   79   79     0  13  75   0  13   0   0   0   0   0   0   0   0   0   0   0   0   0   0   0     0    0    0   0.736     24  0.00
   80   80     0   0   0   0   0   0   0 100   0   0   0   0   0   0   0   0   0   0   0   0     0    0    0   0.000      0  0.00
   81   81     0   0   0   0   0   0   0  75  13   0   0   0   0   0   0   0   0  13   0   0     0    0    0   0.736     24  0.00
   82   82     0   0   0   0   0   0   0   0   0   0  38  63   0   0   0   0   0   0   0   0     0    0    0   0.662     22  0.00
   83   83     0   0   0   0   0  13   0   0   0   0   0   0   0   0  88   0   0   0   0   0     0    0    0   0.377     12  0.00
   84   84     0   0   0   0   0 100   0   0   0   0   0   0   0   0   0   0   0   0   0   0     0    0    0   0.000      0  0.00
   85   85     0   0   0   0   0   0   0   0   0   0   0   0   0   0   0   0   0 100   0   0     0    0    0   0.000      0  0.00
   86   86     0   0   0   0   0   0   0   0   0   0   0   0   0   0  13  88   0   0   0   0     0    0    0   0.377     12  0.00
   87   87    75   0  25   0   0   0   0   0   0   0   0   0   0   0   0   0   0   0   0   0     0    0    0   0.562     18  0.00
   88   88     0   0   0   0   0   0   0   0   0   0 100   0   0   0   0   0   0   0   0   0     0    0    0   0.000      0  0.00
   89   89     0   0   0   0   0   0   0   0   0   0   0   0   0   0   0   0   0  63   0  38     0    0    0   0.662     22  0.00
   90   90     0   0   0   0   0   0   0   0   0   0   0  38   0   0   0   0   0   0   0  63     0    0    0   0.662     22  0.00
   91   91     0   0   0   0   0   0   0   0   0   0   0   0   0   0   0   0   0 100   0   0     0    0    0   0.000      0  0.00
   92   92   100   0   0   0   0   0   0   0   0   0   0   0   0   0   0   0   0   0   0   0     0    0    0   0.000      0  0.00
   93   93    13   0  88   0   0   0   0   0   0   0   0   0   0   0   0   0   0   0   0   0     0    0    0   0.377     12  0.00
   94   94     0   0   0   0   0   0   0 100   0   0   0   0   0   0   0   0   0   0   0   0     0    0    0   0.000      0  0.00
   95   95     0   0   0   0   0   0  75   0   0   0   0   0   0  25   0   0   0   0   0   0     0    0    0   0.562     18  0.00
   96   96     0   0   0   0   0   0   0   0   0   0   0   0   0 100   0   0   0   0   0   0     0    0    0   0.000      0  0.00
   97   97     0   0   0   0   0   0   0   0   0   0   0   0   0   0   0   0 100   0   0   0     0    0    0   0.000      0  0.00
   98   98     0 100   0   0   0   0   0   0   0   0   0   0   0   0   0   0   0   0   0   0     0    0    0   0.000      0  0.00
   99   99     0   0   0   0   0   0   0   0   0   0   0   0   0   0 100   0   0   0   0   0     0    0    0   0.000      0  0.00
  100  100    88   0   0   0   0   0   0   0  13   0   0   0   0   0   0   0   0   0   0   0     0    0    0   0.377     12  0.00
  101  101     0   0   0   0   0   0   0   0  13  88   0   0   0   0   0   0   0   0   0   0     0    0    0   0.377     12  0.00
  102  102     0   0   0   0   0   0   0   0   0   0   0   0   0 100   0   0   0   0   0   0     0    0    0   0.000      0  0.00
  103  103     0   0   0   0   0   0   0   0   0   0   0   0   0   0   0   0 100   0   0   0     0    0    0   0.000      0  0.00
  104  104    25   0   0   0   0   0   0   0   0   0   0   0   0   0  63  13   0   0   0   0     0    0    0   0.900     30  0.00
  105  105     0   0   0   0   0   0 100   0   0   0   0   0   0   0   0   0   0   0   0   0     0    0    0   0.000      0  0.00
  106  106     0   0   0   0   0   0   0   0   0   0   0  38   0   0   0  63   0   0   0   0     0    0    0   0.662     22  0.00
  107  107     0   0   0   0   0   0   0   0   0   0   0   0   0   0   0   0   0   0   0 100     0    0    0   0.000      0  0.00
  108  108     0   0   0   0   0   0   0   0  13   0  13  75   0   0   0   0   0   0   0   0     0    0    0   0.736     24  0.00
  109  109     0   0   0   0   0   0   0   0   0   0  13  88   0   0   0   0   0   0   0   0     0    0    0   0.377     12  0.00
  110  110     0  25   0  63   0   0   0   0   0   0   0   0   0   0  13   0   0   0   0   0     0    0    0   0.900     30  0.00
  111  111     0   0   0   0   0   0   0   0   0   0   0  25   0   0   0  63  13   0   0   0     0    0    0   0.900     30  0.00
  112  112     0   0   0   0   0   0   0   0   0   0   0  13   0   0   0   0  13  75   0   0     0    0    0   0.736     24  0.00
  113  113   100   0   0   0   0   0   0   0   0   0   0   0   0   0   0   0   0   0   0   0     0    0    0   0.000      0  0.00
  114  114     0   0   0   0   0   0   0   0  25   0   0  63   0   0   0  13   0   0   0   0     0    0    0   0.900     30  0.00
  115  115    25  13   0  63   0   0   0   0   0   0   0   0   0   0   0   0   0   0   0   0     0    0    0   0.900     30  0.00
  116  116     0   0   0   0   0   0   0   0   0   0   0   0   0   0   0 100   0   0   0   0     0    0    0   0.000      0  0.00
  117  117     0   0   0   0   0   0   0 100   0   0   0   0   0   0   0   0   0   0   0   0     0    0    0   0.000      0  0.00
  118  118     0   0   0   0   0   0   0   0   0   0   0   0   0 100   0   0   0   0   0   0     0    0    0   0.000      0  0.00
  119  119     0   0   0   0   0   0   0  13  88   0   0   0   0   0   0   0   0   0   0   0     0    0    0   0.377     12  0.00
  120  120     0   0   0   0   0   0   0   0   0   0   0   0   0 100   0   0   0   0   0   0     0    0    0   0.000      0  0.00
  121  121     0   0   0   0   0   0   0   0  13   0  88   0   0   0   0   0   0   0   0   0     0    0    0   0.377     12  0.00
  122  122     0   0   0   0   0   0  13   0  75   0   0  13   0   0   0   0   0   0   0   0     0    0    0   0.736     24  0.00
  123  123     0   0   0   0   0   0   0   0   0   0   0   0   0   0   0   0   0   0 100   0     0    0    0   0.000      0  0.00
  124  124     0  63   0  13   0   0   0   0   0   0   0  13   0   0   0   0   0  13   0   0     0    0    0   1.074     35  0.00
  125  125     0   0   0   0   0   0   0   0   0   0   0   0   0 100   0   0   0   0   0   0     0    0    0   0.000      0  0.00
  126  126     0   0   0   0   0  88  13   0   0   0   0   0   0   0   0   0   0   0   0   0     0    0    0   0.377     12  0.00
  127  127     0   0   0   0   0   0 100   0   0   0   0   0   0   0   0   0   0   0   0   0     0    0    0   0.000      0  0.00
  128  128     0   0   0   0   0   0   0   0   0   0   0   0   0   0  38  63   0   0   0   0     0    0    0   0.662     22  0.00
  129  129     0   0   0   0   0   0   0   0   0   0   0   0   0   0   0 100   0   0   0   0     0    0    0   0.000      0  0.00
  130  130    38   0  63   0   0   0   0   0   0   0   0   0   0   0   0   0   0   0   0   0     0    0    0   0.662     22  0.00
  131  131     0   0   0   0   0   0   0   0   0   0   0   0   0   0   0   0   0   0  13  88     0    0    0   0.377     12  0.00
  132  132     0   0   0   0   0   0   0 100   0   0   0   0   0   0   0   0   0   0   0   0     0    0    0   0.000      0  0.00
  133  133   100   0   0   0   0   0   0   0   0   0   0   0   0   0   0   0   0   0   0   0     0    0    0   0.000      0  0.00
  134  134     0   0   0   0   0 100   0   0   0   0   0   0   0   0   0   0   0   0   0   0     0    0    0   0.000      0  0.00
  135  135     0   0   0   0   0   0   0   0   0   0   0   0   0   0   0 100   0   0   0   0     0    0    0   0.000      0  0.00
  136  136     0   0   0   0 100   0   0   0   0   0   0   0   0   0   0   0   0   0   0   0     0    0    0   0.000      0  0.00
  137  137     0   0   0   0   0   0   0   0 100   0   0   0   0   0   0   0   0   0   0   0     0    0    0   0.000      0  0.00
  138  138     0   0   0   0   0   0   0 100   0   0   0   0   0   0   0   0   0   0   0   0     0    0    0   0.000      0  0.00
  139  139     0 100   0   0   0   0   0   0   0   0   0   0   0   0   0   0   0   0   0   0     0    0    0   0.000      0  0.00
  140  140     0   0   0   0   0   0   0   0   0   0   0   0   0   0   0  75   0   0  13  13     0    0    0   0.736     24  0.00
  141  141     0   0   0   0   0   0   0   0   0 100   0   0   0   0   0   0   0   0   0   0     0    0    0   0.000      0  0.00
  142  142     0   0   0   0   0   0   0   0   0   0   0  13   0   0   0  13   0  13   0  63     0    0    0   1.074     35  0.00
  143  143    13   0  88   0   0   0   0   0   0   0   0   0   0   0   0   0   0   0   0   0     0    0    0   0.377     12  0.00
  144  144     0   0   0   0   0   0   0   0   0   0   0   0   0   0 100   0   0   0   0   0     0    0    0   0.000      0  0.00
  145  145     0   0   0   0   0 100   0   0   0   0   0   0   0   0   0   0   0   0   0   0     0    0    0   0.000      0  0.00
  146  146     0   0   0   0  13   0   0  63   0   0  13   0   0   0   0   0   0   0  13   0     0    0    0   1.074     35  0.00
  147  147     0   0   0   0   0   0   0   0   0   0   0   0   0   0   0   0   0 100   0   0     0    0    0   0.000      0  0.00
  148  148     0   0   0   0  63   0  38   0   0   0   0   0   0   0   0   0   0   0   0   0     0    0    0   0.662     22  0.00
  149  149     0   0   0   0   0   0   0   0   0   0   0   0   0   0   0   0  13   0   0  88     0    0    0   0.377     12  0.00
  150  150     0   0   0   0 100   0   0   0   0   0   0   0   0   0   0   0   0   0   0   0     0    0    0   0.000      0  0.00
  151  151     0   0   0   0   0   0   0   0   0   0   0   0   0   0   0   0   0  13   0  88     0    0    0   0.377     12  0.00
  152  152     0   0   0   0   0   0   0   0  13   0   0   0   0   0  63  13   0   0   0  13     0    0    0   1.074     35  0.00
  153  153    38   0  63   0   0   0   0   0   0   0   0   0   0   0   0   0   0   0   0   0     0    0    0   0.662     22  0.00
  154  154     0   0   0   0 100   0   0   0   0   0   0   0   0   0   0   0   0   0   0   0     0    0    0   0.000      0  0.00
  155  155     0   0   0   0   0   0   0   0  29   0   0   0   0   0   0   0   0  71   0   0     0    0    0   0.598     19  0.00
  156  156     0   0   0   0   0   0   0   0   0   0  14   0   0   0   0   0   0   0   0  86     0    0    0   0.410     13  0.00
  157  157     0   0   0   0   0   0   0 100   0   0   0   0   0   0   0   0   0   0   0   0     0    0    0   0.000      0  0.00
  158  158     0   0   0   0   0   0   0   0   0   0   0   0   0   0 100   0   0   0   0   0     0    0    0   0.000      0  0.00
  159  159     0   0   0   0   0   0   0   0   0   0   0   0   0   0   0   0   0  71   0  29     0    0    0   0.598     19  0.00
  160  160     0   0   0   0   0   0   0   0   0   0  14  71   0   0   0   0  14   0   0   0     0    0    0   0.796     26  0.00
  161  161     0   0   0   0  86   0  14   0   0   0   0   0   0   0   0   0   0   0   0   0     0    0    0   0.410     13  0.00
  162  162     0   0   0   0   0   0   0 100   0   0   0   0   0   0   0   0   0   0   0   0     0    0    0   0.000      0  0.00
//
