ID Pseudo hssp file.
SEQ 
SEQ gi|576418|pdb|5AT1|B Chain B, Aspartate Carbamoyltransferase (As...   284  5e-76
SEQ gi|231287|pdb|8ATC|B Chain B, Aspartate Carbamoyltransferase (As...   284  5e-76
SEQ gi|131737|sp|P00478|PYRI_ECOLI ASPARTATE CARBAMOYLTRANSFERASE RE...   282  2e-75
SEQ gi|5822588|pdb|9ATC|B Chain B, Atcase Y165f Mutant                    282  2e-75
SEQ gi|3891868|pdb|1NBE|B Chain B, Aspartate Transcarbomylase Regula...   280  8e-75
SEQ gi|494499|pdb|1RAA|B Chain B, Aspartate Transcarbamoylase (E.C.2...   277  6e-74
SEQ gi|494533|pdb|1RAI|D Chain D, Aspartate Transcarbamoylase (E.C.2...   277  6e-74
SEQ gi|131738|sp|P08421|PYRI_SALTY ASPARTATE CARBAMOYLTRANSFERASE RE...   266  1e-70
SEQ gi|229278|prf||681084A transcarbamylase R,Asp [Escherichia coli]      247  5e-65
SEQ gi|230430|pdb|2ATC|B Chain B, Aspartate Carbamoyltransferase (As...   246  1e-64
SEQ gi|6013453|gb|AAF01339.1|AF190426_3 (AF190426) aspartate transca...   231  3e-60
SEQ gi|131739|sp|P19936|PYRI_SERMA ASPARTATE CARBAMOYLTRANSFERASE RE...   215  2e-55
SEQ gi|11257052|pir||A82067 aspartate carbamoyltransferase, regulato...   188  3e-47
SEQ gi|11387025|sp|P57451|PYRI_BUCAI ASPARTATE CARBAMOYLTRANSFERASE ...   180  7e-45
SEQ gi|3024498|sp|P96175|PYRI_VIBS2 ASPARTATE CARBAMOYLTRANSFERASE R...   159  1e-38
SEQ gi|11257060|pir||B81238 aspartate carbamoyltransferase, regulato...   140  1e-32
SEQ gi|11257058|pir||D82010 aspartate carbamoyltransferase regulator...   139  1e-32
SEQ gi|6647738|sp|O58452|PYRI_PYRHO ASPARTATE CARBAMOYLTRANSFERASE R...   123  1e-27
SEQ gi|14521525|ref|NP_127001.1| aspartate carbamoyltransferase, reg...   120  1e-26
SEQ gi|10584346|gb|AAG20943.1| (AE005160) aspartate carbamoyltransfe...   106  2e-22
SEQ gi|11497727|ref|NP_068948.1| aspartate carbamoyltransferase, reg...   104  4e-22
SEQ gi|13633498|sp|Q9HKM3|PYRI_THEAC ASPARTATE CARBAMOYLTRANSFERASE ...   103  1e-21
SEQ gi|6647703|sp|O26938|PYRI_METTH ASPARTATE CARBAMOYLTRANSFERASE R...   103  1e-21
SEQ gi|13541463|ref|NP_111151.1| Aspartate carbamoyltransferase regu...   100  9e-21
SEQ gi|3024507|sp|Q58801|PYRI_METJA ASPARTATE CARBAMOYLTRANSFERASE R...    91  8e-18
SEQ gi|3024495|sp|P74766|PYRI_SULAC ASPARTATE CARBAMOYLTRANSFERASE R...    91  1e-17
SEQ gi|11134174|sp|Q9UX07|PYRI_SULSO ASPARTATE CARBAMOYLTRANSFERASE ...    90  1e-17
SEQ gi|7433580|pir||B72547 probable aspartate carbamoyltransferase r...    77  9e-14
SEQ gi|1772605|emb|CAA71345.1| (Y10300) aspartate carbamoyltransfera...    59  2e-08
SEQ gi|6685820|sp|P96111|PYRB_THEMA PYRBI PROTEIN [INCLUDES: ASPARTA...    59  2e-08
SEQ gi|147481|gb|AAA24487.1| (M28578) ATCase regulatory protein (pyr...    56  3e-07
SEQ 
## SEQUENCE PROFILE AND ENTROPY
 SeqNo PDBNo   V   L   I   M   F   W   Y   G   A   P   S   T   C   H   R   K   Q   E   N   D  NOCC NDEL NINS ENTROPY RELENT WEIGHT
    1    1     0   0   0   0   0   0   0 100   0   0   0   0   0   0   0   0   0   0   0   0     0    0    0   0.000      0  0.00
    2    2    87   0  13   0   0   0   0   0   0   0   0   0   0   0   0   0   0   0   0   0     0    0    0   0.385     12  0.00
    3    3     0   0   0   0   0   0   0   0   6   0  26   0   0   0   3  13   0  52   0   0     0    0    0   1.243     41  0.00
    4    4     0   0   0   0   0   0   0   0  58  10   0   0   0   0   0  26   0   6   0   0     0    0    0   1.068     35  0.00
    5    5     0   0 100   0   0   0   0   0   0   0   0   0   0   0   0   0   0   0   0   0     0    0    0   0.000      0  0.00
    6    6     0   0   0   0   0   0   0   0   0   0   0   3   3   0  10  68   3  13   0   0     0    0    0   1.086     36  0.00
    7    7     0   0   0   0   0   0   0   0   3   0   6   0   6   0  35   6   0  10  26   6     0    0    0   1.761     58  0.00
    8    8     0   0   0   0   0   0   0 100   0   0   0   0   0   0   0   0   0   0   0   0     0    0    0   0.000      0  0.00
    9    9     3   0   0   0   0   0   3   0   0   0   3  90   0   0   0   0   0   0   0   0     0    0    0   0.424     14  0.00
   10   10   100   0   0   0   0   0   0   0   0   0   0   0   0   0   0   0   0   0   0   0     0    0    0   0.000      0  0.00
   11   11     0   0 100   0   0   0   0   0   0   0   0   0   0   0   0   0   0   0   0   0     0    0    0   0.000      0  0.00
   12   12     0   0   0   0   0   0   0   0   0   0   0   0   0   0   0   0   0   0   6  94     0    0    0   0.239      7  0.00
   13   13     0   0   0   0   0   0   0   0   0   0   0   0   0 100   0   0   0   0   0   0     0    0    0   0.000      0  0.00
   14   14     3   0  97   0   0   0   0   0   0   0   0   0   0   0   0   0   0   0   0   0     0    0    0   0.143      4  0.00
   15   15     0   0   0   0   0   0   0   0   0  90   0   3   0   0   0   0   0   0   3   3     0    0    0   0.424     14  0.00
   16   16     0   0   0   0   0   0   0   0  77   3  10   0   0   0   0   0   0  10   0   0     0    0    0   0.761     25  0.00
   17   17     0   0   0   0   0   0   3  42   0   0   0   0   0   0   0   3  35  13   3   0     0    0    0   1.329     44  0.00
   18   18     7   0  50   0   0   0   0   0   0   0   0   0   0   0  20  17   7   0   0   0     0    0    0   1.328     44  0.00
   19   19     0   0   0   0   0   0   7  70  20   0   3   0   0   0   0   0   0   0   0   0     0    0    0   0.865     28  0.00
   20   20     3  37   7   0  53   0   0   0   0   0   0   0   0   0   0   0   0   0   0   0     0    0    0   0.997     33  0.00
   21   21     0   3   0   0   0   0   0   0   6   0   0  10   0   0   6  68   3   0   3   0     0    0    0   1.176     39  0.00
   22   22    32  45  16   3   0   0   0   0   3   0   0   0   0   0   0   0   0   0   0   0     0    0    0   1.240     41  0.00
   23   23     0  84  10   0   0   0   0   0   0   0   0   0   0   0   6   0   0   0   0   0     0    0    0   0.550     18  0.00
   24   24     0   0   0   3   0   0   0   3   0   0  45   3   0   0  13  16   3   6   6   0     0    0    0   1.714     57  0.00
   25   25    10  52  29   0   0   0   0   0   3   0   0   0   0   0   0   0   6   0   0   0     0    0    0   1.214     40  0.00
   26   26     0  39   0   0  61   0   0   0   0   0   0   0   0   0   0   0   0   0   0   0     0    0    0   0.667     22  0.00
   27   27     0   0   0   0   0   0   0  26   0   0   3   0   0   0  13  55   0   0   0   3     0    0    0   1.165     38  0.00
   28   28     6  71  13   3   3   0   0   0   0   0   0   3   0   0   0   0   0   0   0   0     0    0    0   1.017     33  0.00
   29   29     0  13   0   0   0   0   6   3   0   3   3  48   0   6   3   3   3   0   3   3     0    0    0   1.855     61  0.00
   30   30     0   0   0   0   0   0   0   6   6   6   0   0   0   6   0   6   0  45   6  16     0    0    0   1.714     57  0.00
   31   31    16   6   0   0   0   0   6   3   0   3  10  52   0   3   0   0   0   0   0   0     0    0    0   1.548     51  0.00
   32   32     0   0   0   0   0   0   0   6   3   0   3   3   0   0   6   3   6  13   3  52     0    0    0   1.690     56  0.00
   33   33     0   3   0   0   0   0  10   6   0   0  10   3   0   0   0   3  42   0  13  10     0    0    0   1.816     60  0.00
   34   34     0   0   0   0   0   0   0   0  16   0   6  10   0   0  61   3   3   0   0   0     0    0    0   1.219     40  0.00
   35   35    39   0  55   0   0   0   0   0   0   0   0   0   0   0   0   0   0   0   0   6     0    0    0   0.874     29  0.00
   36   36     0   6   0   3   0   0   0   6  10   0  10  65   0   0   0   0   0   0   0   0     0    0    0   1.199     40  0.00
   37   37    23  16  58   3   0   0   0   0   0   0   0   0   0   0   0   0   0   0   0   0     0    0    0   1.057     35  0.00
   38   38    10   0   0   0   0   0   0  69  21   0   0   0   0   0   0   0   0   0   0   0     0    0    0   0.817     27  0.00
   39   39     0  52  14  24  10   0   0   0   0   0   0   0   0   0   0   0   0   0   0   0     0    0    0   1.192     39  0.00
   40   40     0   0   0   0   0   0   0   0   0   0   0   0   0   7   0   0   0   0  93   0     0    0    0   0.251      8  0.00
   41   41    29  58   0   3   6   0   0   0   3   0   0   0   0   0   0   0   0   0   0   0     0    0    0   1.073     35  0.00
   42   42     0   0   0   0   0   0   0   0   0  77   0   3   0   0   6   0   0   6   0   6     0    0    0   0.839     28  0.00
   43   43     0   0   0   0   0   0   0   0   0   0 100   0   0   0   0   0   0   0   0   0     0    0    0   0.000      0  0.00
   44   44     0   0   0   0   0   0   0  39   0   0  23   0   0   3   0  26   0   3   6   0     0    0    0   1.451     48  0.00
   45   45     0   0   0   0   0   0   0   0   3   0   0   6   0   0   3  32   3  42   0  10     0    0    0   1.465     48  0.00
   46   46     0  23   3  52   0   0   0  10   0   0   0   0   0   3   0   3   6   0   0   0     0    0    0   1.413     47  0.00
   47   47     0   0   0   0   0   0   0  84   0   0   6   3   0   3   0   0   0   3   0   0     0    0    0   0.657     21  0.00
   48   48     0   0   0   0  10   0   3   0   0   0  13   3   0   0  61  10   0   0   0   0     0    0    0   1.238     41  0.00
   49   49     0   0   0   0   0   0   0   0   0   0   0   0   0   0   0 100   0   0   0   0     0    0    0   0.000      0  0.00
   50   50     0   0   0   0   0   0   0   6   0   0   0   0   0   0   0   0   0   0   0  94     0    0    0   0.239      7  0.00
   51   51     6  48  39   0   0   0   6   0   0   0   0   0   0   0   0   0   0   0   0   0     0    0    0   1.072     35  0.00
   52   52    23  10  68   0   0   0   0   0   0   0   0   0   0   0   0   0   0   0   0   0     0    0    0   0.826     27  0.00
   53   53     0   0   0   0   0   0   0   0   0   0   6   0   0   0   0  94   0   0   0   0     0    0    0   0.239      7  0.00
   54   54    13   6  81   0   0   0   0   0   0   0   0   0   0   0   0   0   0   0   0   0     0    0    0   0.615     20  0.00
   55   55     0   0   0   0   0   0   0   0   0   6   0   0   0   0   0   6   0  87   0   0     0    0    0   0.474     15  0.00
   56   56     0   0   0   0   0   0   0  26   0   0   0   0   0   0   0   0   0   0  61  13     0    0    0   0.914     30  0.00
   57   57    10   0   3   3   0   0   3   0   0   0   0  48   0   0  26   6   0   0   0   0     0    0    0   1.436     47  0.00
   58   58     3   0   0   0  61   0   6   0   0   0   3   0   6   0   0   3   0  16   0   0     0    0    0   1.280     42  0.00
   59   59     0  81  16   0   0   0   0   0   0   3   0   0   0   0   0   0   0   0   0   0     0    0    0   0.579     19  0.00
   60   60     0   0   0   0   0   0   0   0   0   0  58  13   0   0   6   6   0   0   0  16     0    0    0   1.228     40  0.00
   61   61     0   0   0   0   0   0   0   0   0   3   0   0   0   0   3  16   6  52   0  19     0    0    0   1.352     45  0.00
   62   62     0   0   0   0   0   0   0   0   3   0   7   3   0   0   3  17   3  20   7  37     0    0    0   1.803     60  0.00
   63   63     0   0   0   0   0   0   0   0   7   0   0   0   0   0   0   0  47  40   0   7     0    0    0   1.083     36  0.00
   64   64    55  13  10   0   0   0   0   0  23   0   0   0   0   0   0   0   0   0   0   0     0    0    0   1.156     38  0.00
   65   65     0   0   0   0   0   0   0   0   0   0   3   0   0   0   0   7   0   3  33  53     0    0    0   1.109     37  0.00
   66   66     7   7   0   7   0   0   0   0   0   0   0   0   0   0   7  23  47   3   0   0     0    0    0   1.531     51  0.00
   67   67     0  71  29   0   0   0   0   0   0   0   0   0   0   0   0   0   0   0   0   0     0    0    0   0.602     20  0.00
   68   68     0   0   0   0   0   0   0   3  71   0  19   6   0   0   0   0   0   0   0   0     0    0    0   0.849     28  0.00
   69   69     3  81   6   3   0   0   0   0   6   0   0   0   0   0   0   0   0   0   0   0     0    0    0   0.749     24  0.00
   70   70     6   3  32   0   6   0  48   0   0   0   0   3   0   0   0   0   0   0   0   0     0    0    0   1.291     43  0.00
   71   71     0   0   0   0   0   0   0   0  87   0  13   0   0   0   0   0   0   0   0   0     0    0    0   0.385     12  0.00
   72   72     0   0   0   0   0   0   0   0   0 100   0   0   0   0   0   0   0   0   0   0     0    0    0   0.000      0  0.00
   73   73     0   0   0   0   0   0   0   3   0   0   3   6   0  10   3   3  35   6  23   6     0    0    0   1.903     63  0.00
   74   74     3   0   0   0   0   0   0   0  90   0   0   6   0   0   0   0   0   0   0   0     0    0    0   0.380     12  0.00
   75   75     6   0   0   0   0   0   0   0   3   0   0  90   0   0   0   0   0   0   0   0     0    0    0   0.380     12  0.00
   76   76    71   0  26   0   3   0   0   0   0   0   0   0   0   0   0   0   0   0   0   0     0    0    0   0.704     23  0.00
   77   77     0   0   0   0   0   0   0   0   0   0   6   0   0   0   0   0   0   0  94   0     0    0    0   0.239      7  0.00
   78   78     3   3  39   0   0   0   3   0   0   0   0   6   0   0  42   0   3   0   0   0     0    0    0   1.352     45  0.00
   79   79    10   0  90   0   0   0   0   0   0   0   0   0   0   0   0   0   0   0   0   0     0    0    0   0.318     10  0.00
   80   80     0   0   0   0   0   0   0   0   0   0   0   0   0   0  26  13   0  10  10  42     0    0    0   1.430     47  0.00
   81   81     0   0   0   0   0   0   0   0   0   0   0   0   0   3   0   0   0   6  61  29     0    0    0   0.947     31  0.00
   82   82     0   0   0   0  10   0  81   3   0   0   6   0   0   0   0   0   0   0   0   0     0    0    0   0.687     22  0.00
   83   83     3   0   0   0   0   0   0   0   0   0   0   6   0   0   0  26   0  58   3   3     0    0    0   1.174     39  0.00
   84   84    84   3  13   0   0   0   0   0   0   0   0   0   0   0   0   0   0   0   0   0     0    0    0   0.523     17  0.00
   85   85    81   0   0   0   0   0   0   0   0   0   6   6   0   0   0   0   0   3   0   3     0    0    0   0.749     24  0.00
   86   86     0   0   0   0   0   0   0  35   3   0   0   0   0   0  10   6   6  35   0   3     0    0    0   1.536     51  0.00
   87   87     0   0   0   0   0   0   0   0   0   0   0   0   0   0   0 100   0   0   0   0     0    0    0   0.000      0  0.00
   88   88     6  10   3   0  16   0   6   0   3   0  35   3   0   3  13   0   0   0   0   0     0    0    0   1.949     65  0.00
   89   89     0   0   0   0   3   0   0   0   6   0   3   3   0  10  45  26   3   0   0   0     0    0    0   1.554     51  0.00
   90   90    23  26   6   0   0   0   0   0   0  45   0   0   0   0   0   0   0   0   0   0     0    0    0   1.221     40  0.00
   91   91     0   0   0   0   0   0   0   0   3   0  42   6   0   0   3  10   6  19   6   3     0    0    0   1.771     59  0.00
   92   92    13  77   3   0   0   0   0   0   0   3   0   0   0   0   3   0   0   0   0   0     0    0    0   0.795     26  0.00
   93   93     0   0   0   3   0   0   0   0   0  97   0   0   0   0   0   0   0   0   0   0     0    0    0   0.143      4  0.00
   94   94     0   0   0   0   0   0   0   0   0  10   3   0   0   0   0  10   0  52   0  26     0    0    0   1.254     41  0.00
   95   95    16   0   0   0   0   0   0   0   0   0   0  10   0   6  42   3   3  19   0   0     0    0    0   1.601     53  0.00
   96   96    19   6  65   0   0   0   0   0   0   0   3   0   0   0   0   0   0   0   6   0     0    0    0   1.065     35  0.00
   97   97     0   0  13   0   0   0   6   0  10   0   0   0   0   0   6   3   3  19   6  32     0    0    0   1.925     64  0.00
   98   98     0   0   0   0   0   0   0  45   0   0   0   0   0   0   6   0   0   6  35   6     0    0    0   1.257     41  0.00
   99   99    68   3  19   0   6   0   0   0   0   0   0   3   0   0   0   0   0   0   0   0     0    0    0   0.980     32  0.00
  100  100     0  81   6   0  13   0   0   0   0   0   0   0   0   0   0   0   0   0   0   0     0    0    0   0.615     20  0.00
  101  101    35   0   3   0   0   0   0   0   3   3   3   6   0   0  23  23   0   0   0   0     0    0    0   1.660     55  0.00
  102  102     0   0   0   0   0   0   0   0   0   0   0   0 100   0   0   0   0   0   0   0     0    0    0   0.000      0  0.00
  103  103     0   0   0   0   0   0   0   6   0  77   0   3   0   0   0  13   0   0   0   0     0    0    0   0.750     25  0.00
  104  104     0   0   0   0   0   0   0   0   0   0   0   0   0   0   0   0   0   0  94   6     0    0    0   0.239      7  0.00
  105  105     0   0   0   0   0   0   0   3   0  26  48   6   0   3   0   0   6   6   0   0     0    0    0   1.453     48  0.00
  106  106     0   0   0   0   0   0   3   0   3   0   0   3   0   0   0   0   3   0  87   0     0    0    0   0.563     18  0.00
  107  107     0   0   0   0   0   0   0   0   0   0   0   0 100   0   0   0   0   0   0   0     0    0    0   0.000      0  0.00
  108  108     3   0  90   0   0   0   0   0   6   0   0   0   0   0   0   0   0   0   0   0     0    0    0   0.380     12  0.00
  109  109     0   0   0   0   0   0   0   3   0   0  52  45   0   0   0   0   0   0   0   0     0    0    0   0.811     27  0.00
  110  110     0   0   0   0   0   0   0   0   0   0   3   0   0  55  10   0   0   0  32   0     0    0    0   1.031     34  0.00
  111  111     0   0   0   0   0   0   3  16  39   0  10   6   0   6   0   6   0   0  10   3     0    0    0   1.866     62  0.00
  112  112     0   0   0   0   0   0   0   0   0   0   0   0   0   3   0   0   0  90   0   6     0    0    0   0.380     12  0.00
  113  113     6   3   0   0   0   0   6   3   0  68   0   0   0   0   3   3   0   0   6   0     0    0    0   1.237     41  0.00
  114  114    77   0   6   0   0   0   0   0   6   0   0   0   0   0   0   0   0  10   0   0     0    0    0   0.778     25  0.00
  115  115     0   0   3   0   3   0   0   0   6   0  42  10   0   0  10  13   0  10   3   0     0    0    0   1.816     60  0.00
  116  116     0   0   3   0   0   0   0   3   3  13  65   6   0   0   0   0   0   3   3   0     0    0    0   1.278     42  0.00
  117  117     0   0   0   0   0   0   0   3   0   3  65   0   0   0  10  13   0   6   0   0     0    0    0   1.171     39  0.00
  118  118     0   0   0   0  90   0   0   0   0   0   0   3   0   0   3   3   0   0   0   0     0    0    0   0.424     14  0.00
  119  119     6   0   3   3   6   0  19   0  39   0   3   3   0   0   0   6   0   6   0   3     0    0    0   1.946     64  0.00
  120  120    65   6  19   0   0   0   0   0   0   0   0   0   0   0   6   3   0   0   0   0     0    0    0   1.065     35  0.00
  121  121     6   6   9   0   0   0   0   0   0   0   3   6   0   0  34  25   0   3   6   0     0    0    0   1.845     61  0.00
  122  122     3   3   3   3   0   0   0   0   0   0  24   3   0   0   0  41   3  14   0   0     0    0    0   1.678     56  0.00
  123  123     0   0   3   0   0   0   0   0   0   0   6   3   0   6  52  19   3   6   0   0     0    0    0   1.522     50  0.00
  124  124     0   0   4   0   4   0   0  12  52   0   0   0   0   0   0   4   4   8  12   0     0    0    0   1.566     52  0.00
  125  125     0   0   0   3   3   0   0  13   0   0   0   0   0   7   0   7   7   7  43  10     0    0    0   1.810     60  0.00
  126  126     0   0   0   0   6   0   0   0   0  29   0   0   0   0   3   0   6   3   6  45     0    0    0   1.470     49  0.00
  127  127     9  22  50   3   0   0   0   0   3   3   0   6   0   0   0   0   0   0   0   3     0    0    0   1.507     50  0.00
  128  128     7   3   0   0   0   0   0   7  43   0   0   3   0   7  10  17   0   0   3   0     0    0    0   1.773     59  0.00
  129  129     7  73   7   7   0   0   3   0   3   0   0   0   0   0   0   0   0   0   0   0     0    0    0   0.996     33  0.00
  130  130     0   0   0   0   0   0   0   0   0   0   0   0   0   0  33  67   0   0   0   0     0    0    0   0.637     21  0.00
  131  131     0   0   0   0   0   0   0   0   0   0   0   0 100   0   0   0   0   0   0   0     0    0    0   0.000      0  0.00
  132  132     9   0   0   0   0   0   6   0   0   0   0   0   0  16   3  53   3   9   0   0     0    0    0   1.460     48  0.00
  133  133     0   0   0   0   0   0 100   0   0   0   0   0   0   0   0   0   0   0   0   0     0    0    0   0.000      0  0.00
  134  134     0   0   0   0   0   0   0   0   0   0   0   0 100   0   0   0   0   0   0   0     0    0    0   0.000      0  0.00
  135  135     0   0   0   0   0   0   0   3   0   0   0   0   0   0   0   0   3  94   0   0     0    0    0   0.284      9  0.00
  136  136     0   0   0   3   0   0   0   0   0   0   0  10   0   0  19  65   3   0   0   0     0    0    0   1.048     34  0.00
  137  137     4   0   7   0   0   0   4   0   0   7   0  19   0   0   0   4   0  56   0   0     0    0    0   1.391     46  0.00
  138  138     4   0  11   7  63   0   7   0   0   0   0   0   0   7   0   0   0   0   0   0     0    0    0   1.236     41  0.00
  139  139     0   0   0   0   0   0   4   0   7   0  67   4   0   0   0   0   0  15   0   4     0    0    0   1.112     37  0.00
  140  140     0   0   0   0   0   0   0   0   0   0   0   0   0  52  16   8   0  20   4   0     0    0    0   1.286     42  0.00
  141  141     0   0   0   0   0   0   4   0   0   0   0   0   0   4   0   4   4  13  50  21     0    0    0   1.463     48  0.00
  142  142    63   0  13   0   0   0   0   0   0   0   8   0   0   0   0   0   0  13   0   4     0    0    0   1.153     38  0.00
  143  143    87   0  13   0   0   0   0   0   0   0   0   0   0   0   0   0   0   0   0   0     0    0    0   0.387     12  0.00
  144  144     0  85   5   5   0   0   0   0   0   0   0   5   0   0   0   0   0   0   0   0     0    0    0   0.588     19  0.00
  145  145     0   0   0   0   0   0   0   6  83   0  11   0   0   0   0   0   0   0   0   0     0    0    0   0.557     18  0.00
  146  146     0   0   0   0   0   0   0   0   0   0   0   0   0   7   0   0   0   0  93   0     0    0    0   0.245      8  0.00
//
